{
    "accuracy": 0.605,
    "classification_report": "              precision    recall  f1-score   support\n\n           0       0.67      0.60      0.63        20\n           1       0.85      0.55      0.67        20\n           2       0.86      0.60      0.71        20\n           3       0.54      0.35      0.42        20\n           4       0.64      0.35      0.45        20\n           5       0.75      0.90      0.82        20\n           6       0.52      0.70      0.60        20\n           7       0.50      0.75      0.60        20\n           8       0.60      0.75      0.67        20\n           9       0.40      0.50      0.44        20\n\n    accuracy                           0.60       200\n   macro avg       0.63      0.60      0.60       200\nweighted avg       0.63      0.60      0.60       200\n",
    "y_score": [
        [
            0.05742277167277167,
            0.06504334554334554,
            0.025202380952380952,
            0.0973200688200688,
            0.06122374847374847,
            0.39541163003663,
            0.04443589743589744,
            0.03254166666666667,
            0.13009848484848482,
            0.09130000555000554
        ],
        [
            0.2604592156209803,
            0.10309702225878693,
            0.09679925466690172,
            0.12318846796478373,
            0.02466045392515981,
            0.1335982057158528,
            0.0357861572551975,
            0.047446311858076566,
            0.03926522007404361,
            0.13569969066021698
        ],
        [
            0.05654826546003015,
            0.05461295648795648,
            0.17283342839650884,
            0.008310897435897436,
            0.2439017592314806,
            0.09794274026626967,
            0.06053541066776361,
            0.21956018856444554,
            0.02918488455988456,
            0.05656946892976304
        ],
        [
            0.11543312243312241,
            0.029238317238317234,
            0.04253058053058052,
            0.12535023310023308,
            0.0358538961038961,
            0.19254471100794623,
            0.024225579975579975,
            0.09787601287601287,
            0.26009065934065917,
            0.0768568873936521
        ],
        [
            0.12622922910422912,
            0.14264185814185815,
            0.06691680541680539,
            0.1489598457098457,
            0.05142207792207792,
            0.11983344433344435,
            0.024975732600732607,
            0.03465656565656566,
            0.1859631757131757,
            0.09840126540126537
        ],
        [
            0.0441260545010545,
            0.0470721916971917,
            0.08347876976824344,
            0.057224705849705834,
            0.16819941006705716,
            0.030440474729948416,
            0.29863826051829145,
            0.16646317936449515,
            0.016523920523920523,
            0.08783303298009178
        ],
        [
            0.04482983682983683,
            0.15717260517260517,
            0.0830932262182262,
            0.06259881784881784,
            0.12157767232767233,
            0.12569744144744147,
            0.045285936285936274,
            0.034383699633699645,
            0.07907323232323232,
            0.24628753191253197
        ],
        [
            0.03146464646464646,
            0.0724953184070831,
            0.24932672556201976,
            0.030607864357864355,
            0.1780604754722402,
            0.11544311244311244,
            0.058654928404928405,
            0.14464173408291056,
            0.02277236652236652,
            0.09653282828282828
        ],
        [
            0.01513888888888889,
            0.020877289377289374,
            0.14308676454264688,
            0.008325396825396824,
            0.288605014266779,
            0.051718392718392715,
            0.018103174603174604,
            0.4215038311361841,
            0.009949494949494951,
            0.022691752691752692
        ],
        [
            0.08662173791121158,
            0.08415739622434668,
            0.05862340334244359,
            0.08439385103200892,
            0.07901600197188431,
            0.2684925780703644,
            0.12057487232409832,
            0.035140077028234934,
            0.05760889299898587,
            0.12537118909642125
        ],
        [
            0.20087198912198903,
            0.09878761516261514,
            0.03438308913308914,
            0.1578203046953047,
            0.056518176268176276,
            0.015474025974025975,
            0.12463392163392165,
            0.03271703296703297,
            0.16052443389943388,
            0.11826941114441114
        ],
        [
            0.1506961012843366,
            0.11166726574079514,
            0.08676152442328913,
            0.21128735969912438,
            0.048040376290376295,
            0.1382625691302162,
            0.027642411510058574,
            0.02637673437673438,
            0.09277186702186702,
            0.10649379052320229
        ],
        [
            0.1732070152070152,
            0.12087753912753911,
            0.04839790764790765,
            0.06132178932178932,
            0.057004342879342876,
            0.024883047508047505,
            0.038161838161838164,
            0.03355638805638806,
            0.31066777666777656,
            0.13192235542235545
        ],
        [
            0.15926733070850715,
            0.05524134199134197,
            0.06796536796536796,
            0.17670740370740368,
            0.037019092019092016,
            0.02071266233766234,
            0.0086985236985237,
            0.010858585858585859,
            0.38470349993144104,
            0.07882619178207412
        ],
        [
            0.02953113553113553,
            0.08584615384615382,
            0.1545300394050394,
            0.1569325143810438,
            0.11522143624349508,
            0.20413010600510595,
            0.0136985236985237,
            0.0688235236985237,
            0.03677162380103557,
            0.13451494338994338
        ],
        [
            0.0783470140970141,
            0.11303174603174602,
            0.06959235209235208,
            0.2841453268953269,
            0.011649572649572648,
            0.0029444444444444444,
            0.2907137862137862,
            0.002929292929292929,
            0.10079184704184703,
            0.045854617604617606
        ],
        [
            0.12989466089466092,
            0.10400747863247865,
            0.01874242424242424,
            0.16841213198566135,
            0.016920168067226894,
            0.08767191142191141,
            0.022243617493617494,
            0.008483585858585859,
            0.3303829291623409,
            0.11324109224109223
        ],
        [
            0.04031171769407063,
            0.08477914569091037,
            0.08475468159291687,
            0.042675657675657674,
            0.11933086358086359,
            0.18188666725431424,
            0.07554729992229992,
            0.13902526150320269,
            0.09044018889607124,
            0.14124851618969264
        ],
        [
            0.17669680319680317,
            0.041798812298812306,
            0.020987484737484737,
            0.1392128427128427,
            0.025880952380952383,
            0.061375,
            0.03381818181818182,
            0.02145467032967033,
            0.3873897075147077,
            0.09138554501054501
        ],
        [
            0.07926312576312575,
            0.11020324120324121,
            0.18933578409894194,
            0.07494985569985568,
            0.04586213786213786,
            0.05758904837852206,
            0.26090504232609496,
            0.005488529014844804,
            0.0609512987012987,
            0.11545193695193698
        ],
        [
            0.0580931466194624,
            0.11404676609939765,
            0.1746507397830927,
            0.10824092428039797,
            0.03665315240315241,
            0.0887659796344007,
            0.039866716616716626,
            0.0772903012020659,
            0.14045762467666492,
            0.1619346486846487
        ],
        [
            0.11169813519813518,
            0.11127218322613058,
            0.14190748140748133,
            0.13424932085458402,
            0.07147077922077921,
            0.03742781195412774,
            0.14450410554357918,
            0.05951262626262627,
            0.04162734487734488,
            0.14633021145521144
        ],
        [
            0.1974495226995227,
            0.09692721983898452,
            0.03942307692307692,
            0.35428049728049726,
            0.014871295371295373,
            0.05243048618048617,
            0.029443027560674625,
            0.014001044706927061,
            0.10607767232767236,
            0.09509615711086301
        ],
        [
            0.03255555555555555,
            0.03361021331609566,
            0.44922660999131575,
            0.01102485380116959,
            0.16036685536685533,
            0.09242983405483404,
            0.07162612284516308,
            0.08441671645348116,
            0.009893790849673203,
            0.054849447765856436
        ],
        [
            0.4244887432828609,
            0.044248047703930045,
            0.025415537077301785,
            0.1443585581085581,
            0.016685915391797746,
            0.06700042849307553,
            0.05953937892173186,
            0.0171617434852729,
            0.126143508452332,
            0.07495813908313909
        ],
        [
            0.06183677433677432,
            0.547405519317284,
            0.038557692307692314,
            0.07905512543012543,
            0.03615275410863647,
            0.027148310023310022,
            0.07467652608829078,
            0.02989577497665733,
            0.019630341880341885,
            0.0856411815308874
        ],
        [
            0.0933582251082251,
            0.03174059274059274,
            0.10123599865047232,
            0.12130656843156842,
            0.07993253968253967,
            0.1524385322280059,
            0.05267134181607866,
            0.1642524179037337,
            0.16779455266955265,
            0.03526923076923077
        ],
        [
            0.1200409292290097,
            0.11342519322782478,
            0.08800400416576887,
            0.13788092317039682,
            0.05190631590631591,
            0.16338172336779141,
            0.0636080586080586,
            0.03108979908979909,
            0.10974882857080999,
            0.12091422466422465
        ],
        [
            0.04813121600621599,
            0.06706898656898655,
            0.10009905780494015,
            0.038246753246753244,
            0.15825657675657673,
            0.3242866634998988,
            0.03088034188034188,
            0.0891981351981352,
            0.07537894050394046,
            0.06845332853421086
        ],
        [
            0.03947422022422023,
            0.06913955652190946,
            0.058365382983030026,
            0.03304978354978355,
            0.14957675657675654,
            0.36455841380841375,
            0.024097846597846605,
            0.12547047397047395,
            0.05475346875346875,
            0.08151409701409701
        ],
        [
            0.13049630924630917,
            0.10540112665112666,
            0.08591103341103339,
            0.16349825174825175,
            0.05280613830613831,
            0.03716530691530692,
            0.27759956709956707,
            0.010476301476301478,
            0.08890306915306917,
            0.04774289599289599
        ],
        [
            0.013394383394383395,
            0.09068452789041023,
            0.42318213893949186,
            0.0173016983016983,
            0.16099320124320124,
            0.07875148462648462,
            0.04787253432841668,
            0.14216905316905318,
            0.007436868686868687,
            0.018214109419991773
        ],
        [
            0.03717640692640693,
            0.09792202242202244,
            0.05832414807414807,
            0.06153672716172716,
            0.17269637307137306,
            0.34249118936618944,
            0.02313034188034188,
            0.07571639471639471,
            0.029243617493617494,
            0.10176277888777889
        ],
        [
            0.284289072039072,
            0.045404761904761906,
            0.10149734476050265,
            0.10269430569430568,
            0.18880589658879132,
            0.026538548439864224,
            0.02264957264957265,
            0.11831497157812944,
            0.018059274059274058,
            0.09174625228572598
        ],
        [
            0.031658081684397474,
            0.5692211733914521,
            0.03125585525585526,
            0.0668465811793985,
            0.05741313261901497,
            0.05711771888242476,
            0.06182814407814408,
            0.036511904761904766,
            0.04292832167832167,
            0.04521908646908646
        ],
        [
            0.032388500388500385,
            0.10569210364798601,
            0.0880763403263403,
            0.1157392884892885,
            0.13684801554654494,
            0.008435451803098862,
            0.30991596393802273,
            0.05383261183261183,
            0.03164393939393939,
            0.11742778463366697
        ],
        [
            0.024547979797979798,
            0.09939020130196602,
            0.07932151182151183,
            0.04348484848484848,
            0.04572399822399822,
            0.03998484848484849,
            0.11301612113376816,
            0.03937772358360594,
            0.03610664335664336,
            0.47904612381082956
        ],
        [
            0.024668220668220667,
            0.02103929403929404,
            0.1326077256077256,
            0.01931558719058719,
            0.3258137181446004,
            0.05275840825840825,
            0.024135243841126197,
            0.3420775531657884,
            0.01946897546897547,
            0.038115273615273615
        ],
        [
            0.02253675856307435,
            0.1104459331088588,
            0.3221307679248855,
            0.01948345952293321,
            0.1431021478521478,
            0.0920798463232674,
            0.14147541674012265,
            0.07406483793983792,
            0.014472494610652507,
            0.060208337414219756
        ],
        [
            0.28818231381621473,
            0.028698634698634696,
            0.024972073677956036,
            0.13739812964812964,
            0.029074494949494947,
            0.04857726995226994,
            0.10094488844488846,
            0.06214357864357865,
            0.21061845077866753,
            0.06939016539016539
        ],
        [
            0.17205555555555552,
            0.12733333333333333,
            0.02919949494949495,
            0.13780487567987568,
            0.03275901875901876,
            0.047520202020202004,
            0.03447280497280498,
            0.031414141414141415,
            0.2745304001554001,
            0.11291017316017316
        ],
        [
            0.16928749028749024,
            0.10299956987456987,
            0.030190476190476195,
            0.14704406704406703,
            0.038844183594183596,
            0.02595959595959596,
            0.05167100954600954,
            0.07638930513930514,
            0.1687624042624043,
            0.18885189810189815
        ],
        [
            0.028872294372294372,
            0.031344017094017095,
            0.13297714274030062,
            0.04120787545787545,
            0.24856844398291766,
            0.04673644776276355,
            0.01582850482850483,
            0.332547122468175,
            0.028948162948162947,
            0.09296998834498833
        ],
        [
            0.5629307571513453,
            0.06096687462863931,
            0.015531746031746032,
            0.05725638740344622,
            0.02461111111111111,
            0.047090580171462525,
            0.021597222222222223,
            0.03771464646464647,
            0.10362428910958318,
            0.06867638570579747
        ],
        [
            0.06083387445887446,
            0.149131327006327,
            0.0616971916971917,
            0.16277122877122877,
            0.02250768675768676,
            0.1600078255078255,
            0.02968539793539794,
            0.02081060606060606,
            0.2085562631812632,
            0.12399859862359859
        ],
        [
            0.0424295051353875,
            0.04425274725274726,
            0.017181372549019608,
            0.10936557886557884,
            0.028388888888888887,
            0.3845960012210013,
            0.03676556776556777,
            0.0397110805860806,
            0.2088254596710479,
            0.08848379806468039
        ],
        [
            0.02774009324009324,
            0.11207082215170448,
            0.06697212509712508,
            0.056674644799644784,
            0.08101821054762227,
            0.022551710544357603,
            0.5225312612224376,
            0.019374098124098123,
            0.02495609945609946,
            0.06611093481681717
        ],
        [
            0.028885392385392384,
            0.47006107342949455,
            0.021940476190476187,
            0.09060697635697634,
            0.09905411255411253,
            0.03276884226884227,
            0.09940515478673373,
            0.08042171717171717,
            0.03073637473637473,
            0.046119880119880115
        ],
        [
            0.04305304499422146,
            0.07362165612165612,
            0.14725753821342055,
            0.06788095238095239,
            0.14113442113442115,
            0.036232767232767235,
            0.0643400945459769,
            0.17008033633033634,
            0.019227018079959253,
            0.23717217096628854
        ],
        [
            0.01353846153846154,
            0.01922059313235784,
            0.11116410386998624,
            0.02370833333333333,
            0.1622903379300438,
            0.028245532245532244,
            0.020447986653869002,
            0.5286954516072164,
            0.02965909090909091,
            0.06303010878010878
        ],
        [
            0.025555555555555557,
            0.048430771842536545,
            0.07893351948189407,
            0.020906204906204907,
            0.30299416111064714,
            0.03789588597676832,
            0.0347411934470758,
            0.37750273376434357,
            0.0047272727272727275,
            0.06831270118770118
        ],
        [
            0.05711396936396937,
            0.09584733322233319,
            0.17035198135198132,
            0.044074397824397836,
            0.07065813353313351,
            0.0930990120990121,
            0.046538933288933285,
            0.05573917748917749,
            0.1020524198024198,
            0.26452464202464193
        ],
        [
            0.02768009768009768,
            0.09689532689532689,
            0.1722623765123765,
            0.03986292873792873,
            0.2562310051060051,
            0.0949226884226884,
            0.03527794427794428,
            0.1633349428349428,
            0.02399145299145299,
            0.08954123654123651
        ],
        [
            0.049428755455071235,
            0.09009965765228924,
            0.03923484848484849,
            0.046340297129770815,
            0.039920745920745924,
            0.4829481863166073,
            0.05467526917526917,
            0.04446703296703296,
            0.05508905860221651,
            0.09779614829614827
        ],
        [
            0.15788338415969994,
            0.013681429681429682,
            0.05892027253791961,
            0.11286264612580403,
            0.07927347652347652,
            0.03756228330493037,
            0.027007326007326013,
            0.09604576855892644,
            0.3840034924655667,
            0.032759920634920635
        ],
        [
            0.20013517038517037,
            0.13074769674769673,
            0.060249805749805756,
            0.15416314241314247,
            0.035095238095238096,
            0.023797008547008548,
            0.14437515262515263,
            0.005666666666666666,
            0.1641903929403929,
            0.08157972582972584
        ],
        [
            0.1346878121878122,
            0.17077064602064598,
            0.0147264541014541,
            0.2442776251526251,
            0.01854004329004329,
            0.06129365079365079,
            0.04241433566433567,
            0.013159090909090908,
            0.11449433899433897,
            0.18563600288600285
        ],
        [
            0.13837548562548563,
            0.1444022089022089,
            0.18564802741118527,
            0.17458025308025305,
            0.04977777777777778,
            0.05663772192719562,
            0.10591569833675095,
            0.015813315339631127,
            0.07725197025197025,
            0.05159754134754135
        ],
        [
            0.0928921633921634,
            0.3879020603579427,
            0.022451631701631704,
            0.1165369075369075,
            0.0439416718902013,
            0.010266842634489695,
            0.17142800745006626,
            0.02881421356421357,
            0.07287223887223887,
            0.05289426260014496
        ],
        [
            0.07608330558330557,
            0.12526150320267965,
            0.042936442642325,
            0.13166813741813743,
            0.0653514165572989,
            0.13916403041403044,
            0.09672605172605171,
            0.04535620180473122,
            0.13282277444777446,
            0.14463013620366558
        ],
        [
            0.10379285420461888,
            0.16242470029970024,
            0.1409190294999118,
            0.07313802863802864,
            0.06396552059052059,
            0.10654736766501471,
            0.05720670995670995,
            0.07273661387631974,
            0.10229666167166167,
            0.11697251359751357
        ],
        [
            0.26524234099234095,
            0.037299145299145305,
            0.02162576312576313,
            0.10717957042957042,
            0.025225330225330224,
            0.0733472222222222,
            0.03493366355866356,
            0.03356474081474082,
            0.32463272838272844,
            0.07694949494949493
        ],
        [
            0.12775456853088427,
            0.09021532853111798,
            0.09883864089127246,
            0.1575486764697291,
            0.03315358617990197,
            0.15198344710844708,
            0.05479761904761905,
            0.0032539682539682534,
            0.1267820512820513,
            0.15567211370500844
        ],
        [
            0.06526307026307027,
            0.04375946275946276,
            0.0931374875124875,
            0.03564794927294927,
            0.15746031501178556,
            0.10778592649180883,
            0.02985744973980268,
            0.17281590876443825,
            0.10543972693972693,
            0.1888327032444679
        ],
        [
            0.1827117743367743,
            0.0943138471006118,
            0.07649647574647575,
            0.11567791930291929,
            0.07380110167610168,
            0.02461858974358974,
            0.04771155070419777,
            0.08663134496222731,
            0.15930753968253972,
            0.13872985674456262
        ],
        [
            0.05802340551605258,
            0.07126886267327444,
            0.10601248751248749,
            0.04244256070726658,
            0.23189115459703696,
            0.06291793255763845,
            0.030354615972263032,
            0.23758658416746653,
            0.027254079254079255,
            0.1322483170424347
        ],
        [
            0.04247544122544123,
            0.08885320132224156,
            0.11924449728977592,
            0.05681945831945831,
            0.078697875224191,
            0.047191558441558444,
            0.10662022862758157,
            0.0916126651126651,
            0.11020321345321343,
            0.25828186098387346
        ],
        [
            0.09534271284271285,
            0.052467393717393715,
            0.09635506014453382,
            0.13223394660894658,
            0.1702615578865579,
            0.12469001685449056,
            0.058279095173832014,
            0.08595650548282126,
            0.1627012987012987,
            0.021712412587412588
        ],
        [
            0.04580830280830282,
            0.05468631368631369,
            0.13564297587517402,
            0.059109890109890116,
            0.18580424726632153,
            0.06909623709623709,
            0.022373626373626374,
            0.255304691610419,
            0.06104578754578755,
            0.11112792762792763
        ],
        [
            0.005813034188034189,
            0.018781468531468528,
            0.16178340776870187,
            0.006219988344988345,
            0.3030926834603305,
            0.020089799089799087,
            0.046549257931610875,
            0.4181166227563287,
            0.00884294871794872,
            0.01071078921078921
        ],
        [
            0.031030025530025537,
            0.16222040459540454,
            0.09170577521893307,
            0.050663114663114656,
            0.1461075948904896,
            0.0599217526539508,
            0.23737501550736845,
            0.09592701231517019,
            0.025684787434787436,
            0.09936451719075555
        ],
        [
            0.22024863410583226,
            0.045702020202020195,
            0.04225162745750981,
            0.0724631567263146,
            0.04215157065157065,
            0.06734035735506323,
            0.0858799395049395,
            0.0722224888974115,
            0.3018655797247128,
            0.04987462537462536
        ],
        [
            0.03281635031635032,
            0.45489430014430016,
            0.043320207570207575,
            0.04990494227994228,
            0.021018731268731265,
            0.054152278277278275,
            0.17436721611721612,
            0.027958333333333335,
            0.008837301587301586,
            0.13273033910533907
        ],
        [
            0.007575757575757576,
            0.050911616161616165,
            0.0556950271950272,
            0.010157828282828282,
            0.21503593791829081,
            0.013614657401422106,
            0.011833333333333333,
            0.6144554767128297,
            0.00702020202020202,
            0.013700163398692811
        ],
        [
            0.07332340225993478,
            0.06342283533460003,
            0.07553879204730599,
            0.14391387632835004,
            0.05154707792207792,
            0.09510492504571451,
            0.04554047981602162,
            0.028770440515796563,
            0.22028559211686144,
            0.20255257861333711
        ],
        [
            0.03277367077367078,
            0.050640637140637136,
            0.16659976134976134,
            0.014238206238206237,
            0.24018191530691527,
            0.03234426684426684,
            0.060446692196692194,
            0.2771331446331446,
            0.04912078199578199,
            0.07652092352092352
        ],
        [
            0.2011638853492568,
            0.10466259149347383,
            0.02514718614718615,
            0.09906602139690374,
            0.07283088561765033,
            0.04708188053776289,
            0.15600541615247498,
            0.05868452380952381,
            0.21687276101091893,
            0.01848484848484848
        ],
        [
            0.029630633255633258,
            0.06937985114300903,
            0.17466573046836206,
            0.013474747474747474,
            0.25221608332328144,
            0.06560303585303585,
            0.0636333127656657,
            0.24833995987672455,
            0.029513458763458768,
            0.0535431870760818
        ],
        [
            0.05509401709401709,
            0.11516636141636137,
            0.05880772005772005,
            0.067515984015984,
            0.1186872849372849,
            0.19257893495393494,
            0.019104728604728605,
            0.07049440836940836,
            0.10628410478410476,
            0.19626645576645577
        ],
        [
            0.09258086358086358,
            0.06145221445221445,
            0.1332491397491398,
            0.10104584304584303,
            0.12744216894216895,
            0.0779375901875902,
            0.029889610389610397,
            0.1848405622155622,
            0.103514097014097,
            0.08804791042291042
        ],
        [
            0.05203126285479226,
            0.09071751859251859,
            0.08576366117542587,
            0.16411044511044512,
            0.10301551226551225,
            0.03815390165390165,
            0.34744154456654447,
            0.05038827838827839,
            0.012430438842203548,
            0.0559474365503777
        ],
        [
            0.038623348873348874,
            0.011027777777777779,
            0.11202804548392781,
            0.028927960927960936,
            0.1534297679444738,
            0.022484126984126985,
            0.005671717171717172,
            0.5511286834080953,
            0.010503718503718505,
            0.06617485292485292
        ],
        [
            0.14526298701298695,
            0.06312240537240536,
            0.04425282234105763,
            0.19726010101010105,
            0.02180144855144855,
            0.09762192546016074,
            0.05571602009102009,
            0.04295410961587432,
            0.2836946566505391,
            0.04831352389440625
        ],
        [
            0.03361810411810412,
            0.034388611388611386,
            0.17870991487013158,
            0.011764041514041512,
            0.21971271719336727,
            0.020746538978737124,
            0.04530564859976624,
            0.31414186922468645,
            0.019761294261294263,
            0.12185125985125986
        ],
        [
            0.09023337773337772,
            0.0571217671217671,
            0.039753542209424564,
            0.14615062715062713,
            0.07385048285048285,
            0.19734216355539885,
            0.05769766344766345,
            0.08220072982572982,
            0.17736548174048175,
            0.0782841643650467
        ],
        [
            0.040491452991453,
            0.07107215007215008,
            0.06945529715382656,
            0.051289432789432786,
            0.08380967643467643,
            0.08799314574314573,
            0.14315789194465667,
            0.019640873015873018,
            0.042145743145743146,
            0.3909443367090426
        ],
        [
            0.10688189588189587,
            0.12060768398268397,
            0.05665162615162615,
            0.1909786186036186,
            0.013607614607614607,
            0.051675602175602166,
            0.027426961926961927,
            0.05759632034632035,
            0.21147889610389606,
            0.16309478021978016
        ],
        [
            0.031114829614829614,
            0.11626136363636362,
            0.20348280885780884,
            0.03419931457431458,
            0.21434242799683972,
            0.02285242535242535,
            0.032833767539649894,
            0.2356580257977317,
            0.027831709956709957,
            0.08142332667332668
        ],
        [
            0.11930086580086581,
            0.16007932753520987,
            0.03003643578643579,
            0.04665079365079365,
            0.07836493082081315,
            0.05628476915241621,
            0.10356929998106468,
            0.05672691197691197,
            0.08213239538239536,
            0.26685426991309347
        ],
        [
            0.09169275169275169,
            0.1220539476863006,
            0.06871837721102426,
            0.05670676545676546,
            0.09404408091908092,
            0.20553676878676877,
            0.06617538017538017,
            0.07753305028305028,
            0.1533278110778111,
            0.06421106671106673
        ],
        [
            0.10224347874347872,
            0.06785359085359083,
            0.08397785955874192,
            0.15336513486513484,
            0.030122710622710627,
            0.09678618603618601,
            0.13180268750856985,
            0.019298271173271174,
            0.09547569097569097,
            0.2190743896626249
        ],
        [
            0.1280372405372405,
            0.14446225996225995,
            0.030496753246753244,
            0.1586081002331002,
            0.0203023088023088,
            0.026244523450405798,
            0.09212310646869469,
            0.020690947940947942,
            0.26097007404360345,
            0.11806468531468531
        ],
        [
            0.07760397935397935,
            0.07892482517482517,
            0.027573083778966133,
            0.18492572705072707,
            0.034513888888888886,
            0.04813122171945701,
            0.3573373848373849,
            0.010833333333333332,
            0.1312377622377622,
            0.04891879362467597
        ],
        [
            0.2253777611277611,
            0.06532858807858806,
            0.03964393939393939,
            0.3937797202797203,
            0.018902597402597403,
            0.030158341658341657,
            0.05073798423798422,
            0.00911050061050061,
            0.12601157176157174,
            0.04094899544899544
        ],
        [
            0.032991452991452994,
            0.03436065323565324,
            0.10239200097288333,
            0.03954594017094017,
            0.31144837433808026,
            0.0633863775113775,
            0.045321789321789305,
            0.26448187188628364,
            0.05991540404040405,
            0.04615613553113553
        ],
        [
            0.007463675213675212,
            0.08026975801975804,
            0.07706890331890329,
            0.05067976467976468,
            0.14753083028083025,
            0.29063593351093353,
            0.016944444444444446,
            0.11000217837717835,
            0.08278805916305916,
            0.13661645299145297
        ],
        [
            0.024714285714285716,
            0.08555251529516235,
            0.055500212206094544,
            0.0732354948972596,
            0.1291910491469315,
            0.44139432299726417,
            0.016277777777777776,
            0.05724404761904761,
            0.055950868575868576,
            0.06093942577030813
        ],
        [
            0.02205974580974581,
            0.019616044902809607,
            0.3358055008716774,
            0.03982178932178933,
            0.2237479301744007,
            0.14196944721944718,
            0.002754901960784314,
            0.16152740641711227,
            0.032043581418581414,
            0.020653651903651905
        ],
        [
            0.11274062049062047,
            0.11523878898878898,
            0.10772025197025198,
            0.12092006604506603,
            0.023239538239538237,
            0.1454426880309233,
            0.07643240093240093,
            0.015956349206349207,
            0.2322668026418026,
            0.05004249345425816
        ],
        [
            0.09246681096681096,
            0.12209479409479411,
            0.08747496947496947,
            0.10205519480519482,
            0.14745809582574287,
            0.03636363636363636,
            0.04180505605505605,
            0.07901638557520911,
            0.11762445887445887,
            0.1736405979641273
        ],
        [
            0.014487845487845487,
            0.15984814351455218,
            0.11570889649566123,
            0.026539682539682544,
            0.051081848706848704,
            0.12760110559375265,
            0.15348948170852192,
            0.04941718657159834,
            0.023175685425685426,
            0.27865012395585154
        ],
        [
            0.34942480395421577,
            0.18661479043831983,
            0.03879445554445554,
            0.11248976840153309,
            0.03286177711177712,
            0.04750169111933818,
            0.05289058000822707,
            0.02791666666666667,
            0.057681568431568436,
            0.09382389832389833
        ],
        [
            0.10010744810744811,
            0.049774281274281275,
            0.058142357642357645,
            0.14215848040848042,
            0.03444227994227994,
            0.057460372960372964,
            0.049924297924297915,
            0.03135664335664336,
            0.4268059163059162,
            0.049827922077922075
        ],
        [
            0.013166666666666667,
            0.06292374292374292,
            0.05913708513708515,
            0.056655844155844154,
            0.17348168498168498,
            0.014053030303030303,
            0.02621212121212121,
            0.5426514596514598,
            0.012865800865800865,
            0.0388525641025641
        ],
        [
            0.08020054945054944,
            0.10369843555137673,
            0.09997591705679941,
            0.04834387834387833,
            0.11263047083635318,
            0.09942247050335284,
            0.2251429020326079,
            0.07317296837149778,
            0.024484042101689165,
            0.13292836575189515
        ],
        [
            0.1024370074370074,
            0.03623933011433012,
            0.0530787268287268,
            0.08467790542790544,
            0.07517619716884422,
            0.02427916527916528,
            0.3476599478952419,
            0.0942171717171717,
            0.048756937506937506,
            0.13347761062466948
        ],
        [
            0.2570912698412698,
            0.02803410478410479,
            0.029023155765802822,
            0.23520822233322236,
            0.027086871461871456,
            0.010185340802987861,
            0.0548994338994339,
            0.05540854978354978,
            0.2013910844057903,
            0.10167196692196692
        ],
        [
            0.23928293352674154,
            0.113321869650817,
            0.02538528138528139,
            0.14505201712632051,
            0.03843589743589744,
            0.07743724696356276,
            0.060292647840635455,
            0.05561446886446886,
            0.12756781402292236,
            0.11760982318335257
        ],
        [
            0.06302496114996115,
            0.12154409479409477,
            0.05815818576847989,
            0.06647534654887596,
            0.03391368761956998,
            0.20219856532356534,
            0.2228147979471509,
            0.02294631185807656,
            0.04985465922965923,
            0.15906938976056623
        ],
        [
            0.11201680672268907,
            0.06889310526075232,
            0.1108188061938062,
            0.3232847960862668,
            0.014317821067821066,
            0.05411338661338661,
            0.04944191919191918,
            0.031040043290043298,
            0.16256082806082808,
            0.0735124875124875
        ],
        [
            0.18837923187923183,
            0.09186305361305358,
            0.028068181818181815,
            0.14849203574203573,
            0.03743109668109668,
            0.06850900488400487,
            0.0467439504939505,
            0.14360952935952936,
            0.16696374458874455,
            0.07994017094017092
        ],
        [
            0.2831765603677368,
            0.1409196799932094,
            0.052185988847753544,
            0.01934282384282384,
            0.050351370851370855,
            0.12768543303102126,
            0.08961384856973091,
            0.03412885154061625,
