{
    "accuracy": 0.4,
    "classification_report": "              precision    recall  f1-score   support\n\n           0       0.70      0.35      0.47        20\n           1       0.90      0.45      0.60        20\n           2       0.38      0.70      0.49        20\n           3       0.50      0.25      0.33        20\n           4       0.60      0.15      0.24        20\n           5       0.48      0.50      0.49        20\n           6       0.33      0.75      0.46        20\n           7       1.00      0.35      0.52        20\n           8       0.20      0.50      0.28        20\n           9       0.00      0.00      0.00        20\n\n    accuracy                           0.40       200\n   macro avg       0.51      0.40      0.39       200\nweighted avg       0.51      0.40      0.39       200\n",
    "y_score": [
        [
            0.03303725734468153,
            0.04897212175505016,
            0.134915583843837,
            0.09014093526020878,
            0.09221863520951493,
            0.19529156748821958,
            0.017452871306055398,
            0.12007585312464998,
            0.16762677331285408,
            0.10026840135492848
        ],
        [
            0.08839919944177436,
            0.15278194660738015,
            0.08075666422158036,
            0.05509843222345322,
            0.2076278796273858,
            0.05936783679988278,
            0.040123518498606126,
            0.02989993275384995,
            0.03344234732222432,
            0.2525022425038632
        ],
        [
            0.05108383961502889,
            0.06973996452474875,
            0.03927914333253391,
            0.06680541746020785,
            0.11167008580062888,
            0.1981443978592188,
            0.008962833724570126,
            0.08580721695372315,
            0.2216923956102204,
            0.14681470511911957
        ],
        [
            0.02062581386985745,
            0.04294039240435102,
            0.09609783026941356,
            0.03580355112966957,
            0.12791366386681255,
            0.3636950848578514,
            0.010329505291501357,
            0.04783539085727475,
            0.09939020413606023,
            0.1553685633172082
        ],
        [
            0.04794012476367614,
            0.052691530081632784,
            0.13442072168498145,
            0.16067663807985544,
            0.06581539779316474,
            0.09230720364497284,
            0.01033011142542975,
            0.16004002278004495,
            0.22398565013413096,
            0.05179259961211097
        ],
        [
            0.04473415382424709,
            0.08129216348781866,
            0.04871898642171016,
            0.10951856733417431,
            0.08842071218148315,
            0.02095508444200074,
            0.5084726705156658,
            0.018216472218506922,
            0.01816596255675714,
            0.06150522701763626
        ],
        [
            0.03083708061167983,
            0.04955530514006614,
            0.15370774906007678,
            0.0772062289526217,
            0.10813214828083889,
            0.19365617171836327,
            0.021413621257088126,
            0.11133522566279928,
            0.13987845921327666,
            0.11427801010319
        ],
        [
            0.006991935810892912,
            0.01600648162038545,
            0.43722868099176787,
            0.035839125953914135,
            0.12392625265897703,
            0.10227968269180719,
            0.004348663150715605,
            0.12714418643577974,
            0.05067351937958102,
            0.09556147130617867
        ],
        [
            0.031909012148251426,
            0.07442220837354518,
            0.10444071130163024,
            0.05216401645699422,
            0.4124239191487976,
            0.05112621912433545,
            0.050508391998847185,
            0.047269251140210945,
            0.021196716889122474,
            0.15453955341826572
        ],
        [
            0.08993868327399142,
            0.07285371630774636,
            0.15497059202079114,
            0.11112383779554652,
            0.10538332888753213,
            0.2690856249482855,
            0.0742446349718903,
            0.0225191235469416,
            0.036435924381912455,
            0.06344453386536306
        ],
        [
            0.23487831016536856,
            0.18532036339417113,
            0.028255996666225133,
            0.24182121208662977,
            0.07504763769462477,
            0.025878816953112897,
            0.1224268681345491,
            0.017721124375527416,
            0.02236211667732227,
            0.04628755385246851
        ],
        [
            0.08818619969056081,
            0.14553269638702557,
            0.10710277190265513,
            0.11040627913707848,
            0.1396419544781443,
            0.05188557944093924,
            0.19258877163623728,
            0.036031912618770943,
            0.033359292230604916,
            0.09526454247798333
        ],
        [
            0.11431703968669787,
            0.056261166409264984,
            0.015854901469832042,
            0.1363182348005612,
            0.042688681683963836,
            0.06965643104988144,
            0.003477772948296743,
            0.11674317682332952,
            0.3944508122581932,
            0.050231782869978876
        ],
        [
            0.09992572490195584,
            0.04304693185038079,
            0.003942393792014124,
            0.06502194602206895,
            0.09406612061338573,
            0.05877859366232014,
            0.0015369924598272178,
            0.04211605832362133,
            0.32734294213576964,
            0.2642222962386562
        ],
        [
            0.09281160037106215,
            0.1677579873663746,
            0.09018223982386356,
            0.1656071387322651,
            0.09783462878578769,
            0.04255083270694167,
            0.10743453608743797,
            0.025944977593381286,
            0.026513185242377238,
            0.183362873290509
        ],
        [
            0.040841023628662286,
            0.07184081387316513,
            0.05366355551660451,
            0.14021801323211414,
            0.06794184516691672,
            0.019559565828169995,
            0.5192769619995034,
            0.017061562354988884,
            0.01940720172003371,
            0.05018945667984056
        ],
        [
            0.03609178524970691,
            0.058281551871661355,
            0.09512278141386411,
            0.0763756617364315,
            0.10245806526977792,
            0.23144076196685354,
            0.020342472309445355,
            0.07841494725767265,
            0.17127661840988784,
            0.13019535451469882
        ],
        [
            0.08359050974257724,
            0.17086590477704988,
            0.04186498371232889,
            0.14958844350683714,
            0.08522208422106302,
            0.17719168285456757,
            0.0512450920012449,
            0.03347454418177424,
            0.05876395461616745,
            0.14819280038639007
        ],
        [
            0.14707509578540157,
            0.056390981826579326,
            0.003770162773281888,
            0.10713980212357863,
            0.04744266317075974,
            0.08071975599447119,
            0.001652028389355783,
            0.0731830727999772,
            0.3859071940130964,
            0.09671924312349903
        ],
        [
            0.03983175781414415,
            0.12981184457001516,
            0.13248524641060513,
            0.06863403131706572,
            0.05958541314722077,
            0.023742255339087567,
            0.4476823358794346,
            0.02197200201980258,
            0.02207600042218625,
            0.05417911308043775
        ],
        [
            0.011608317523185861,
            0.02149734298328421,
            0.38748755235588067,
            0.05848011267490797,
            0.09679961114719343,
            0.11244854882877257,
            0.0078019410268298645,
            0.14373387455272688,
            0.07651328369467171,
            0.08362941521254677
        ],
        [
            0.19838954928632002,
            0.2032122340807281,
            0.034726850575431435,
            0.1506846452965859,
            0.12099406984804874,
            0.03513902627380902,
            0.15214659868768698,
            0.01833814020866519,
            0.021043859270385865,
            0.06532502647233812
        ],
        [
            0.07161243245957628,
            0.2844232954927875,
            0.05384116866299759,
            0.31936673085371586,
            0.07159200112275771,
            0.02125425580383638,
            0.05366108477957627,
            0.0253109784331409,
            0.020417077313527647,
            0.07852097507808406
        ],
        [
            0.03948195912090707,
            0.08719503228201449,
            0.4425615329822234,
            0.03105788246076632,
            0.10989885986795729,
            0.03902434846301536,
            0.0629654545183667,
            0.025860534480696654,
            0.028105682915487182,
            0.1338487129085655
        ],
        [
            0.9008363993124734,
            0.017907504231826684,
            0.0008435334362524766,
            0.03980840701828776,
            0.014230008459833075,
            0.004017200713652799,
            0.0024078849635481635,
            0.002702933215781474,
            0.004641993385265236,
            0.012604135263078365
        ],
        [
            0.061694852885314413,
            0.43428416441767964,
            0.07425178506445224,
            0.10002503552968967,
            0.08650566046535836,
            0.027583620800705554,
            0.10488395602402642,
            0.03199302881148127,
            0.02522208577002557,
            0.05355581023126673
        ],
        [
            0.08572618162500027,
            0.04870625633321614,
            0.026723784278792687,
            0.10442094048506609,
            0.06783432030565655,
            0.10566688445933631,
            0.004152008133007322,
            0.1367829198455392,
            0.36509904723910724,
            0.05488765729527838
        ],
        [
            0.09210920434058477,
            0.18891738874491157,
            0.02708110675362357,
            0.13989380595579132,
            0.07826596408395552,
            0.14106105117633522,
            0.03879296931443111,
            0.02725437314539469,
            0.05533968505929689,
            0.21128445142567537
        ],
        [
            0.06885138195004264,
            0.06054510633143054,
            0.052588610187330694,
            0.11637531878802139,
            0.06951618128837299,
            0.1437827470594914,
            0.008136990041544764,
            0.13714182274250816,
            0.2707139770981389,
            0.07234786451311905
        ],
        [
            0.023529762040674106,
            0.042321359776341404,
            0.18338441691392962,
            0.0745061457338393,
            0.09613460742272893,
            0.23036937081946174,
            0.016794032544366684,
            0.11302813521841373,
            0.11882325663525821,
            0.10110891289498607
        ],
        [
            0.03848069100051712,
            0.07016658896335681,
            0.05414416966375589,
            0.12533786965436916,
            0.06829108195806806,
            0.01909534318370767,
            0.5387466310949376,
            0.018014770130428102,
            0.01871823131991066,
            0.0490046230309492
        ],
        [
            0.00976311717465599,
            0.029143305448671723,
            0.5276847940942775,
            0.012911053298242743,
            0.16656590881728003,
            0.03427227960341133,
            0.03686097326687685,
            0.016891794698615323,
            0.013742803473464219,
            0.15216397012450444
        ],
        [
            0.006046037807291235,
            0.013438681725812746,
            0.3141686658852245,
            0.03202981208183657,
            0.13962679711956338,
            0.1777134432023098,
            0.0031097916318818647,
            0.09397044217293883,
            0.04686309682464859,
            0.17303323154849282
        ],
        [
            0.509448811462917,
            0.07192995614041567,
            0.0658444506778602,
            0.06899654832283633,
            0.08954926905065744,
            0.03255428134242631,
            0.06301237963361006,
            0.023813256054712316,
            0.02108733126354541,
            0.05376371605101965
        ],
        [
            1.7740779708338656e-08,
            0.9999440650690701,
            5.814579591966667e-08,
            2.265269105458901e-08,
            4.158489959371789e-07,
            2.992219334549343e-07,
            1.9160510644388396e-08,
            2.73348532526533e-06,
            4.704929105648061e-05,
            5.319383841353153e-06
        ],
        [
            0.04696369277440397,
            0.10211919727334443,
            0.035831772858540716,
            0.12844910386191877,
            0.10192857829540664,
            0.020630160025428224,
            0.4621429013788452,
            0.01604086392930172,
            0.017543924733331738,
            0.06834980486947854
        ],
        [
            0.024915510962050434,
            0.059747050208855956,
            0.07926105989007846,
            0.03751448758962425,
            0.11722033993944644,
            0.0209292846123435,
            0.40119536407551115,
            0.014812178431676069,
            0.01902214544947439,
            0.22538257884093985
        ],
        [
            0.05269128930763702,
            0.04675451844807451,
            0.09770715807469826,
            0.11538402271861713,
            0.06980440649833702,
            0.07752140111874241,
            0.006754735650236216,
            0.24174675366770382,
            0.24468168229541012,
            0.04695403222054334
        ],
        [
            0.02805405149716225,
            0.08014733252031142,
            0.35429318212903327,
            0.04668532763781189,
            0.0843675113107329,
            0.030901654354818908,
            0.25934332655622555,
            0.023157446038819272,
            0.021490811155312747,
            0.07155935679977206
        ],
        [
            0.8012733173821369,
            0.05979728728870177,
            0.00015180502862458981,
            0.08662932304688117,
            0.023000899187744745,
            0.0031581585567215147,
            0.0013900681570790429,
            0.0012848894656393858,
            0.002867753342953205,
            0.020446498543517565
        ],
        [
            0.03723335301831611,
            0.050150892573904725,
            0.1375504354495697,
            0.12198933294304323,
            0.09206337012423702,
            0.14274780158053454,
            0.015530908270877537,
            0.13465520806629697,
            0.18373967581411804,
            0.08433902215910198
        ],
        [
            0.16627731383827335,
            0.04584814597401389,
            0.0023045679697324714,
            0.12382675614462581,
            0.0509206772375243,
            0.035655124622284325,
            0.0016251666418313068,
            0.060765225609566195,
            0.37943575475175223,
            0.13334126721039655
        ],
        [
            0.06970831967632919,
            0.047725702082429204,
            0.03233285502231087,
            0.13162760899312856,
            0.05501668868420416,
            0.06432690090917367,
            0.004018268161116528,
            0.21904805724021473,
            0.33693946242360073,
            0.039256136807492216
        ],
        [
            0.20750273847200845,
            0.06413571780714829,
            0.021357951179944504,
            0.10508751520552889,
            0.053981026672822514,
            0.10892689714918947,
            0.004710712820170589,
            0.08474511219413738,
            0.2748234321883706,
            0.07472889631067886
        ],
        [
            0.04844953973366643,
            0.06424828102491957,
            0.057698548346507145,
            0.09558922785351513,
            0.08837767707547181,
            0.21889800382437521,
            0.012494548896727525,
            0.08862616472131203,
            0.2162785144832965,
            0.10933949404020825
        ],
        [
            0.04036208302183425,
            0.05102306982276819,
            0.10099791302055118,
            0.08735605250412469,
            0.08367893582375244,
            0.23242455840486703,
            0.015104894366681183,
            0.11016974019501759,
            0.19027411364462832,
            0.0886086391957749
        ],
        [
            0.028692513013624733,
            0.06011290570114079,
            0.06804206844211257,
            0.07626419324795028,
            0.11050327898893432,
            0.02387875435847213,
            0.5277720528191839,
            0.018420794794356394,
            0.016551892147759897,
            0.06976154648646447
        ],
        [
            0.0724897425275736,
            0.41960693584248143,
            0.06865208374206203,
            0.10673340856775135,
            0.07932065379860567,
            0.030752852775252904,
            0.10729060552861192,
            0.03040595127319693,
            0.02793668246990186,
            0.05681108347456242
        ],
        [
            0.025959536733597726,
            0.05045168610577903,
            0.08933337025095954,
            0.0359912963569242,
            0.1634560747593259,
            0.02218529805084965,
            0.31927247047554025,
            0.01738796812415654,
            0.018827570213241104,
            0.2571347289296259
        ],
        [
            0.02857703843356967,
            0.046737724578301956,
            0.06185343408225246,
            0.0405684141062211,
            0.10326481286322979,
            0.022742028130180798,
            0.04781846433230479,
            0.580197093003865,
            0.017353184754181177,
            0.050887805715892194
        ],
        [
            0.07145095977724825,
            0.11682645325999527,
            0.13736184677329152,
            0.08304898370673393,
            0.17648317098691643,
            0.05411339174099529,
            0.17964678370327636,
            0.03676807090881233,
            0.031129943547234407,
            0.11317039559549572
        ],
        [
            0.01868790570966517,
            0.0320240216284645,
            0.3023914817742173,
            0.06967504647672365,
            0.09726262570417438,
            0.1397530386935246,
            0.014592390156489107,
            0.12917232427007683,
            0.09772600407425716,
            0.0987151615124072
        ],
        [
            0.04058368211085062,
            0.08147576308990348,
            0.1265884263374725,
            0.07040233259853884,
            0.3516849547866912,
            0.05068667330351783,
            0.08312383091397689,
            0.04791000339456666,
            0.023577443769263216,
            0.1239668896952194
        ],
        [
            0.05512590014691466,
            0.06632128387895488,
            0.054726523035376076,
            0.09344917639006407,
            0.07540610863384341,
            0.17935353774994003,
            0.008469893870958737,
            0.14102229437788447,
            0.23618437058318068,
            0.08994091133288287
        ],
        [
            0.0993361614234907,
            0.046262723095317704,
            0.016176937033486636,
            0.14654617853522836,
            0.04901860737997156,
            0.07206649017335669,
            0.003458814527817667,
            0.09399643651813289,
            0.42110999595389886,
            0.05202765535929824
        ],
        [
            0.06355805652752321,
            0.10540790850936096,
            0.06786984930735987,
            0.1119448472098346,
            0.1440589542738488,
            0.028462024896777197,
            0.37358388520232594,
            0.020102055996601104,
            0.020913182772029967,
            0.06409923530433835
        ],
        [
            0.021192261765287317,
            0.03607449447662855,
            0.23706858460808278,
            0.09824259193494758,
            0.09436390485335872,
            0.14937481536533073,
            0.013469166708218452,
            0.11529355936217939,
            0.12572344225342796,
            0.10919717867253903
        ],
        [
            0.04218498423254789,
            0.144058472977804,
            0.1419179631634616,
            0.07412237421123417,
            0.058245358987232036,
            0.0241071642798233,
            0.4179340994934404,
            0.022491651369631684,
            0.023108657829952178,
            0.051829273454873086
        ],
        [
            0.05311468953184763,
            0.3989834190496053,
            0.008338067367065764,
            0.1916089987533847,
            0.06420537654843549,
            0.009764249398398196,
            0.20660231346089938,
            0.00897445392461236,
            0.011455824284047825,
            0.04695260768170297
        ],
        [
            0.09345248080971454,
            0.07626143716506074,
            0.1544175963986067,
            0.13685017147441372,
            0.11987231314445816,
            0.21747277478865,
            0.07432686203854776,
            0.024696772178298285,
            0.03867678606870899,
            0.06397280593354158
        ],
        [
            0.07358386872226015,
            0.0753122643532717,
            0.035160668690710196,
            0.10104659653204998,
            0.08670828798829122,
            0.15579958841764247,
            0.0075457026265698755,
            0.09656944381063205,
            0.2573319734696705,
            0.1109416053889013
        ],
        [
            0.20886711193678434,
            0.04464755034109611,
            0.003786422614977113,
            0.11577811156412247,
            0.04306162478031107,
            0.062253443903872205,
            0.0018277807773574878,
            0.06537893989289968,
            0.3937803969212986,
            0.060618617267280996
        ],
        [
            0.1671839507542802,
            0.06497614699917516,
            0.1699584096409905,
            0.07536020585506734,
            0.09993622037796468,
            0.22861632482020838,
            0.06071438151651215,
            0.01988251309414516,
            0.0382803656467619,
            0.07509148129489421
        ],
        [
            0.08126691176163184,
            0.05874740947750804,
            0.036895301231373086,
            0.13395974006369857,
            0.0522819474605528,
            0.09152031448252995,
            0.00520667699784987,
            0.15379475714704402,
            0.33331704156919256,
            0.05300989980861969
        ],
        [
            0.15007423545401877,
            0.05285507593516245,
            0.003930623755419182,
            0.13566104954861286,
            0.062231087106999816,
            0.04826116965296296,
            0.001513830661479146,
            0.08306259601929386,
            0.38418656180233174,
            0.07822377006371913
        ],
        [
            0.09290496260830816,
            0.15404970393883827,
            0.05805746144915646,
            0.035272970172244345,
            0.24191117574928725,
            0.041010074321810794,
            0.019181081128229978,
            0.027992239145352298,
            0.06007536726778279,
            0.2695449642189899
        ],
        [
            0.02840502950184143,
            0.050353982173828096,
            0.1477563299775592,
            0.08026465382825655,
            0.10433777909986552,
            0.19306913735653689,
            0.020080624957697607,
            0.11841658912731988,
            0.1321478848953944,
            0.12516798908170035
        ],
        [
            0.09093686811918202,
            0.06047258596204029,
            0.025541531214770277,
            0.10359005646517157,
            0.07646838220610143,
            0.1448095038005521,
            0.0048044534726210085,
            0.11159623827715782,
            0.3087432909630929,
            0.07303708951931054
        ],
        [
            0.10650155769343149,
            0.07405303838063565,
            0.008678302554987354,
            0.13248143635073453,
            0.0647027030246283,
            0.0749784653672073,
            0.002449370650136796,
            0.11624417796946508,
            0.3276198225737818,
            0.09229112543499207
        ],
        [
            0.013466114822150117,
            0.024202660126892404,
            0.3379499517587976,
            0.049695023787843705,
            0.1101559636199176,
            0.10115940702617933,
            0.01024661609756008,
            0.20313616034984816,
            0.08158187109751934,
            0.06840623131329152
        ],
        [
            0.06054948128957734,
            0.10916665236949144,
            0.0606354318291987,
            0.11144068806959541,
            0.13385571491626488,
            0.02621354782648628,
            0.39845294323008784,
            0.020495610899200756,
            0.019049954097471736,
            0.06013997547262592
        ],
        [
            0.11218079054357737,
            0.05061102812206312,
            0.01138441249917977,
            0.0982441037689439,
            0.0703804141857834,
            0.12175855785626019,
            0.0031968780585450826,
            0.07600788627288502,
            0.3633497222341449,
            0.09288620645861718
        ],
        [
            0.03797373932682097,
            0.4748252206480456,
            0.06953630106470318,
            0.07789186964758736,
            0.11495785525074295,
            0.027426460312407797,
            0.08124340026575602,
            0.02904855447025995,
            0.01992209543501165,
            0.06717450357866436
        ],
        [
            0.056793239903796124,
            0.07104862114341653,
            0.013626287443292508,
            0.0558719612117999,
            0.05870306887629679,
            0.014526333212734718,
            0.02042422989154723,
            0.6597884161983872,
            0.02011951221662956,
            0.029098329902099165
        ],
        [
            0.026440975483326634,
            0.03485245214812272,
            0.22891635723784334,
            0.1063155414893534,
            0.08028539356481958,
            0.11191182498628915,
            0.01143360776239549,
            0.15092833180686904,
            0.17447320094594929,
            0.0744423145750315
        ],
        [
            0.05232893876824517,
            0.04582404182259752,
            0.021598816511900563,
            0.04652820404462629,
            0.1520842936626584,
            0.14332899391722123,
            0.005655462974788572,
            0.13024691696591062,
            0.2391818626141232,
            0.16322246871792753
        ],
        [
            0.6065261682917615,
            0.1263201701438776,
            0.0010362822684887225,
            0.19740258077821599,
            0.024239904750235318,
            0.010187330052429595,
            0.005178607995473912,
            0.004160161195187109,
            0.007336411552330995,
            0.017612382971999047
        ],
        [
            0.03545368403020458,
            0.04545085245382398,
            0.16048774407809627,
            0.1071687132519472,
            0.08631647271565455,
            0.11467706203286505,
            0.013300713300756273,
            0.21064270988068512,
            0.1619332473428563,
            0.06456880091311078
        ],
        [
            0.03782491673952297,
            0.05686737414409668,
            0.023500038729673187,
            0.0473893446864835,
            0.1421164621666345,
            0.17847126818348125,
            0.00798955524635824,
            0.06291651682889339,
            0.21863379095547772,
            0.22429073231937882
        ],
        [
            0.028105149099847203,
            0.027775678051932182,
            0.20937250137866598,
            0.13243772088535696,
            0.0537334066460717,
            0.053055419019881866,
            0.006459798061714133,
            0.27787124252368633,
            0.1798969477578728,
            0.0312921365749707
        ],
        [
            0.057573248427179737,
            0.10150474857874778,
            0.11258172012258236,
            0.11287717370412965,
            0.10248452063487619,
            0.03674734168594821,
            0.3565848580199822,
            0.025616109572725237,
            0.023957027208396743,
            0.07007325204543219
        ],
        [
            0.06820771143914818,
            0.0752820211625823,
            0.018040770665728192,
            0.06056888545704477,
            0.06303870612268006,
            0.017902484681371515,
            0.026778745864904835,
            0.6098795687311264,
            0.020970270744398622,
            0.03933083513101536
        ],
        [
            0.07924904119404869,
            0.056621438141279345,
            0.04190231953121221,
            0.13670343768463672,
            0.0561243613071438,
            0.10109115132472646,
            0.0056114526555752055,
            0.14891393446872858,
            0.3224905296597771,
            0.051292334032872325
        ],
        [
            0.05362384736018751,
            0.09759762834064861,
            0.15146613425888375,
            0.08650920121275261,
            0.24737807075689275,
            0.04821412477364309,
            0.13321763443086543,
            0.048657869231733854,
            0.02734664996488623,
            0.1059888396695057
        ],
        [
            0.06808050766034962,
            0.06363508504244006,
            0.04651655699130634,
            0.12117678620658724,
            0.06341317557125987,
            0.1639742064583561,
            0.007539802826650002,
            0.12132962842553625,
            0.27327594187074683,
            0.0710583089467678
        ],
        [
            0.024496106125706137,
            0.047528744283965536,
            0.08867919522965892,
            0.03615247365908625,
            0.17150603977309242,
            0.02530900950037593,
            0.2898138529449943,
            0.014937668970993027,
            0.018570919602934416,
            0.2830059899091929
        ],
        [
            0.053146474377250286,
            0.06867196130316947,
            0.05902672523834611,
            0.10988163576430669,
            0.09129204199536584,
            0.16643615636842038,
            0.012079579982925267,
            0.11020715662907578,
            0.21551052196379344,
            0.1137477463773469
        ],
        [
            0.061951957893781884,
            0.1059287523096422,
            0.14585823153482433,
            0.10846060820262086,
            0.2087684134582423,
            0.04413308089423411,
            0.16153890103190433,
            0.05290847164445733,
            0.02923363482380339,
            0.08121794820648971
        ],
        [
            0.0312975038750793,
            0.05863365782960216,
            0.14738491360298206,
            0.07696001831424368,
            0.10367263805230686,
            0.19509235800963806,
            0.022502088146264053,
            0.11158431847823642,
            0.13878674575085553,
            0.11408575794079212
        ],
        [
            0.02211772626349739,
            0.03922589191483934,
            0.05403443551763969,
            0.03672540089736693,
            0.12674388748010584,
            0.38448711440347516,
            0.017547067574966203,
            0.0399618172536888,
            0.15340165411438886,
            0.1257550045800322
        ],
        [
            0.0275028537407309,
            0.11067810713969575,
            0.06359523847073743,
            0.08054421613973109,
            0.08546920209877168,
            0.020193530584388625,
            0.48485480325212216,
            0.01663840949186797,
            0.018483262013643025,
            0.09204037706831171
        ],
        [
            0.021583407533834385,
            0.04478149539627824,
            0.18778623699443528,
            0.07068982880401979,
            0.10752688426335283,
            0.22043131533747587,
            0.017743562628031596,
            0.07985360039979686,
            0.11539859496265364,
            0.13420507368012166
        ],
        [
            0.03277662486661704,
            0.061296615015809235,
            0.060039387346853414,
            0.10305136303455531,
            0.08156955801586217,
            0.02096362194889361,
            0.5504956851112129,
            0.0185779993699961,
            0.017840390771017872,
            0.0533887545191823
        ],
        [
            0.2519279928482577,
            0.18536185927883228,
            0.014556388487143801,
            0.41770779597132696,
            0.023357853490596287,
            0.018662562544016978,
            0.016749181345037875,
            0.01598410208360581,
            0.021885460092600978,
            0.033806803858581674
        ],
        [
            0.030928731319302342,
            0.11521394910489496,
            0.07562005536997206,
            0.0913635159285018,
            0.13045563421481937,
            0.021502408783629197,
            0.40187922127927095,
            0.023622889245827467,
            0.02066401151429136,
            0.08874958323949046
        ],
        [
            0.018988527839499128,
            0.07781086075727098,
            0.039263211658978385,
            0.010622675923369235,
            0.11867778259282256,
            0.43505188064137496,
            0.001174481860077189,
            0.044836760653571915,
            0.09525923393330256,
            0.15831458413973348
        ],
        [
            0.026668281559112668,
            0.04274534087175118,
            0.18573979886085318,
            0.09822978675794646,
            0.08503889195683655,
            0.19413904023502343,
            0.016078714847845788,
            0.13053646985630551,
            0.13295954321176648,
            0.08786413184255905
        ],
        [
            0.013378400467758757,
            0.03529696034578149,
            0.19742740481519955,
            0.01804540014795857,
            0.15437542799488452,
            0.24140551024198734,
            0.0031210535459586415,
            0.04768661049747491,
            0.06466176299490693,
            0.22460146894808938
        ],
        [
            0.0235219246300925,
            0.04751350888293011,
            0.10514589093476635,
            0.03630795244692969,
            0.1271646047115664,
            0.33574552450287637,
            0.010723970505588255,
            0.04496992663958185,
            0.11063208205476555,
            0.15827461469090293
        ],
        [
            0.054893405251753805,
            0.061529432458665656,
            0.01989895018452782,
            0.06853025487495427,
            0.13140510707854017,
            0.14174800190999295,
            0.005503962633593074,
            0.07526077745893889,
            0.24241668089841445,
            0.1988134272506195
        ],
        [
            0.010652516296488872,
            0.04977791661652731,
            0.01607266966094374,
            0.0036526451778798844,
            0.21949380704885676,
            0.00766146930459508,
            0.010661965342849447,
            0.009923067510144127,
            0.016807143279234157,
            0.6552967997624808
        ],
        [
            0.46122306460814144,
            0.2060778759255223,
            0.03367124025098265,
            0.013233815794859822,
            0.05171680721667063,
            0.025296130594814774,
            0.01176218221360116,
            0.060804350843349,
            0.030852144257169693,
            0.10536238829488823
        ],
        [
            0.01932322580856189,
            0.024193806685808113,
            0.31812613693155867,
            0.09435595472792774,
            0.08122004071834879,
            0.08354552868929617,
            0.009328701329404939,
            0.17839735697186307,
            0.13723740218795238,
            0.05427184594927884
        ],
        [
            0.06470467171195117,
            0.09331519649043239,
            0.05355015978734815,
            0.07600268004503231,
            0.08135315460335545,
            0.02820936975774728,
            0.06821814740976814,
            0.4622911630732704,
            0.026487398869235842,
            0.04586805825185834
        ],
        [
            0.02901546593032095,
            0.054982838361865655,
            0.04524616314435951,
            0.019205468579018538,
            0.17988268965516802,
            0.01715106082602937,
            0.11451625585891208,
            0.013306526479656995,
            0.026256220445143016,
            0.5004373107195259
        ],
        [
            0.07023430652503537,
            0.10168432476395169,
            0.007110980145380245,
            0.2565819602427854,
            0.15737399792513232,
            0.011250605069798475,
            0.2926242648205586,
            0.010916512414094814,
            0.010835850362946093,
            0.08138719773031705
        ],
        [
            0.35281722448708036,
            0.07429621735829771,
            0.0017566166996344271,
            0.5081847985896593,
            0.011352609949544453,
            0.007719492434697566,
            0.0029035288954211247,
            0.0056169697982332845,
            0.00978913331359371,
            0.025563408473838506
        ],
        [
            0.27564752800111464,
            0.21103508902034662,
            0.021864110732685488,
            0.20724724277326143,
            0.08154227129680622,
            0.03055359739692452,
            0.0869614949251603,
            0.016812443029593234,
            0.02116434837595475,
            0.047171874448152934
        ],
        [
            0.03552808146642396,
            0.13607264888036208,
            0.06587129654587202,
            0.11438775530668009,
            0.07199579347085536,
            0.021006717995177997,
            0.45579715200731846,
            0.01794799910785903,
            0.021355879381697727,
            0.06003667583775276
        ],
        [
            0.039737365421300505,
            0.04941407808735472,
            0.14787606728961664,
            0.16164278657382472,
            0.06874787070612956,
            0.11643807434536758,
            0.012609396456159125,
            0.127612837394799,
            0.20600546831379074,
            0.06991605541165731
        ],
        [
            0.0784961751683849,
            0.05818557093588529,
            0.036172174296669544,
            0.17260955383393742,
            0.05000544115108138,
            0.09554730781143018,
            0.0058900054601556725,
            0.12338237509849198,
            0.3113481823006196,
            0.06836321394334365
        ],
        [
            0.6427818722563049,
            0.07182114343018761,
            0.062139569409529895,
            0.027000393742977205,
