{
    "accuracy": 0.55,
    "classification_report": "              precision    recall  f1-score   support\n\n           0       0.47      0.45      0.46        20\n           1       0.80      0.40      0.53        20\n           2       0.76      0.65      0.70        20\n           3       0.50      0.45      0.47        20\n           4       0.56      0.45      0.50        20\n           5       0.83      0.75      0.79        20\n           6       0.44      0.55      0.49        20\n           7       0.54      0.65      0.59        20\n           8       0.43      0.75      0.55        20\n           9       0.44      0.40      0.42        20\n\n    accuracy                           0.55       200\n   macro avg       0.58      0.55      0.55       200\nweighted avg       0.58      0.55      0.55       200\n",
    "y_score": [
        [
            0.09744736008466015,
            0.08545910015199588,
            0.08388390879679697,
            0.09892598143072608,
            0.08274274128454547,
            0.1423440245734452,
            0.09199191321242015,
            0.075769024403184,
            0.12980232527748065,
            0.11163362078474542
        ],
        [
            0.17491568671944577,
            0.10766146888859385,
            0.087765682480604,
            0.1033141155614961,
            0.07464174314739665,
            0.08984772397093171,
            0.10657196211024544,
            0.06202028679711993,
            0.09621899129205476,
            0.09704233903211185
        ],
        [
            0.06833456930400057,
            0.09132758526012213,
            0.1408844565448087,
            0.06836763841557011,
            0.14633040514647497,
            0.11093037248833262,
            0.07623606313031607,
            0.12634213620360568,
            0.08184438199935004,
            0.08940239150741909
        ],
        [
            0.10634572902460128,
            0.08575249190156697,
            0.09177640868956159,
            0.12332888643200396,
            0.0835737905496455,
            0.11601480477999893,
            0.077805933378452,
            0.06800323190547528,
            0.1459121234023828,
            0.10148659993631154
        ],
        [
            0.11623116840246168,
            0.11640901751104865,
            0.10620425495825034,
            0.10439062980570818,
            0.08888555543928714,
            0.09533660642574114,
            0.08598502772197039,
            0.08093035821183019,
            0.10906481230495553,
            0.09656256921874672
        ],
        [
            0.08472425058410823,
            0.0979284427939357,
            0.10298202325609354,
            0.08406874801953865,
            0.1260655295549478,
            0.06781058077178835,
            0.15722323244574837,
            0.11535774518780179,
            0.07127093254944782,
            0.09256851483658966
        ],
        [
            0.10170285118950628,
            0.10439666611254954,
            0.10176415593586585,
            0.08908258556990177,
            0.09262669803361014,
            0.10191668682340961,
            0.10541429325345135,
            0.07797648087689155,
            0.10827448067039645,
            0.11684510153441745
        ],
        [
            0.08324269132980607,
            0.104384868486352,
            0.131366388579809,
            0.08325035506003597,
            0.10364606133046404,
            0.1066487172840393,
            0.09476691599419552,
            0.09305722634464829,
            0.09446711447410201,
            0.10516966111654776
        ],
        [
            0.05804289899100046,
            0.06753045859080045,
            0.12690311585342662,
            0.05571312821312126,
            0.14204662250282682,
            0.0881650386972933,
            0.07027045868338011,
            0.24963393433345704,
            0.05565897147335713,
            0.08603537266133682
        ],
        [
            0.1028650329523865,
            0.10480476129393873,
            0.0967206074489725,
            0.09148911035984994,
            0.0954800650656042,
            0.11140311899419868,
            0.11546778638589526,
            0.08195929154097317,
            0.09200700009778902,
            0.10780322586039195
        ],
        [
            0.1381540759303426,
            0.10385539857552308,
            0.09223861222658325,
            0.10386534951805305,
            0.0835471351921132,
            0.08327773111194432,
            0.10731242561447757,
            0.07575674061403326,
            0.104793390744621,
            0.10719914047230861
        ],
        [
            0.10917250168778372,
            0.10110736316575741,
            0.09868375514379689,
            0.12040113637858486,
            0.08585116985904996,
            0.10642443460544167,
            0.10153978454419957,
            0.07113043780746525,
            0.10446397054122046,
            0.10122544626670008
        ],
        [
            0.1130440397672947,
            0.09624960546086714,
            0.09774588336701961,
            0.10212152739687014,
            0.08934138079021116,
            0.09416677794462423,
            0.09960556043294133,
            0.08048357843021794,
            0.12531838068094545,
            0.10192326572900823
        ],
        [
            0.11737655926461617,
            0.09920610185398926,
            0.09874440503599521,
            0.11923105068187916,
            0.07403081743032133,
            0.09112806634922953,
            0.08775424213859528,
            0.06971315473583846,
            0.14458428622703862,
            0.09823131628249694
        ],
        [
            0.09708087862453775,
            0.0985234679692581,
            0.10532258266797688,
            0.1064678751201407,
            0.10653873914640705,
            0.10521091619516308,
            0.08319829679829686,
            0.10036095500354426,
            0.07627428257944519,
            0.12102200589523009
        ],
        [
            0.12761187521314984,
            0.1022199465319061,
            0.09606694408775804,
            0.1233153064749567,
            0.07460768740166988,
            0.0758693654357759,
            0.1272951113893191,
            0.06442637932774635,
            0.11571462212143269,
            0.09287276201628536
        ],
        [
            0.1168842990825212,
            0.10433834218502941,
            0.08260794029656013,
            0.11719765042206294,
            0.06744014556944752,
            0.10848633091726917,
            0.09715777853849589,
            0.0600821449909703,
            0.13699566838353872,
            0.10880969961410454
        ],
        [
            0.08338181728666597,
            0.0955795078473181,
            0.09941538323093062,
            0.07865930354152127,
            0.09966719432196397,
            0.13146061619188437,
            0.1071328545255922,
            0.10120690600609342,
            0.0924760708764807,
            0.11102034617154928
        ],
        [
            0.1278872164166133,
            0.09383705089912492,
            0.08360465836697067,
            0.1330728574810881,
            0.06658662705647928,
            0.092694079905321,
            0.08562619934468962,
            0.0704457228688788,
            0.15135380234193538,
            0.09489178531889886
        ],
        [
            0.09967408184161405,
            0.11216791815616672,
            0.1104210937578395,
            0.09390418226591304,
            0.08765967036311262,
            0.08750663868460577,
            0.12586983143914213,
            0.07541109892947129,
            0.10329910188822028,
            0.10408638267391458
        ],
        [
            0.09429167930917087,
            0.09656647501737575,
            0.11479770657391296,
            0.09150061120336858,
            0.09367647279134544,
            0.10115412244201971,
            0.09125434764623766,
            0.07985488866035115,
            0.1259440721443158,
            0.1109596242119019
        ],
        [
            0.11032583225311911,
            0.10261737036264998,
            0.10423218809417985,
            0.0966582629735176,
            0.09463027539752694,
            0.09494369201093329,
            0.10828040659275938,
            0.08286764968699341,
            0.09662120472463409,
            0.10882311790368629
        ],
        [
            0.12674014155416738,
            0.10650800892565984,
            0.0762151995663314,
            0.1785830767574281,
            0.07096672647805632,
            0.07768167272802551,
            0.0807364217492203,
            0.06715898857585292,
            0.10370845139051692,
            0.11170131227474114
        ],
        [
            0.07447478600236412,
            0.0856675067321658,
            0.1641712035900869,
            0.06933597886240453,
            0.12362691411460752,
            0.10035442020474292,
            0.09642712273743814,
            0.12033614970240493,
            0.07024044579509427,
            0.09536547225869077
        ],
        [
            0.22425754417917385,
            0.08964960246353218,
            0.07507074393921766,
            0.12050282283478346,
            0.061537065418411564,
            0.07849677084761447,
            0.10626148106844856,
            0.05533366044396555,
            0.09935589887270538,
            0.08953440993214726
        ],
        [
            0.09826109013985773,
            0.20184707045939215,
            0.08706120066344844,
            0.08750317567366876,
            0.08372629283361485,
            0.07731155353201746,
            0.0988539934957268,
            0.0746522151958508,
            0.08380298645058212,
            0.10698042155584085
        ],
        [
            0.11902367143438364,
            0.09010161468464878,
            0.10529462013298492,
            0.12370292656280445,
            0.07865085915774155,
            0.09829386174538836,
            0.08289973839497834,
            0.0801408084546291,
            0.13752967769046484,
            0.08436222174197595
        ],
        [
            0.11658887530593795,
            0.10841246760613817,
            0.0939050034344227,
            0.10390442706422834,
            0.07844182067676801,
            0.09815608074401094,
            0.10811864004338005,
            0.07426706033971943,
            0.1049776700178006,
            0.11322795476759366
        ],
        [
            0.09032402361745233,
            0.09228349113936789,
            0.11147960149821681,
            0.08680228749973726,
            0.10802445454093386,
            0.11210778252604885,
            0.08899438596990526,
            0.10467925936229844,
            0.10315958202836216,
            0.1021451318176771
        ],
        [
            0.07002413628902318,
            0.10110905500256123,
            0.10001493821807653,
            0.067797376525722,
            0.11207134453468061,
            0.1955163147347906,
            0.07370706035856822,
            0.11098161990965373,
            0.07987215155027347,
            0.08890600287665038
        ],
        [
            0.10899777136431521,
            0.10643901563964608,
            0.09230324515274425,
            0.11438323020591742,
            0.08647590717504589,
            0.08877314483000273,
            0.1341367229834486,
            0.06965739770172864,
            0.10647237995486718,
            0.092361184992284
        ],
        [
            0.07436134337509037,
            0.0950492315534472,
            0.15556182202719732,
            0.07039646121336446,
            0.12626000201085424,
            0.09624611435760133,
            0.10326386240586423,
            0.11551344069701434,
            0.06938279816953549,
            0.0939649241900309
        ],
        [
            0.08830500275741165,
            0.08372935543609998,
            0.1083128902647447,
            0.08197917431758986,
            0.11079902703070317,
            0.14183654452766908,
            0.08032907625587819,
            0.10614714211346751,
            0.10187321666950246,
            0.09668857062693341
        ],
        [
            0.1771543785489939,
            0.07336022352666992,
            0.10408514988681809,
            0.08835054859322837,
            0.13633731316645814,
            0.0752357001724234,
            0.07077564554074729,
            0.11336762781415616,
            0.07348547164525603,
            0.08784794110524867
        ],
        [
            0.08852418551434185,
            0.17056338593963513,
            0.09155727312508434,
            0.09680816204042046,
            0.09612467121383153,
            0.09471929732091064,
            0.10825995446121844,
            0.06601907478650365,
            0.08739799794966462,
            0.10002599764838926
        ],
        [
            0.09689662054356624,
            0.10109055188550892,
            0.09650554087364693,
            0.09570231704944698,
            0.10051390484421117,
            0.08589188638255787,
            0.14624554193124484,
            0.08415990891014997,
            0.08809469797160502,
            0.10489902960806206
        ],
        [
            0.09111195766041397,
            0.10344697031142722,
            0.09790760061807367,
            0.08540321838699799,
            0.1010684172339237,
            0.09615050121116209,
            0.114548937036576,
            0.08024483332560214,
            0.09362131183747836,
            0.1364962523783447
        ],
        [
            0.0714090626797298,
            0.07794908458518002,
            0.11827011800222285,
            0.07067083050270036,
            0.15487818940174358,
            0.09260971290505667,
            0.07559725639635122,
            0.17608628999424775,
            0.08251215326035624,
            0.08001730227241166
        ],
        [
            0.0834753859031596,
            0.10609779967937573,
            0.14113437448957167,
            0.07543311722466346,
            0.1103064624128678,
            0.1002885202564697,
            0.11495010097570134,
            0.09636293291549429,
            0.07615775695691644,
            0.09579354918577994
        ],
        [
            0.13451393760585753,
            0.09347304376233524,
            0.0904297811378955,
            0.12345237806674332,
            0.07826899770727556,
            0.07380190104854042,
            0.0968494184598295,
            0.0765139590253017,
            0.13394580119044716,
            0.09875078199577389
        ],
        [
            0.10808936983150687,
            0.09880601884661214,
            0.08093901083845173,
            0.13963258487824481,
            0.08880872072787037,
            0.0904529668796312,
            0.09389528071447555,
            0.07516793189317361,
            0.1269608335878444,
            0.09724728180218914
        ],
        [
            0.1097204551969536,
            0.09517770910071034,
            0.09151741991408631,
            0.09736827186774331,
            0.08345861265654808,
            0.10412219276566265,
            0.09208693874592314,
            0.08205068518320086,
            0.1147110224563549,
            0.12978669211281668
        ],
        [
            0.07177517929924775,
            0.0742735246069819,
            0.1217679131109132,
            0.07611072846828021,
            0.13464695916437686,
            0.08532209011684394,
            0.06885142981728128,
            0.18636958000196016,
            0.07998816423035197,
            0.10089443118376273
        ],
        [
            0.10961193166652843,
            0.09706627900970091,
            0.09263783012191425,
            0.1093987491660968,
            0.08525204340524722,
            0.10806656028053224,
            0.09276369886404735,
            0.07964814620102144,
            0.12279994791457868,
            0.1027548133703326
        ],
        [
            0.10995302257061683,
            0.10611899815025674,
            0.08539950075961616,
            0.1142426763586628,
            0.07015883360525446,
            0.11827084680714188,
            0.09505321014982147,
            0.06270321603510305,
            0.13259291602234544,
            0.10550677954118105
        ],
        [
            0.09362676711087009,
            0.08203308876992178,
            0.07888942172373908,
            0.09904102273511617,
            0.076579346583398,
            0.22006699453376982,
            0.07496197130411816,
            0.06532540136906116,
            0.12383708576165162,
            0.08563890010835416
        ],
        [
            0.08356034467165514,
            0.10502517553232128,
            0.09683605429350235,
            0.08478794673863031,
            0.1006543581728669,
            0.09254459268550828,
            0.15722179204974474,
            0.07469933181321366,
            0.08073104285492928,
            0.1239393611876281
        ],
        [
            0.09195695482568718,
            0.1749290881501544,
            0.08255414433113978,
            0.09476658394669002,
            0.09752643724084137,
            0.09170045725248696,
            0.10416699691864297,
            0.08705789929655426,
            0.08777815137543195,
            0.08756328666237094
        ],
        [
            0.07932026955165775,
            0.09545892069663302,
            0.12338856360899114,
            0.07402160892720956,
            0.11484077337955904,
            0.0907572171812465,
            0.09955852212857362,
            0.11111998308762336,
            0.07780660152186365,
            0.13372753991664232
        ],
        [
            0.07304709070380519,
            0.07402258254019166,
            0.1132326655922443,
            0.07053917472713583,
            0.11214657658941211,
            0.08193936159608241,
            0.0744182366532869,
            0.23299757629517284,
            0.07248189445371901,
            0.09517484084894968
        ],
        [
            0.07032050923866179,
            0.09090514919946718,
            0.10916224610525503,
            0.07001772380960256,
            0.1514056021437608,
            0.09131412698919539,
            0.09326128310999529,
            0.1455811993850944,
            0.0757361844658585,
            0.10229597555310908
        ],
        [
            0.09342643889172661,
            0.09716897710302068,
            0.10338923291419272,
            0.09056493804784078,
            0.09855191659251228,
            0.10923728396502971,
            0.0910960459407555,
            0.08452863450275075,
            0.10824285759227031,
            0.12379367444990058
        ],
        [
            0.07791731619581382,
            0.08809811130913946,
            0.11202173266249847,
            0.075803576651085,
            0.1558058950586227,
            0.09036463435367964,
            0.08601167166289332,
            0.14103545586164404,
            0.07575552559860729,
            0.09718608064601629
        ],
        [
            0.07955829157363338,
            0.09368933429711754,
            0.08652584927078599,
            0.08061426344549298,
            0.07782061461724124,
            0.21262948068739093,
            0.08144746354744421,
            0.07620991904369104,
            0.10346398961547926,
            0.10804079390172343
        ],
        [
            0.10948440037992434,
            0.07991293512866635,
            0.09296849067701465,
            0.1268127265199982,
            0.09060811002603913,
            0.09073853358205552,
            0.08577897624209647,
            0.08752141583064031,
            0.15233123305719398,
            0.08384317855637095
        ],
        [
            0.11192505237140198,
            0.11159785198468583,
            0.09131320208133653,
            0.1112238134029311,
            0.08950084876575978,
            0.09671179619533046,
            0.10394406434414095,
            0.06862955105873053,
            0.1126072496207265,
            0.10254657017495622
        ],
        [
            0.102893282993815,
            0.10799768567021242,
            0.0859446941276959,
            0.12892654269490766,
            0.07645328675345411,
            0.10426960049167694,
            0.10044245129489529,
            0.0687914260307983,
            0.11499473120596404,
            0.1092862987365803
        ],
        [
            0.1268809695730581,
            0.10872645263054266,
            0.09841425881227764,
            0.1241776790244743,
            0.07029771144135358,
            0.09281097402941034,
            0.11194723867465486,
            0.06445736081645578,
            0.11587261844855132,
            0.0864147365492214
        ],
        [
            0.11929522242034012,
            0.10948365520166545,
            0.0804094659888627,
            0.1340140546610451,
            0.0873683728250993,
            0.07886476622663033,
            0.13172108941572602,
            0.07400820313484052,
            0.10599424069217461,
            0.0788409294336158
        ],
        [
            0.1213137626733518,
            0.09120311843266393,
            0.08871673491951158,
            0.1274229352274215,
            0.09535306636298141,
            0.10048677725224234,
            0.11012544314417619,
            0.06845992712794517,
            0.10182946106495551,
            0.0950887737947505
        ],
        [
            0.09177008202044085,
            0.09942837037294149,
            0.12748956154316685,
            0.08947201552539952,
            0.09389420297469629,
            0.10706475354199045,
            0.0946930688407227,
            0.0858037209665607,
            0.10435804886992361,
            0.10602617534415755
        ],
        [
            0.1199423176336619,
            0.0932108678461918,
            0.09400658259856838,
            0.11376914451153666,
            0.08027910345587921,
            0.10420245905111053,
            0.09354752229280797,
            0.0768649210216394,
            0.12587015620890823,
            0.09830692537969585
        ],
        [
            0.10698579944195591,
            0.1015493190543812,
            0.09684102715165478,
            0.11755495156168648,
            0.08139661536771607,
            0.09535297614738565,
            0.10166758882820882,
            0.06884224826700602,
            0.11038119162896265,
            0.11942828255104225
        ],
        [
            0.08365756948395496,
            0.08756167401598558,
            0.11332502843070733,
            0.08258923216654618,
            0.11556760339270596,
            0.1117110698198278,
            0.08738442357696584,
            0.11945342587884233,
            0.09756865342471442,
            0.10118131980974951
        ],
        [
            0.0957147215922412,
            0.09844249318008406,
            0.10454679445630323,
            0.0929399545301399,
            0.09712535067346675,
            0.09344040533519472,
            0.10278173576326073,
            0.0875535903387971,
            0.11144413267356695,
            0.11601082145694523
        ],
        [
            0.07151201986307125,
            0.09934593202184763,
            0.12086292954571386,
            0.07807610817122959,
            0.14134273703303302,
            0.088976490755957,
            0.0809251657003003,
            0.1496253097991526,
            0.0658432671275629,
            0.10349003998213195
        ],
        [
            0.08654741672878684,
            0.1007103286916133,
            0.1098979729952725,
            0.08573032121102743,
            0.0969114462117373,
            0.09630254991391136,
            0.10450256285366195,
            0.08618513545637917,
            0.09757704062009491,
            0.13563522531751515
        ],
        [
            0.1140779326256585,
            0.0843869098627616,
            0.10436455867696369,
            0.11503181427793148,
            0.10179535609892343,
            0.09717002011155015,
            0.07399308947802716,
            0.11402517429806856,
            0.11503795627517147,
            0.08011718829494399
        ],
        [
            0.07967811337273589,
            0.08487735364816701,
            0.10443950879464658,
            0.07751272468261027,
            0.12288069987197878,
            0.11085606698171517,
            0.07057585499376368,
            0.14672986659506546,
            0.09224121216960461,
            0.11020859888971246
        ],
        [
            0.051560497608074456,
            0.07201404666867318,
            0.14416672667254057,
            0.05707106564505226,
            0.16487547596855395,
            0.08730999345503378,
            0.08543347175198444,
            0.19910238994011045,
            0.06383321317538906,
            0.0746331191145879
        ],
        [
            0.0986574494736597,
            0.10811952790842506,
            0.1027231491005382,
            0.0865631736709023,
            0.1021747891366611,
            0.10403824677551231,
            0.11356573802680617,
            0.09250847820210055,
            0.08611471421498966,
            0.10553473349040493
        ],
        [
            0.11365815398845265,
            0.0845382529877795,
            0.0982027482468057,
            0.10388226370432775,
            0.08875860241226363,
            0.09368048574166739,
            0.09470037276672573,
            0.07791995640560496,
            0.15565233174843607,
            0.08900683199793655
        ],
        [
            0.08525044986774769,
            0.19735226204632395,
            0.08228643929345164,
            0.08656066557721362,
            0.07864432416468693,
            0.0813795425282283,
            0.15234590167877055,
            0.06771064468054332,
            0.0743933253053834,
            0.09407644485765068
        ],
        [
            0.05691900471852747,
            0.06916647093503743,
            0.09470777443711442,
            0.058521670332116506,
            0.14162302289949014,
            0.06937362507707874,
            0.0663841451071106,
            0.32877979309847133,
            0.05535655985035227,
            0.059167933544701165
        ],
        [
            0.11186814850884647,
            0.08507500644798709,
            0.09316866480039686,
            0.11809328406194933,
            0.07373750146351198,
            0.10108365838547773,
            0.08929109538776826,
            0.07234188739031054,
            0.13643493585686717,
            0.11890581769688457
        ],
        [
            0.07567459382104622,
            0.08799742344919609,
            0.1279042506009111,
            0.07495046994598055,
            0.13069573908464346,
            0.0968320048194733,
            0.08577531463165596,
            0.13354322238168348,
            0.08873145291025702,
            0.09789552835515279
        ],
        [
            0.1345338656546538,
            0.09533525727942502,
            0.08488532482307587,
            0.12229955923402086,
            0.08697487811469375,
            0.0943159834798101,
            0.0963258831599783,
            0.07599314119714193,
            0.12076978551074817,
            0.08856632154645222
        ],
        [
            0.06365809255204931,
            0.08244946262517988,
            0.1239614267194423,
            0.06242711758380714,
            0.15859971214955434,
            0.09446290418719194,
            0.10547535035179477,
            0.15425605825880642,
            0.0745239306512389,
            0.08018594492093507
        ],
        [
            0.09069710635572605,
            0.09958360301646772,
            0.10823766202765828,
            0.08721551082935793,
            0.1007238639348546,
            0.11322424126521342,
            0.09574119244055572,
            0.0869371188749502,
            0.10350286883283691,
            0.1141368324223791
        ],
        [
            0.08576675509733288,
            0.09866702443085186,
            0.12019632615679461,
            0.09565241195303477,
            0.11811950393188422,
            0.09138235225879025,
            0.07095297131723505,
            0.13892843897305732,
            0.09968555923653577,
            0.0806486566444833
        ],
        [
            0.09272429278743727,
            0.10355019035967204,
            0.10379308614083183,
            0.0923933134837468,
            0.10159229997667463,
            0.0860685945178035,
            0.15740854988186395,
            0.08658209568194758,
            0.07986769546759938,
            0.09601988170242304
        ],
        [
            0.07588240250303457,
            0.07512940663053518,
            0.10929621720909155,
            0.07323158976069677,
            0.11364231157058574,
            0.07986092326138045,
            0.07472542207554628,
            0.2417657215018489,
            0.07195258079240303,
            0.0845134246948774
        ],
        [
            0.11222735896473879,
            0.11442782028724274,
            0.09079758515478732,
            0.12710375088802542,
            0.07647249511028646,
            0.09515981223938041,
            0.08766056728124749,
            0.0724159405465055,
            0.13633618393487132,
            0.08739848559291445
        ],
        [
            0.07463960301966102,
            0.08688291170006146,
            0.12670569782934923,
            0.07177112515183341,
            0.13525762874678002,
            0.08779168666922509,
            0.0876856244075923,
            0.15903807744522194,
            0.06681287432451535,
            0.10341477070576019
        ],
        [
            0.09898576081607544,
            0.10016810685979881,
            0.08902542055203629,
            0.0988606888013492,
            0.09704482579166177,
            0.13925075720620442,
            0.08524706472747169,
            0.08669555965839365,
            0.11438369216017318,
            0.0903381234268355
        ],
        [
            0.09067584124211646,
            0.10503180423313943,
            0.10358064382405167,
            0.08495151269789168,
            0.09283032101671324,
            0.10610520573229205,
            0.12426851271932106,
            0.07763057901741616,
            0.08835128539392871,
            0.1265742941231295
        ],
        [
            0.10936219001719541,
            0.10028481115409045,
            0.09917486157094312,
            0.10038761171093291,
            0.08777617463353488,
            0.09526224829992062,
            0.098524071100216,
            0.08107500532740759,
            0.11602582709923079,
            0.11212719908652807
        ],
        [
            0.08946431417498292,
            0.10773867069640732,
            0.12169631515611189,
            0.08267281179069771,
            0.1244247448913999,
            0.0821276766723854,
            0.08512953507889096,
            0.12841548563807245,
            0.08322025166918927,
            0.09511019423186211
        ],
        [
            0.17780040059232644,
            0.09210520560698848,
            0.0909235246911152,
            0.08548517896878396,
            0.08369949746048812,
            0.0899668510152087,
            0.08974697842216038,
            0.07550073537149025,
            0.10798717432982706,
            0.1067844535416114
        ],
        [
            0.10385602976426099,
            0.10013409169646187,
            0.1017325217710776,
            0.10586372160853096,
            0.09537833117957467,
            0.10580627371918673,
            0.08934715647310668,
            0.08366106252032032,
            0.11704945249999182,
            0.0971713587674883
        ],
        [
            0.10561996509146894,
            0.09937620442925484,
            0.10056474735999119,
            0.10067844882594351,
            0.07711412562818018,
            0.09038467495782472,
            0.11122345941782397,
            0.08303264891703517,
            0.10825432347609619,
            0.12375140189638115
        ],
        [
            0.10737262350746962,
            0.09951997370430725,
            0.08866093814760038,
            0.10770436598562365,
            0.0838340039371925,
            0.08566020467531248,
            0.11464126772423815,
            0.06914448371377302,
            0.14613694831534255,
            0.09732519028914037
        ],
        [
            0.11078351405922593,
            0.09824240934175033,
            0.08324287555938048,
            0.11392833107347941,
            0.07453307341873995,
            0.09650518752243832,
            0.14778531148277876,
            0.06443570397385281,
            0.11482118924270916,
            0.09572240432564491
        ],
        [
            0.13311545382708379,
            0.11798658153478056,
            0.07281092725070631,
            0.16364347857080794,
            0.057520776031222985,
            0.09070794515184578,
            0.09328889546890964,
            0.05507398303670178,
            0.10980949543940031,
            0.10604246368854083
        ],
        [
            0.07479495991477011,
            0.08145184658153949,
            0.10513690438951871,
            0.0793065735793196,
            0.1778852690883228,
            0.08832418171222953,
            0.09251261207096745,
            0.14847138401967305,
            0.0739900182760719,
            0.07812625036758739
        ],
        [
            0.0798325397610014,
            0.08459928655604947,
            0.11727272243632493,
            0.08285313835154648,
            0.11898771791169137,
            0.11939611361057344,
            0.08084492179217907,
            0.11324239323350689,
            0.10264779290008975,
            0.10032337344703722
        ],
        [
            0.08628188690549671,
            0.09914830234857815,
            0.10387419822469089,
            0.08376919595754675,
            0.10384408466742423,
            0.15325529519526676,
            0.08167233568013048,
            0.09890981055398004,
            0.09717216426180597,
            0.09207272620508009
        ],
        [
            0.07582736764612964,
            0.07877983631296774,
            0.14590908127779975,
            0.07887638245464935,
            0.13972680936431714,
            0.11838476949873476,
            0.06936239943725422,
            0.11883688861174643,
            0.08547662822983007,
            0.08881983716657095
        ],
        [
            0.12302107528298352,
            0.10157800376953338,
            0.0913137809327131,
            0.12056105827050427,
            0.06855505011282637,
            0.10242715303766109,
            0.09227979737275499,
            0.059930666130945526,
            0.13856254657190914,
            0.10177086851816847
        ],
        [
            0.1068277456776182,
            0.1052845223190552,
            0.10054074511126569,
            0.09417470938639486,
            0.09943879453201544,
            0.09438340918231505,
            0.09194888798440619,
            0.08892874487837275,
            0.11044394017987998,
            0.10802850074867655
        ],
        [
            0.08574866848892543,
            0.1104178064285292,
            0.11465395457275653,
            0.07995876325460784,
            0.09447432455011702,
            0.1063151661968488,
            0.11128205970204419,
            0.07814800102413857,
            0.08769202274300474,
            0.13130923303902764
        ],
        [
            0.21799184119770978,
            0.11412053957910512,
            0.07514252840595284,
            0.11476648057919808,
            0.06523393822322383,
            0.08544882364318687,
            0.09999049485953179,
            0.05393674375000277,
            0.09651217526751049,
            0.0768564344945784
        ],
        [
            0.12063059253390847,
            0.09628742546505635,
            0.09360762920589678,
            0.12582297600903777,
            0.07373169724112266,
            0.10288592449064278,
            0.08728174409101731,
            0.06707132172930534,
            0.1457576743821166,
            0.08692301485189596
        ],
        [
            0.06306078820063225,
            0.0702809365654682,
            0.09687817716998705,
            0.062204535871672774,
            0.13478198097998073,
            0.08555258296261022,
            0.06631641719657093,
            0.2811756260948167,
            0.0598278153649489,
            0.07992113959331232
        ],
        [
            0.08091513131569958,
            0.10940004440492278,
            0.11170129847161757,
            0.07679971116152937,
            0.1000417974651929,
            0.10598690834095029,
            0.11534075084200374,
            0.09432285081433411,
            0.08251041828236504,
            0.1229810889013845
        ],
        [
            0.10316153391630214,
            0.09652645345100976,
            0.09995026994271126,
            0.10316180809607647,
            0.0987978585758159,
            0.07402289982384834,
            0.1394660956276543,
            0.08895096806310104,
            0.09407361240205049,
            0.10188850010143025
        ],
        [
            0.1447141158628287,
            0.09933615773771472,
            0.07153206854922868,
            0.17700754332984295,
            0.06537549825674989,
            0.07396586012643232,
            0.0795802088192834,
            0.05897887452164465,
            0.12386600014239163,
            0.10564367265388296
        ],
        [
            0.12705205883761497,
            0.09919479773254716,
            0.08908253272772335,
            0.10131651651845434,
            0.0876818287821632,
            0.09803563903854831,
            0.10273024021123271,
            0.0786132622782789,
            0.11376897369312264,
            0.1025241501803143
        ],
        [
            0.09530075113330011,
            0.10055363876792461,
            0.08309014353425415,
            0.0825383879418903,
            0.07448117723679364,
            0.1696217107673409,
            0.13110087032213122,
            0.06516330986544444,
            0.08671056118103833,
            0.11143944924988221
        ],
        [
            0.10773873894129887,
            0.0935858900298471,
            0.0992839564119835,
            0.12409246453347113,
            0.08748257832323106,
            0.10029281702493714,
            0.08531557846050333,
            0.07880107770720368,
            0.12359554977184256,
            0.09981134879568161
        ],
        [
            0.11309646809735295,
            0.09781214476207913,
            0.08410658934672444,
            0.12526881122959538,
            0.09164564469733659,
            0.08473211922100007,
            0.10175255728465388,
            0.09976058361735231,
            0.1169297175219094,
            0.08489536422199583
        ],
        [
            0.30123903022722964,
            0.08970805768813685,
            0.07543303001898004,
            0.06401024290671939,
            0.07694236025497908,
            0.09076130633071548,
            0.0874847302914691,
            0.05988215862826665,
            0.061162390823552605,
            0.0933766928299511
        ],
        [
            0.1360808723149909,
            0.11165993614821602,
            0.07893685407446123,
            0.1392563216783477,
