{
    "accuracy": 0.64,
    "classification_report": "              precision    recall  f1-score   support\n\n           0       0.64      0.45      0.53        20\n           1       0.82      0.45      0.58        20\n           2       0.76      0.65      0.70        20\n           3       0.57      0.60      0.59        20\n           4       0.65      0.55      0.59        20\n           5       0.90      0.90      0.90        20\n           6       0.62      0.75      0.68        20\n           7       0.67      0.70      0.68        20\n           8       0.42      0.85      0.57        20\n           9       0.67      0.50      0.57        20\n\n    accuracy                           0.64       200\n   macro avg       0.67      0.64      0.64       200\nweighted avg       0.67      0.64      0.64       200\n",
    "y_score": [
        [
            0.04490869381289596,
            0.044323030892067614,
            0.016371604590549208,
            0.05227461765193853,
            0.036372666931372276,
            0.19853465849674704,
            0.01255242243479707,
            0.055300101105106254,
            0.43171298505891265,
            0.10764921902561347
        ],
        [
            0.05376707258705636,
            0.062272449875001024,
            0.04558947375250821,
            0.04314594518717092,
            0.16635449645059558,
            0.020549622145743376,
            0.03843452944877007,
            0.00812268448605769,
            0.005968219188188298,
            0.5557955068789081
        ],
        [
            0.06051080861313582,
            0.21260351498237445,
            0.048323029931821096,
            0.02583936670814542,
            0.1431206096448181,
            0.13785691720299958,
            0.015342514454161085,
            0.07528243630300442,
            0.13654605900105266,
            0.1445747431584872
        ],
        [
            0.034079871939043396,
            0.03627619650215397,
            0.0337300810991029,
            0.019633242476959342,
            0.07278749903068037,
            0.4301401270699882,
            0.009268505366690832,
            0.022094820920667634,
            0.2992511608217994,
            0.0427384947729138
        ],
        [
            0.09553637023971011,
            0.18568894570965025,
            0.0470091081292671,
            0.18368255760092386,
            0.036995374764998507,
            0.05417840682953227,
            0.011847200770110046,
            0.05635283477792878,
            0.2943074679689041,
            0.034401733208975084
        ],
        [
            0.008786031705884854,
            0.015062059987815313,
            0.04718348301213687,
            0.05027088236482251,
            0.10526635287334635,
            0.0025730521446105017,
            0.6905906030282897,
            0.017389829360206846,
            0.0028423797367926273,
            0.06003532578609479
        ],
        [
            0.03642983634882659,
            0.058245259533220003,
            0.10589752270493362,
            0.029152625149896867,
            0.16443353514590503,
            0.07431058376061615,
            0.011601190725272778,
            0.11572762957877167,
            0.1560679924904862,
            0.2481338245620717
        ],
        [
            0.0017842228551832532,
            0.015164796661811945,
            0.7177940803727068,
            0.005102813444968262,
            0.13600446171852854,
            0.006404797220587488,
            0.005355622161755352,
            0.10385609634726505,
            0.002738852764907017,
            0.00579425645228651
        ],
        [
            0.0035227059669809646,
            0.01310768799903525,
            0.232905460116422,
            0.01965852948524281,
            0.6573162459543013,
            0.0027411216580061374,
            0.023848685758032,
            0.035410907634922696,
            0.0006018034878216649,
            0.010886851939234967
        ],
        [
            0.08480533894024295,
            0.027758267974121096,
            0.03858459707690267,
            0.013060446222366942,
            0.004265171209193814,
            0.7758952341530486,
            0.011598992764384752,
            0.004925878624436322,
            0.01395958947304067,
            0.025146483562262557
        ],
        [
            0.41134605595691376,
            0.06532440090109207,
            0.007415886271372369,
            0.17771279463027934,
            0.029669315655910068,
            0.008619306271893909,
            0.13469759867396203,
            0.00586585396642542,
            0.0062084989591066776,
            0.15314028871304472
        ],
        [
            0.13972227639362808,
            0.2984591185265296,
            0.015100682461922895,
            0.1722930995574048,
            0.19980455376768094,
            0.018735560693214866,
            0.040386132848878875,
            0.013598996244955997,
            0.013071950071463594,
            0.08882762943432025
        ],
        [
            0.12882909481632243,
            0.07460081277633049,
            0.0393433869735083,
            0.12685863365933753,
            0.08695968314443571,
            0.0317557987360353,
            0.014675726713815855,
            0.08659782427492498,
            0.30116112683924673,
            0.10921791206604252
        ],
        [
            0.16362671395462158,
            0.029704261973949708,
            0.0031460546387575066,
            0.07349190856152497,
            0.014256237610666515,
            0.010727025965835033,
            0.005258283886732676,
            0.006627524011382895,
            0.6456135649845965,
            0.047548424411932806
        ],
        [
            0.13822571615131485,
            0.2872024269466968,
            0.020772879344752616,
            0.26519660240629117,
            0.02557641501297117,
            0.02959689559080968,
            0.00800194075240658,
            0.023593044827901942,
            0.0035616699765247716,
            0.19827240899033094
        ],
        [
            0.0450497763300444,
            0.07089262402495523,
            0.024199898023802756,
            0.5283173147843127,
            0.03664621249548161,
            0.003794916722976606,
            0.2384511623558316,
            0.00410971964021972,
            0.007509467515853049,
            0.04102890810652248
        ],
        [
            0.12680249602529076,
            0.13048641578641745,
            0.011427243300027708,
            0.05745427661257136,
            0.023344266822475576,
            0.07216796832314755,
            0.007756603132191038,
            0.018873635294775027,
            0.4945505697207482,
            0.0571365249823554
        ],
        [
            0.11371401363207695,
            0.018602494705427096,
            0.06651344217192696,
            0.0167820852583736,
            0.02365942943265581,
            0.6821712938207601,
            0.007773390022605637,
            0.015608347070626315,
            0.01592796364464059,
            0.03924754024090656
        ],
        [
            0.1449791232847977,
            0.04294868430215269,
            0.006857751966696327,
            0.08169725005428753,
            0.021876712774443325,
            0.04814088689928621,
            0.007584510041213714,
            0.04817883527355482,
            0.4803200381921272,
            0.11741620721144042
        ],
        [
            0.016179598124575464,
            0.1342057338068039,
            0.17035621685262406,
            0.009595802989771168,
            0.009171847426666654,
            0.004290801810708832,
            0.5381135382132451,
            0.005705944025796103,
            0.0037932908891024635,
            0.1085872258607062
        ],
        [
            0.0070049815927822594,
            0.019578294198827253,
            0.579580303137195,
            0.018653137056775376,
            0.07242981923619861,
            0.028762605913299738,
            0.00720869485388188,
            0.200176852372637,
            0.02769183412894904,
            0.03891347750945364
        ],
        [
            0.2528938502329453,
            0.11468440112114639,
            0.007082533159881591,
            0.10025896354822536,
            0.05064467565057152,
            0.0124990703207427,
            0.36659239976125835,
            0.010497353681643845,
            0.003919518241028751,
            0.08092723428255574
        ],
        [
            0.1270289238800358,
            0.0364438167983266,
            0.013826475267840529,
            0.788485351888228,
            0.0021345084160225266,
            0.003109089151740881,
            0.00443091472670607,
            0.0032881826542809213,
            0.0025846374303402043,
            0.018668099786478612
        ],
        [
            0.004237321685245238,
            0.09711105566274461,
            0.6947373446638099,
            0.0015612546514438207,
            0.06289738688818233,
            0.005629456019065682,
            0.07484536865453169,
            0.009090428220645692,
            0.0013980153945987231,
            0.048492368159732596
        ],
        [
            0.9410928320643519,
            0.005427895218121509,
            0.00025657117944972286,
            0.035192294937206256,
            0.004032556599418751,
            0.0009110528566512395,
            0.0018370675349674325,
            0.000507498290632903,
            0.009077474177015547,
            0.0016647571421848147
        ],
        [
            0.01330659674657888,
            0.8442106783921979,
            0.02856911920487409,
            0.010059008209244784,
            0.024259024872490237,
            0.0026044513992472752,
            0.0323129492240361,
            0.015580632834736974,
            0.0019943859559301185,
            0.02710315316066368
        ],
        [
            0.07306885280012387,
            0.028156008235700383,
            0.09080372698269357,
            0.04511033320025273,
            0.10975859202266017,
            0.06523035218063965,
            0.012514122134107113,
            0.1293883515688048,
            0.4166522080768364,
            0.029317452798181126
        ],
        [
            0.4929589126293271,
            0.03961974495319392,
            0.026831837533136435,
            0.07529448891007788,
            0.010846553687579556,
            0.18180934360880052,
            0.006833318742721013,
            0.010653024316517858,
            0.10363530286948276,
            0.05151747274916283
        ],
        [
            0.06177607194098287,
            0.05408549135964072,
            0.047185639754325305,
            0.07077527843448095,
            0.09415953824325161,
            0.29276301092786894,
            0.01932363795288566,
            0.09884139117484003,
            0.17484593995226858,
            0.08624400025945488
        ],
        [
            0.023239047483571196,
            0.08665057089672111,
            0.03610937960380451,
            0.028498690517183015,
            0.04516835577143598,
            0.6116421248664569,
            0.008921887801436684,
            0.04013972464174888,
            0.06654648876532979,
            0.053083729652312076
        ],
        [
            0.013611462795845675,
            0.04875822350330988,
            0.04668598970947038,
            0.22323806763565965,
            0.05504621299898835,
            0.003884728321328332,
            0.5730014442585998,
            0.006525760418187741,
            0.003756385493256032,
            0.025491724865353674
        ],
        [
            0.0005081217985357424,
            0.012179268243615747,
            0.9015629199821031,
            0.0009381348437449576,
            0.014425403161775643,
            0.0006136717832230502,
            0.061158184151777754,
            0.00429903767964277,
            0.00017026142536033428,
            0.004144996930220447
        ],
        [
            0.01029633728275886,
            0.03993540483014055,
            0.15268031482549188,
            0.02712866360708996,
            0.11086794215590358,
            0.366448716602471,
            0.01586545443366137,
            0.11284772401158354,
            0.017621786686514013,
            0.14630765556438532
        ],
        [
            0.6248601330674165,
            0.03282209744214741,
            0.02570471486342572,
            0.12672515717738678,
            0.12841819973858606,
            0.007694488140686338,
            0.018686379852352455,
            0.01035030954275065,
            0.0069569856737499184,
            0.01778153450149812
        ],
        [
            0.003630839068124876,
            0.9665589367272588,
            0.0008945338905033842,
            0.0001587612816126911,
            0.008760183412752311,
            0.00671552200591243,
            0.0023781282101399907,
            0.0009063676887148303,
            0.0019535591052263664,
            0.00804316860975441
        ],
        [
            0.017020500174189244,
            0.08921190663354757,
            0.011068663355906849,
            0.12282729622748695,
            0.1678457141492022,
            0.005292290738426284,
            0.4780526225522392,
            0.00939029220543229,
            0.004253280447869983,
            0.09503743351569961
        ],
        [
            0.002399790695161774,
            0.029257495578056694,
            0.019966573825940713,
            0.004666269617189512,
            0.06373348024775861,
            0.0022306428404335332,
            0.14997002283638386,
            0.005995386415891518,
            0.0017041976096402983,
            0.7200761403335436
        ],
        [
            0.013458027152105033,
            0.021289198434167173,
            0.2599938632104721,
            0.009671885551543661,
            0.17630469920528102,
            0.008915983570687631,
            0.005476394865208133,
            0.48456484605787437,
            0.010608159716770624,
            0.009716942235890553
        ],
        [
            0.002678203992105498,
            0.1380548964224603,
            0.5030752361203511,
            0.002112874018861405,
            0.0261779506627745,
            0.006445488132588957,
            0.29003970799982265,
            0.007082038856187667,
            0.0008071124876321341,
            0.023526491307215798
        ],
        [
            0.5551512962572194,
            0.06104044712253638,
            0.0007561773597105274,
            0.2702885309951249,
            0.014173781378146727,
            0.005903290520554822,
            0.03440010803940957,
            0.0020961968234307874,
            0.03535030823761404,
            0.020839863266253027
        ],
        [
            0.056059910505258465,
            0.06439933139918934,
            0.018941338427134864,
            0.2737789537774072,
            0.08129033391931482,
            0.020959660101719593,
            0.00882455547005928,
            0.060222022620237674,
            0.35732650206383876,
            0.05819739171584016
        ],
        [
            0.11659741121967404,
            0.03162227509791524,
            0.005102541420484108,
            0.09935938311207436,
            0.010786323279073057,
            0.011583318103985935,
            0.012698087211068996,
            0.049848586332461975,
            0.46331699026747364,
            0.1990850839557886
        ],
        [
            0.01839199454651563,
            0.02000203366477153,
            0.05293502212815222,
            0.0422171506149999,
            0.20889325010342932,
            0.010840279505525484,
            0.006436725330764138,
            0.5892608085229958,
            0.02031057541561407,
            0.030712160167232345
        ],
        [
            0.7331732949869989,
            0.02634276370255446,
            0.006908992204966395,
            0.05063585122862351,
            0.009713470672841538,
            0.018120212518621864,
            0.005124347761415988,
            0.014044579597437231,
            0.11805781459488097,
            0.017878672731658895
        ],
        [
            0.07698302640959578,
            0.09843597736640057,
            0.011932393182842138,
            0.10726129800285791,
            0.02430078510225227,
            0.3588652890874146,
            0.009464858523559827,
            0.03761606756909315,
            0.22482759623650914,
            0.05031270851947468
        ],
        [
            0.03465240256217005,
            0.017885705104757715,
            0.016078535158425437,
            0.020810721183247317,
            0.020983823854509965,
            0.6561699672354003,
            0.008804966498782263,
            0.024588590103918673,
            0.1771090703750737,
            0.022916217923714913
        ],
        [
            0.002001611101042595,
            0.013582373464982117,
            0.0137502929376448,
            0.014333839847745463,
            0.033844245311932614,
            0.0026717619114819454,
            0.8689224724408985,
            0.003751280663258258,
            0.0012863464194950752,
            0.04585577590151823
        ],
        [
            0.013089088497128294,
            0.916969521341441,
            0.0063318542516652395,
            0.018391191357477812,
            0.013866379385831875,
            0.00149054150970242,
            0.0120044206056155,
            0.005339304277062295,
            0.002500853235828071,
            0.010016845538247627
        ],
        [
            0.003252754797566051,
            0.03634562339927912,
            0.1472453682769293,
            0.009331124491898317,
            0.3117757011654687,
            0.0022374248655445627,
            0.19766459796034525,
            0.03370409160908122,
            0.0030389665529509447,
            0.2554043468809364
        ],
        [
            0.002013529856153731,
            0.004640580388333438,
            0.029177490467745086,
            0.005207305956641274,
            0.09317851269806415,
            0.0012889992374919923,
            0.01276170279848626,
            0.8448901440942754,
            0.0005224907091480223,
            0.006319243793660486
        ],
        [
            0.00459713387327516,
            0.01879030643936697,
            0.019421527633566353,
            0.004166672416423563,
            0.9085391765193498,
            0.0023112019680683682,
            0.0070750436725257855,
            0.02256033859213003,
            0.0005731887994966204,
            0.011965410085797212
        ],
        [
            0.026481473720704987,
            0.05769409612438419,
            0.28888811851463064,
            0.035436618200949635,
            0.09864567669798303,
            0.07166605928164917,
            0.02456890185076745,
            0.13313215694890293,
            0.05046870041898679,
            0.2130181982410406
        ],
        [
            0.004047458701997698,
            0.016412075107301513,
            0.12983720760890768,
            0.009649614341947268,
            0.7315945194873031,
            0.0027101099690169557,
            0.035632662825539334,
            0.05863299253501274,
            0.0005873321588750675,
            0.010896027264098601
        ],
        [
            0.02351028443614167,
            0.07262856120327417,
            0.02858806765757806,
            0.020382597612752008,
            0.03173497397706027,
            0.5618847269180294,
            0.012078719878324458,
            0.07888521435298966,
            0.051026109236134355,
            0.11928074472771612
        ],
        [
            0.11709202428714494,
            0.00911582658605353,
            0.005057148735443509,
            0.1117655996434559,
            0.018904224829505677,
            0.008924131309360256,
            0.004812148180097212,
            0.026242454031431085,
            0.6878328078837778,
            0.010253634513729766
        ],
        [
            0.10419332581956275,
            0.25331310787317945,
            0.017287568698027566,
            0.1545063576532256,
            0.07589445161493236,
            0.01339327121697436,
            0.3175449224656738,
            0.004951505192056181,
            0.00471088364018202,
            0.05420460582618609
        ],
        [
            0.052761931836475776,
            0.05622667235915567,
            0.027208596534146177,
            0.34529222081405325,
            0.025386656949684436,
            0.02612888249531547,
            0.015940629674094764,
            0.02911661042612931,
            0.18836523486568688,
            0.2335725640452578
        ],
        [
            0.0377668389602067,
            0.26790620833244094,
            0.22959353563849705,
            0.04028442101033011,
            0.015485740442659176,
            0.007379950589847626,
            0.33714465313396624,
            0.012532032948686789,
            0.011014921473165122,
            0.04089169747019992
        ],
        [
            0.027045388928163213,
            0.520572703740747,
            0.007865823304439844,
            0.2031834808991527,
            0.02470533203501937,
            0.003472832995221229,
            0.18495638067509843,
            0.006191543582698452,
            0.004802669999554273,
            0.017203843839905628
        ],
        [
            0.15618021425043613,
            0.06333507120042228,
            0.08304383701112626,
            0.3096530925284572,
            0.022332134676299395,
            0.13515017376326352,
            0.010345086119295343,
            0.01288089121350414,
            0.11045918548536875,
            0.09662031375182696
        ],
        [
            0.11939154545773106,
            0.18111128465882748,
            0.0616257243273107,
            0.08750842261148936,
            0.07870773372887757,
            0.07903817871079426,
            0.015624291388719081,
            0.05629590181089007,
            0.26984965727710275,
            0.05084726002825724
        ],
        [
            0.2752466968340074,
            0.032168744826938794,
            0.00986490322993107,
            0.1053528167492468,
            0.03952556663456451,
            0.03803737030905346,
            0.01159344780481316,
            0.060380901019789254,
            0.39182802679832035,
            0.036001525793335876
        ],
        [
            0.2046382896353993,
            0.05014510247176419,
            0.06800916359694752,
            0.0456774397897913,
            0.014979883902898356,
            0.4583237138477606,
            0.010297014702488701,
            0.006278876693859046,
            0.12587755845676862,
            0.015772956902322596
        ],
        [
            0.05681839328575612,
            0.06785604338088776,
            0.05583789144180019,
            0.09347300501111483,
            0.12195499558959362,
            0.06411623839282597,
            0.014710523629490664,
            0.22776671250766972,
            0.1468201446217747,
            0.1506460521390865
        ],
        [
            0.07345778837692267,
            0.05625697187723009,
            0.05170704325330827,
            0.09290061647660137,
            0.10271976899629111,
            0.030230931700865722,
            0.012097248392120685,
            0.1303639756190867,
            0.2728432432241934,
            0.17742241208337992
        ],
        [
            0.010912721224172616,
            0.11140009504274358,
            0.005215437321325137,
            0.001917485962306883,
            0.7757083636634163,
            0.006088625533946707,
            0.004582576931377032,
            0.007927969538627275,
            0.0014632052433383308,
            0.07478351953874614
        ],
        [
            0.016823942054000382,
            0.05340881906926243,
            0.10280611707372711,
            0.026167435865574816,
            0.08436877493130211,
            0.036293256104220545,
            0.013179986279423812,
            0.1819189042605509,
            0.05282454802100679,
            0.43220821634093115
        ],
        [
            0.11981411747366158,
            0.05218887374473653,
            0.034334344690254766,
            0.0677566500105456,
            0.09848384489395881,
            0.14781756629650727,
            0.010382868386755366,
            0.08835389145277533,
            0.3545316433439086,
            0.02633619970689644
        ],
        [
            0.03619578928665903,
            0.12003626871753156,
            0.028072518346310388,
            0.07667639638410194,
            0.1304161549557455,
            0.03904431259201849,
            0.018554428337389982,
            0.15151865875101536,
            0.07838694250621643,
            0.3210985301230111
        ],
        [
            0.001811056232911624,
            0.005203560872925852,
            0.2411379019043728,
            0.002460152661210783,
            0.27448213184067977,
            0.003250661985654969,
            0.0045142359100275925,
            0.4604862336660038,
            0.00256451168737879,
            0.004089553238834289
        ],
        [
            0.02065212762215117,
            0.17868237412475332,
            0.009049852041843847,
            0.03837312481128498,
            0.11811967408149593,
            0.01044331760534183,
            0.5564545636353648,
            0.006117729008601494,
            0.0020288902263002817,
            0.06007834684286219
        ],
        [
            0.13107205138976555,
            0.024213039087100513,
            0.009580494232917229,
            0.053215052221367194,
            0.03779554999393808,
            0.032203395212574135,
            0.014784744988732692,
            0.047348856821207166,
            0.6146764767415872,
            0.0351103393108097
        ],
        [
            0.008930268072032302,
            0.8347531753725558,
            0.016832956544260858,
            0.0197860491357588,
            0.019795380808173373,
            0.0028128826383554727,
            0.06021837580825477,
            0.009722313335815254,
            0.001508614392694287,
            0.025639983892099646
        ],
        [
            0.0038933562251170476,
            0.01274709706096084,
            0.004629725413869206,
            0.005268153142830183,
            0.09270423691616674,
            0.0005257621608616505,
            0.009108166905482053,
            0.8685122871478707,
            0.0010550469343596016,
            0.0015561680924820508
        ],
        [
            0.03787780704974809,
            0.028205388369672943,
            0.11602644629804842,
            0.06273037554051707,
            0.07876831296848111,
            0.038398133019766495,
            0.012041632319539634,
            0.05190266050629246,
            0.23710844319210428,
            0.3369408007358294
        ],
        [
            0.07393129025794733,
            0.045483913569741366,
            0.04595915956282959,
            0.013415515532936451,
            0.34064124065676554,
            0.022377237102132713,
            0.012404603863153646,
            0.34925154637931694,
            0.06615854344833323,
            0.030376949626843217
        ],
        [
            0.41601864689724205,
            0.11665653309716158,
            0.0025508126493282335,
            0.3164553979125777,
            0.03647342510963043,
            0.012040887862465634,
            0.06515644741960523,
            0.006072292802307221,
            0.01563881589466378,
            0.012936740355018362
        ],
        [
            0.013025721719348429,
            0.026186046683738435,
            0.13682443244537376,
            0.018373677571293826,
            0.18250201242319128,
            0.036419550236188605,
            0.012768762692855515,
            0.5237875129211698,
            0.02279695560044706,
            0.027315327706393312
        ],
        [
            0.05860791723234492,
            0.15849644181683645,
            0.02785577061655186,
            0.029270002836538283,
            0.20984961222296047,
            0.0635999170306573,
            0.007906319930762159,
            0.07352854249102159,
            0.1885886736435964,
            0.18229680217873132
        ],
        [
            0.022026733073087786,
            0.042762157176145454,
            0.20347464056016404,
            0.08789861447494754,
            0.08070596654731008,
            0.027264868032197315,
            0.011245695550686425,
            0.4584078032402187,
            0.03392902681317789,
            0.032284494532064785
        ],
        [
            0.012434901849629653,
            0.00672779067830205,
            0.021405240340181597,
            0.8999214681983843,
            0.005730413324065136,
            0.0017300642055423994,
            0.044800399307864315,
            0.002116218341271603,
            0.0015798623482457287,
            0.0035536414065130213
        ],
        [
            0.01854992044523573,
            0.018638509849535464,
            0.013415076685921108,
            0.010687870428171268,
            0.09088578874781128,
            0.001268018058929918,
            0.010947334910051452,
            0.8188405774890262,
            0.0014629944390836425,
            0.015303908946234466
        ],
        [
            0.11781568230644543,
            0.07351988174621692,
            0.021555324673540394,
            0.12462719976669151,
            0.041549805390071956,
            0.052553082432492244,
            0.010663592557948746,
            0.07992428212634418,
            0.45382812477632717,
            0.023963024223921534
        ],
        [
            0.008279991905143926,
            0.009249272921748949,
            0.15844074680135128,
            0.011167626104120558,
            0.7105452752190614,
            0.001554535732523627,
            0.01916151527258909,
            0.06391317255322665,
            0.0009908126454016525,
            0.016697050844832955
        ],
        [
            0.04460395878405667,
            0.07022457600915417,
            0.009657803839435776,
            0.04171416761229613,
            0.01933714882945289,
            0.6225164237639014,
            0.013343002235120388,
            0.028188454765803832,
            0.10842704962036294,
            0.04198741454041616
        ],
        [
            0.003420908216055803,
            0.02728593720696735,
            0.09660092290573483,
            0.012642597438416328,
            0.13469116785181875,
            0.005480698255986166,
            0.33374053230748735,
            0.017298569221305644,
            0.00433396293617043,
            0.36450470366005766
        ],
        [
            0.09078627248882831,
            0.12919918280510798,
            0.017433914681311884,
            0.17501922788721144,
            0.05799007507829788,
            0.04656831183939165,
            0.014478015907228012,
            0.0784181975644523,
            0.25272985271388493,
            0.13737694903428546
        ],
        [
            0.015695421395643106,
            0.043921948457079675,
            0.1512158165672775,
            0.02187270920009349,
            0.6559458224533143,
            0.002203309634842689,
            0.02025472991165865,
            0.07481597855841042,
            0.001542858107498689,
            0.012531405714181482
        ],
        [
            0.04282105123051197,
            0.2604203367901052,
            0.06906046674666202,
            0.019079606971711054,
            0.059922174918083215,
            0.06591905484211512,
            0.01709524485508122,
            0.1222757575152418,
            0.10330545945406724,
            0.24010084667642087
        ],
        [
            0.06433720200440915,
            0.08716843554226847,
            0.014178823464772406,
            0.013746994421835301,
            0.03604006682113734,
            0.25654113939130513,
            0.00799861774189501,
            0.016736125445199812,
            0.4685465666026928,
            0.03470602856448425
        ],
        [
            0.008964014557754536,
            0.0655365506182294,
            0.018436722725928084,
            0.04766454497652951,
            0.03174859862550242,
            0.004141937339729135,
            0.6384077456074784,
            0.005474870176932458,
            0.00540852442681203,
            0.1742164909451038
        ],
        [
            0.09623017350176544,
            0.13904919043500377,
            0.029792718337609707,
            0.13018002493095085,
            0.027074254942765046,
            0.046583561679099696,
            0.040055348521675735,
            0.03896035109504669,
            0.3915934612892364,
            0.06048091526684615
        ],
        [
            0.00541476319157727,
            0.011190467162076749,
            0.01620147443236274,
            0.03943838728484006,
            0.019302907436989925,
            0.004930681433656984,
            0.8745202610240027,
            0.0036409046818778237,
            0.0017659403159625137,
            0.023594213036653138
        ],
        [
            0.3035510847091997,
            0.041462070730454305,
            0.0030433463441269493,
            0.6214821670045604,
            0.0012355220340599423,
            0.0020094571849933775,
            0.002743744737713627,
            0.0027603485030568177,
            0.0056574363891553564,
            0.016054822362679536
        ],
        [
            0.005991249118014175,
            0.014108251025260607,
            0.09264730612831616,
            0.021772281064198783,
            0.6996115624090979,
            0.0012841333933061342,
            0.08460827944091392,
            0.031842046892029185,
            0.0053685270835179665,
            0.04276636344534503
        ],
        [
            0.010741516839915108,
            0.06298371124183094,
            0.022923336797114276,
            0.0029201385897287065,
            0.031439037760472945,
            0.7728803002694945,
            0.007105157400868039,
            0.011104811291410145,
            0.04974738195858029,
            0.028154607850584965
        ],
        [
            0.03619472589722741,
            0.09000468606501397,
            0.029535571903695657,
            0.10337047789154996,
            0.02317061048021876,
            0.5071945041326162,
            0.012288832771698965,
            0.05239223002685218,
            0.08375935499964048,
            0.062089005831486146
        ],
        [
            0.0048461648068983615,
            0.01326635105838814,
            0.5921305999150347,
            0.0021116639590676423,
            0.16204367259296004,
            0.043250138106096736,
            0.002723102368196018,
            0.1552233702239146,
            0.009929958468774435,
            0.014474978500669596
        ],
        [
            0.069502437461185,
            0.08625096961847575,
            0.056949644521357895,
            0.01955462886681523,
            0.05655799258500579,
            0.15518467895517057,
            0.009425176082382209,
            0.024220130596112298,
            0.4864679347024292,
            0.035886406611066235
        ],
        [
            0.07492431402546712,
            0.13360477584147526,
            0.023428598281077077,
            0.09555910592639925,
            0.1709747191145709,
            0.03999111696752552,
            0.01004396936933183,
            0.08301821615931441,
            0.2537054101023602,
            0.11474977421247888
        ],
        [
            0.0011936489860697324,
            0.07619575092406468,
            0.03247711235184402,
            0.001142387330672068,
            0.1023674469888678,
            0.004162985412307177,
            0.157440169926727,
            0.004784363383291676,
            0.001730164828124203,
            0.6185059698680317
        ],
        [
            0.42750007176349714,
            0.15558675208411477,
            0.03297391508069564,
            0.004599981824686425,
            0.12301876153407015,
            0.059301745784648106,
            0.019925083641617575,
            0.011061985572827358,
            0.01060640553203346,
            0.15542529718180925
        ],
        [
            0.051549580505414055,
            0.030523693508925632,
            0.22765087246885685,
            0.0680273826728301,
            0.10326464212647789,
            0.0646433146904413,
            0.01451195290214153,
            0.1561222081285384,
            0.22566191588246703,
            0.05804443711390704
        ],
        [
            0.008094835928447335,
            0.026019947983400807,
            0.011401924697584167,
            0.0084664880676778,
            0.09851906032210975,
            0.001480743371852153,
            0.011038536422026008,
            0.8262559275606847,
            0.0007605884479186961,
            0.007961947198299162
        ],
        [
            0.007706573339740615,
            0.21713452908216163,
            0.02868362002854196,
            0.004043375489613026,
            0.09714395179559583,
            0.005372532747987253,
            0.14452401237026807,
            0.005048265709534664,
            0.007676500794116549,
            0.48266663864244036
        ],
        [
            0.0361867292813226,
            0.03282208688852647,
            0.007356113425578221,
            0.18142783712218163,
            0.07284689060426158,
            0.009646734505479317,
            0.5375416729821141,
            0.007100777447475893,
            0.00888873850410626,
            0.10618241923895395
        ],
        [
            0.3282218484749509,
            0.026801859959855148,
            0.0006899925427814943,
            0.5933815173545463,
            0.0012289458071544758,
            0.0016243758577290529,
            0.0020403071560227888,
            0.0016289228604200185,
            0.01118251554060735,
            0.03319971444593249
        ],
        [
            0.3578015665113788,
            0.11247653650840146,
            0.004960652846835102,
            0.20110206431400496,
            0.06055829586032576,
            0.014857473804391558,
            0.19608924550714452,
            0.007386114983800068,
            0.007135564196140842,
            0.037632485467576915
        ],
        [
            0.004968902033016542,
            0.08963946053364223,
            0.017143600455755935,
            0.030830984843825335,
            0.014821909995512495,
            0.0035663973405353736,
            0.7652442444884814,
            0.00731144733997143,
            0.0042204932362919865,
            0.062252559732967915
        ],
        [
            0.04707536073024237,
            0.05228236841663905,
            0.04520741612190141,
            0.5780033286977035,
            0.009942329982028122,
            0.02369774420718112,
            0.011318470411075109,
            0.012522458026849863,
            0.19493060929086833,
            0.025019914115511452
        ],
        [
            0.11598548207473687,
            0.0473724805144874,
            0.004379456934106322,
            0.360800994505176,
            0.007339650668847335,
            0.023025359215093966,
            0.006067970958297648,
