{
    "accuracy": 0.435,
    "classification_report": "              precision    recall  f1-score   support\n\n           0       0.50      0.25      0.33        20\n           1       0.78      0.35      0.48        20\n           2       0.50      0.65      0.57        20\n           3       0.50      0.25      0.33        20\n           4       0.88      0.35      0.50        20\n           5       0.41      0.60      0.49        20\n           6       0.42      0.70      0.53        20\n           7       1.00      0.45      0.62        20\n           8       0.22      0.60      0.32        20\n           9       0.27      0.15      0.19        20\n\n    accuracy                           0.43       200\n   macro avg       0.55      0.43      0.44       200\nweighted avg       0.55      0.43      0.44       200\n",
    "y_score": [
        [
            0.025333040843022847,
            0.044306267173429774,
            0.07477690024323908,
            0.05755635181365982,
            0.07173433217498325,
            0.22488113048017797,
            0.010265603114308507,
            0.1429463016205261,
            0.24047122286917252,
            0.10772884966748025
        ],
        [
            0.06718196634637275,
            0.09632078744996535,
            0.07522979722000463,
            0.03380641027552893,
            0.21114340591311712,
            0.05659261454749873,
            0.03392173164019739,
            0.025700058753043726,
            0.02086397613092576,
            0.37923925172334594
        ],
        [
            0.04852829488643858,
            0.06356183253236533,
            0.02628641026882706,
            0.04829747216255323,
            0.08956148196821527,
            0.1733846350934898,
            0.010206791489370442,
            0.08610222271638854,
            0.28591527438391157,
            0.16815558449843987
        ],
        [
            0.016747077512423807,
            0.038573169401890726,
            0.0501002239697096,
            0.019103482343329807,
            0.1076794450011166,
            0.4801217062176474,
            0.008701871974618415,
            0.03837014602813742,
            0.09676921442230248,
            0.14383366312882467
        ],
        [
            0.052607225731314385,
            0.0657984083394522,
            0.09980510701630138,
            0.1719425490198362,
            0.054361662304572615,
            0.08115653312487776,
            0.009088396482003325,
            0.15780557042938614,
            0.262168328720103,
            0.04526621883215361
        ],
        [
            0.02287396872211643,
            0.0422658833057306,
            0.019759076329572838,
            0.08941195333749728,
            0.07848142115590216,
            0.009418406114597978,
            0.6676575481823631,
            0.011829959194338907,
            0.008544271877903199,
            0.049757511779977816
        ],
        [
            0.021539075836522936,
            0.041441897591078906,
            0.11606159669579162,
            0.039314177116105874,
            0.08995414187093342,
            0.22383509073406188,
            0.010785125256529568,
            0.1430075830329248,
            0.18406312559864876,
            0.1299981862674025
        ],
        [
            0.010600065105959601,
            0.02312221690806778,
            0.5522934303727722,
            0.026805032893215123,
            0.11694102768885567,
            0.062288168591262356,
            0.010331695164668139,
            0.11174719780241012,
            0.02508177327356814,
            0.06078939219922063
        ],
        [
            0.026319618662742152,
            0.053515524351017155,
            0.1414842681647466,
            0.04767847800864014,
            0.5103374345004104,
            0.03025784102689612,
            0.04394449880795948,
            0.05210338604468458,
            0.012073353469682009,
            0.08228559696322124
        ],
        [
            0.07114653766198037,
            0.05482450223521393,
            0.08622305466657026,
            0.08073065511782898,
            0.06511118641156911,
            0.5139094899664981,
            0.02113183817910234,
            0.016064461636699577,
            0.036392558784357154,
            0.054465715340180104
        ],
        [
            0.22342763735699359,
            0.1393149200714678,
            0.013072447613787128,
            0.28665228778702273,
            0.09699502215493538,
            0.014545314078844658,
            0.16387975007964561,
            0.01210658708598248,
            0.016248001093516564,
            0.03375803267780344
        ],
        [
            0.06726067243871851,
            0.14631711464710026,
            0.036184047040715456,
            0.10055355894473252,
            0.30325005200048666,
            0.0436040969612155,
            0.11186724065273661,
            0.02813217797931055,
            0.027617023353138846,
            0.13521401598184496
        ],
        [
            0.1255730474367013,
            0.06560736920729314,
            0.018993941875172157,
            0.15695588450320902,
            0.04911828737545605,
            0.0536866104190456,
            0.008255697981954604,
            0.10418936592615814,
            0.3599788695950675,
            0.057640925679942535
        ],
        [
            0.1524650699894769,
            0.04984711416629554,
            0.01089035583075701,
            0.11015530850549186,
            0.0807315599456308,
            0.04131540625223947,
            0.009851255833375311,
            0.03272101831089335,
            0.3454678722141192,
            0.1665550389517206
        ],
        [
            0.08214512470345532,
            0.21111230765617167,
            0.032211172756266525,
            0.1730926599236414,
            0.08824279882565482,
            0.0322829594015263,
            0.0295944256866827,
            0.02014030148016543,
            0.016754857474956034,
            0.3144233920914796
        ],
        [
            0.027366103793280833,
            0.054554559708566264,
            0.02300848719316851,
            0.158038936833615,
            0.0541141569509211,
            0.009277453181490614,
            0.6167897891159896,
            0.009144200068382832,
            0.010882795805663462,
            0.036823517348922016
        ],
        [
            0.03043177423742055,
            0.05326468499487089,
            0.04346511274262061,
            0.043562529257519265,
            0.06959503440386283,
            0.2622637059229936,
            0.009229405514374825,
            0.07517789232685382,
            0.2668009876466123,
            0.14620887295287102
        ],
        [
            0.09802231913531279,
            0.12255726663099395,
            0.027809700096712856,
            0.14102828460691857,
            0.0845747892139883,
            0.3053024777624361,
            0.020040299836610594,
            0.03303231551492739,
            0.07029503712573978,
            0.09733751007635953
        ],
        [
            0.17071874372286874,
            0.05723864006386622,
            0.009744264826482735,
            0.14231059372837762,
            0.05334270565508424,
            0.04961128446404293,
            0.008466171723982261,
            0.051822197509040296,
            0.36228357975062114,
            0.0944618185556334
        ],
        [
            0.024006401872090313,
            0.12346581493952176,
            0.12178704143653528,
            0.043741355324959534,
            0.039120145396594384,
            0.012764360117037294,
            0.5636964116085003,
            0.014907467786143786,
            0.014683876168382385,
            0.04182712535023523
        ],
        [
            0.012524489400479252,
            0.02361336337417659,
            0.5153953336941943,
            0.03988619626297909,
            0.08509634898671002,
            0.07573281994623483,
            0.009541181134433387,
            0.13666527260810796,
            0.04701333186050392,
            0.054531662732180526
        ],
        [
            0.188220689848808,
            0.1394294078474471,
            0.013178726900596344,
            0.14667140400238127,
            0.1888333462756343,
            0.021177820591441833,
            0.22676076478498775,
            0.01295414538993044,
            0.013346263322423908,
            0.049427431036349376
        ],
        [
            0.0818701836536127,
            0.23742578941920114,
            0.029002990605909516,
            0.49255478617487664,
            0.04167837061381848,
            0.01269680441926399,
            0.01999692601484589,
            0.016632176004038535,
            0.0138598625150195,
            0.054282110579413956
        ],
        [
            0.028160566130134755,
            0.07253397805317018,
            0.5434318304878635,
            0.013115258480050034,
            0.08979859048474674,
            0.027582624816335524,
            0.056899318888934736,
            0.018866991980894175,
            0.01437253424213517,
            0.13523830643573434
        ],
        [
            0.7171827390709682,
            0.043825965055191346,
            0.005480746005172757,
            0.11031897685957191,
            0.043293266055986886,
            0.011283937039028273,
            0.015480556028517731,
            0.010484657492923028,
            0.020991576661511652,
            0.021657579731128227
        ],
        [
            0.04483299908706288,
            0.6175064192105215,
            0.0419081086717676,
            0.06814422218849621,
            0.08192895105850247,
            0.017588784895190026,
            0.04970523126397235,
            0.02664878274668722,
            0.018884162285736163,
            0.032852338592064254
        ],
        [
            0.09817045436980545,
            0.04998732971181846,
            0.02875225739598102,
            0.11205464359514196,
            0.06416186643493872,
            0.08054969203254504,
            0.007973865597608487,
            0.11631850698225663,
            0.3809286102574458,
            0.06110277362245789
        ],
        [
            0.14364884226849334,
            0.13584313693155317,
            0.018403715018820835,
            0.17241779733787538,
            0.07490686371690303,
            0.20240047421813712,
            0.019203001238032147,
            0.0257978111159142,
            0.07653492795234777,
            0.13084343020192296
        ],
        [
            0.06757373442214837,
            0.06029373655060958,
            0.035877574349948795,
            0.10548073749173471,
            0.06101460879737865,
            0.14240548078717216,
            0.009300300546361656,
            0.1353308518615416,
            0.30473560003784217,
            0.07798737515526252
        ],
        [
            0.01790827523374746,
            0.04204453678153978,
            0.13384517666451393,
            0.04248245987378296,
            0.07771173811446878,
            0.3159797982891543,
            0.009819784364248624,
            0.1327866308861688,
            0.12989070734066657,
            0.09753089245170896
        ],
        [
            0.022812631427404327,
            0.051155205252650576,
            0.02831164706764086,
            0.12164502670670668,
            0.055947027544319475,
            0.00946638345021528,
            0.65665602002558,
            0.010947125646386755,
            0.00994202362548406,
            0.03311690925361237
        ],
        [
            0.0241428361618487,
            0.06467870914764846,
            0.5591890082924963,
            0.02292084642196511,
            0.133208645075335,
            0.02263219758033841,
            0.05668546117033808,
            0.029098188609039673,
            0.010131042305144361,
            0.0773130652358463
        ],
        [
            0.016168786085270306,
            0.03092069436528225,
            0.38362107224321207,
            0.036095821058044056,
            0.14556390090134338,
            0.1329540589505462,
            0.012593123039495934,
            0.0908812636736066,
            0.029837763626632662,
            0.12136351605656641
        ],
        [
            0.5962351293020305,
            0.050408824583832036,
            0.04087736692208569,
            0.06658343872509853,
            0.11889358907610023,
            0.020769737289819606,
            0.03236079780558563,
            0.01940820637106725,
            0.015034302840035794,
            0.03942860708434448
        ],
        [
            0.06747418794577513,
            0.6615920420236244,
            0.03865884621900024,
            0.018759302818656235,
            0.07280655165701555,
            0.04484282423453022,
            0.013311214141919207,
            0.016905268287543154,
            0.022656265690084686,
            0.04299349698185104
        ],
        [
            0.03331102306846853,
            0.06540389593426543,
            0.01444873497175638,
            0.12477214831854787,
            0.09779771968162423,
            0.01272982280681276,
            0.5680010028983505,
            0.010908387945902858,
            0.01108030149060107,
            0.06154696288366986
        ],
        [
            0.012053818425599761,
            0.038925860599366764,
            0.048059235756410155,
            0.015760396984477898,
            0.09902587372084266,
            0.012825566522822142,
            0.3709031070808608,
            0.009932542289363393,
            0.013827620398703548,
            0.37868597822155237
        ],
        [
            0.04600012976487257,
            0.05208452759619447,
            0.10434663137064185,
            0.08819683056314061,
            0.07808662706609046,
            0.061292946887104356,
            0.0073826816159089995,
            0.328189232664866,
            0.1937948696723789,
            0.0406255227988019
        ],
        [
            0.015985124657177156,
            0.0719977133921171,
            0.5016406952307638,
            0.021052515101525754,
            0.06004541354278897,
            0.015967008066252078,
            0.24084621392973857,
            0.01765618960087825,
            0.009442801014558081,
            0.04536632546419999
        ],
        [
            0.597131683191963,
            0.07495260858617271,
            0.006207964193885176,
            0.1836232395358772,
            0.05488083496907714,
            0.01109302648727103,
            0.015362098939448425,
            0.009230180710431779,
            0.021616755541561603,
            0.02590160784431207
        ],
        [
            0.03194777510870684,
            0.04706958790533664,
            0.08475377805510168,
            0.11025373208993054,
            0.07997166378474614,
            0.1316565133463171,
            0.009334151120373188,
            0.15666013660596356,
            0.265394662023542,
            0.08295799995998256
        ],
        [
            0.20959692017549703,
            0.05813204550875264,
            0.0105893007722354,
            0.16378444864945832,
            0.060683657819926656,
            0.0301428523371242,
            0.010166612481184565,
            0.04301851889903483,
            0.31764468247057626,
            0.09624096088621024
        ],
        [
            0.0763403673829832,
            0.06069013372125073,
            0.03306505738112382,
            0.1439815937304253,
            0.07449291028232721,
            0.054663405713669136,
            0.006530291476402029,
            0.26009515464784644,
            0.24897605233605952,
            0.04116503332791205
        ],
        [
            0.2196419217647502,
            0.054972788467300505,
            0.01583692022002089,
            0.10719690009954812,
            0.04657195308475771,
            0.07741469504336392,
            0.007353971542947935,
            0.0718720025223229,
            0.323137721582687,
            0.07600112567230097
        ],
        [
            0.042602379134031726,
            0.05982603142807964,
            0.024882378970920306,
            0.07426252030549299,
            0.0610854470206437,
            0.23607385059439268,
            0.00858709939366758,
            0.08395213238226122,
            0.299746993619514,
            0.10898116715099657
        ],
        [
            0.02891735508019569,
            0.0402496757690143,
            0.05142134213993006,
            0.052176802543097076,
            0.05774948531290267,
            0.3293346935314025,
            0.008936356053817558,
            0.10502831569457183,
            0.24815034861263455,
            0.07803562526243384
        ],
        [
            0.015458363355692126,
            0.04230822473233072,
            0.03919341077975775,
            0.056020308516351376,
            0.10225230668152994,
            0.012365644833260966,
            0.6471222276139478,
            0.011925318501132619,
            0.008230847242225009,
            0.06512334774377139
        ],
        [
            0.048700674079130035,
            0.6463959061162172,
            0.026184053479623454,
            0.0726668817531726,
            0.06934867982677174,
            0.018500694175811346,
            0.04223044132099609,
            0.02239812961952391,
            0.021258184096130235,
            0.03231635553262305
        ],
        [
            0.01334445170609707,
            0.035514322074591445,
            0.07132529910939783,
            0.020963013816270665,
            0.1696685070459413,
            0.012461664667315754,
            0.3004196576081141,
            0.016420041766646562,
            0.01313573110282855,
            0.3467473111027964
        ],
        [
            0.021155289515224544,
            0.04256526310181217,
            0.05176654317257605,
            0.03289274245169193,
            0.12282062043011607,
            0.015543134410631015,
            0.033708066491701764,
            0.6373424440589833,
            0.009338731528479449,
            0.03286716483878428
        ],
        [
            0.031733310742782676,
            0.06754022340169745,
            0.07783439563852308,
            0.030548264117540355,
            0.4535203454780377,
            0.03858636980861851,
            0.07382727537765266,
            0.03254311338851765,
            0.01684966035962323,
            0.1770170416870066
        ],
        [
            0.01674051883710454,
            0.03170812900259265,
            0.37217851456740264,
            0.0434927397800768,
            0.08475954681734726,
            0.12247841093612445,
            0.01405566940502714,
            0.14456309667152314,
            0.08162822767540164,
            0.08839514630739911
        ],
        [
            0.024900750283309032,
            0.055037869567454455,
            0.13045694754921552,
            0.05468756845355973,
            0.5214255085415764,
            0.02542410144568185,
            0.058263409789487665,
            0.05045325727549597,
            0.01114956202575925,
            0.06820102506845924
        ],
        [
            0.04813768271937604,
            0.06451220190019825,
            0.03512074730775123,
            0.06995098720438049,
            0.06044889146712883,
            0.20275579098293342,
            0.008166368941245747,
            0.14208438485170097,
            0.2704344368685196,
            0.09838850775676528
        ],
        [
            0.1107995998609256,
            0.04553232107633579,
            0.013634169321515366,
            0.15538660949086416,
            0.0459017067303521,
            0.05014690194766699,
            0.006412169011377917,
            0.07543850431407195,
            0.4425289837417684,
            0.054219034505121784
        ],
        [
            0.045941905863091846,
            0.08532185442158709,
            0.03002616807772097,
            0.10873426751994078,
            0.1666580135351577,
            0.016360664990642305,
            0.4692957611745187,
            0.011351992257423,
            0.012661783484139082,
            0.05364758867577819
        ],
        [
            0.022902994547293862,
            0.04037958265314858,
            0.22955176387250914,
            0.1018091932800773,
            0.0805066579338316,
            0.1363852899686189,
            0.011768153904881149,
            0.12482253199579714,
            0.13878776646036725,
            0.11308606538347478
        ],
        [
            0.0310223401789453,
            0.1567231986503208,
            0.13923820726912953,
            0.05855483039966805,
            0.041635061436505465,
            0.015291342387488529,
            0.4830792730074522,
            0.01770779004824399,
            0.018722520973875806,
            0.038025435648370326
        ],
        [
            0.09452321062794737,
            0.1610580912674229,
            0.013293909162588638,
            0.28698353032954554,
            0.08273499304873168,
            0.013234019873215245,
            0.2729757508726078,
            0.012287437453319597,
            0.016578302909892734,
            0.04633075445472927
        ],
        [
            0.09026452826715149,
            0.06058006820867263,
            0.10941394154650258,
            0.14397878005646908,
            0.08908922731581197,
            0.35690146778262233,
            0.02140112842019987,
            0.02077285312429832,
            0.049139808075332365,
            0.05845819720293966
        ],
        [
            0.07788351031605971,
            0.07269788191198634,
            0.025356864968454327,
            0.0927969557925769,
            0.07117059196871335,
            0.125809199133848,
            0.00955572042759194,
            0.08617499701032802,
            0.3207850537854148,
            0.1177692246850268
        ],
        [
            0.21146164632166134,
            0.053881734882022976,
            0.010823622315027688,
            0.15150960461738003,
            0.05355445272905217,
            0.04139978873225457,
            0.009160731731841664,
            0.05045289686161433,
            0.350937591034499,
            0.06681793077464637
        ],
        [
            0.1350789404275592,
            0.0454218458721497,
            0.12404470878945102,
            0.04857873881998251,
            0.0675699653909928,
            0.43373845767266694,
            0.019282805443493405,
            0.014154147640392509,
            0.03940468250421691,
            0.07272570743909455
        ],
        [
            0.08415061476431931,
            0.0689229597091522,
            0.03159970754829119,
            0.1377310167901579,
            0.0559313991814312,
            0.0800796289068735,
            0.008001133925373464,
            0.1633399980612007,
            0.3092538852752714,
            0.06098965583792893
        ],
        [
            0.17738629847096657,
            0.05966538811547114,
            0.012781919647214162,
            0.16416194802543732,
            0.07090513519552244,
            0.037244132394940746,
            0.008547748681829708,
            0.05819787808737544,
            0.328890609823898,
            0.08221894155734522
        ],
        [
            0.07251056121044089,
            0.11466770694175543,
            0.06430743546364154,
            0.017673082667506813,
            0.27145891590655336,
            0.057876900659757854,
            0.018328450910132882,
            0.020373978716669003,
            0.05950127020563557,
            0.3033016973179063
        ],
        [
            0.01803149079518126,
            0.043351131653864804,
            0.10912901852632033,
            0.04345462796123915,
            0.08591327826381577,
            0.21400113520435746,
            0.010026180000296822,
            0.16110336390901706,
            0.15795259976159942,
            0.15703717392430805
        ],
        [
            0.09457147870231507,
            0.057782277738079486,
            0.020407193037759886,
            0.10707436638353397,
            0.06772303913180412,
            0.11497653006582109,
            0.008314483514683753,
            0.09935714590880605,
            0.34924742833304984,
            0.08054605718414679
        ],
        [
            0.12677136022048244,
            0.07466874016317541,
            0.013790777766931597,
            0.15270848745642804,
            0.07203032447284038,
            0.05449984118336138,
            0.007894384463554385,
            0.08864415204768311,
            0.31626720746178144,
            0.09272472476376149
        ],
        [
            0.008252575065185095,
            0.018412833460636137,
            0.4528539601083683,
            0.01919568221182087,
            0.11171464124532551,
            0.0534659719978968,
            0.007709269758379238,
            0.24846349949991367,
            0.04112849566437848,
            0.03880307098809613
        ],
        [
            0.03424651316888709,
            0.08753625485869514,
            0.02502043127114838,
            0.09112672179156249,
            0.1418133570856653,
            0.014720609372285224,
            0.537743353547846,
            0.01226012998470649,
            0.009634434425564872,
            0.045898194493639445
        ],
        [
            0.12080412662009694,
            0.04927574781219074,
            0.011777943631179765,
            0.10953655632004322,
            0.06055204421743038,
            0.07339344186258846,
            0.008921436228628255,
            0.062424538651263184,
            0.40688176942577914,
            0.09643239523080052
        ],
        [
            0.03664557751103126,
            0.5553111520064619,
            0.06128090377277368,
            0.07307478226686272,
            0.1049815439835146,
            0.022001088675268544,
            0.05758481028231695,
            0.028345463756846448,
            0.017418169849877374,
            0.04335650789504661
        ],
        [
            0.06545728187793728,
            0.08887837937881725,
            0.014786774225047514,
            0.07686428980628207,
            0.11142088655751216,
            0.014869764948479502,
            0.02542139439865686,
            0.5600739402333522,
            0.019770711437502437,
            0.022456577136412803
        ],
        [
            0.025832142131274195,
            0.03847619811179923,
            0.23515903174768313,
            0.08727951208346667,
            0.07324048371099456,
            0.09680592418862718,
            0.01067559605386144,
            0.15387207920012574,
            0.19857141232615697,
            0.08008762044601102
        ],
        [
            0.06344978916210195,
            0.04616725704526022,
            0.020289825365119533,
            0.04498711576139222,
            0.13212921827694893,
            0.1005949645190502,
            0.01063654191619562,
            0.122081067961328,
            0.2924508038164598,
            0.16721341617614316
        ],
        [
            0.5140002543621947,
            0.09620115375862809,
            0.00499877935317028,
            0.25312585328290993,
            0.05152779498416351,
            0.012705780333354512,
            0.021857088114607945,
            0.010303737808312612,
            0.018122066349347245,
            0.017157491653311416
        ],
        [
            0.02612764848592177,
            0.041941467487951675,
            0.1447244104709397,
            0.0678650537004252,
            0.0821306500399762,
            0.0986289181787594,
            0.009778251636390586,
            0.33055092415392995,
            0.14753696576862377,
            0.050715710077082414
        ],
        [
            0.04493294926154355,
            0.05539100663360226,
            0.017180434418770076,
            0.03969639192492315,
            0.11089388790328268,
            0.13727005508845874,
            0.010372126349749537,
            0.06589155866001675,
            0.28674500404019354,
            0.2316265857194592
        ],
        [
            0.03307201914269852,
            0.04335903667351648,
            0.21871198755699986,
            0.12772602395366606,
            0.05560247063685045,
            0.04604521659535197,
            0.009248784169249317,
            0.3155994570167036,
            0.12437728084383773,
            0.02625772341112591
        ],
        [
            0.054754935897669624,
            0.08537964614286735,
            0.07338227701030797,
            0.3140811960064456,
            0.06384347233027092,
            0.01646206539669869,
            0.31469176554981343,
            0.015786063759820092,
            0.015033137667696142,
            0.04658544023841006
        ],
        [
            0.08422336677209558,
            0.08809731805214466,
            0.016400960713129693,
            0.08150064777229099,
            0.10144361602874412,
            0.017982423005707345,
            0.0276716772793488,
            0.5291040172597185,
            0.020168039868198956,
            0.03340793324862132
        ],
        [
            0.08633462182211948,
            0.06459885690197749,
            0.0314270478709993,
            0.13761832898308823,
            0.05209666738874629,
            0.08360214050844894,
            0.008029460989192928,
            0.13360979964739944,
            0.3500511278786696,
            0.05263194800935796
        ],
        [
            0.028209193708310924,
            0.053692145924563846,
            0.14800206978193273,
            0.056186986878863476,
            0.4745532996750163,
            0.021560919579535733,
            0.0725745006943548,
            0.05462191043954425,
            0.013468302003349041,
            0.07713067131452861
        ],
        [
            0.0664701532221088,
            0.06129851217441976,
            0.027196883337541614,
            0.11043813471648666,
            0.051890372090134564,
            0.1724111379772756,
            0.008429275735539551,
            0.11242886059085132,
            0.3139849779601748,
            0.0754516921954676
        ],
        [
            0.015115962724912982,
            0.03816602504060131,
            0.07674887444040458,
            0.02742769019329877,
            0.16072341591370662,
            0.016242476691932305,
            0.29796035573799945,
            0.013972916019470686,
            0.013512468526660566,
            0.34012981471101333
        ],
        [
            0.04571534860071999,
            0.06457884615064562,
            0.030289927116736053,
            0.09219561179802795,
            0.0699553152433908,
            0.1490587314057144,
            0.009361089991331029,
            0.11670694695268886,
            0.29226703233939566,
            0.12987115040134933
        ],
        [
            0.03590870785283227,
            0.06855003560483243,
            0.1131074499091994,
            0.09254761395608063,
            0.47519163260786756,
            0.020376075278204786,
            0.07577828480461407,
            0.058198376552851074,
            0.015432086940599537,
            0.04490973649291902
        ],
        [
            0.02262047237530818,
            0.05951823998797767,
            0.10177764668722271,
            0.038981102973418454,
            0.07882312881840656,
            0.22295802566465894,
            0.011676213912338704,
            0.14248385256566726,
            0.18553781823627657,
            0.13562349877872487
        ],
        [
            0.019587771303567404,
            0.041499741769806434,
            0.026343042200854178,
            0.015955349234731867,
            0.09465594747579281,
            0.44351727668216473,
            0.009822462776815769,
            0.03321771905480019,
            0.17571884732394005,
            0.13968184217752677
        ],
        [
            0.015287923947557954,
            0.07907355770621977,
            0.03306426240303155,
            0.05984357235243972,
            0.07160671880257657,
            0.01234758188556828,
            0.6137612848853554,
            0.010522720497582431,
            0.012208697715156034,
            0.09228367980451169
        ],
        [
            0.021365850794700436,
            0.047466986561593934,
            0.14352461398160785,
            0.05374864954591895,
            0.09042614309701673,
            0.25246345266752374,
            0.015632770066138175,
            0.08285685019817834,
            0.15071660225341124,
            0.1417980808339105
        ],
        [
            0.018658105805200827,
            0.0412163854161232,
            0.02965543549447107,
            0.08694795315880224,
            0.06454030394508761,
            0.011877198222000392,
            0.6896646570628291,
            0.01105367910075621,
            0.009419973052456324,
            0.036966308742273406
        ],
        [
            0.24402578431596042,
            0.12862208995968172,
            0.00728877029003425,
            0.5373740397149214,
            0.014961863479845103,
            0.01042592290646192,
            0.011164866282726818,
            0.011171057262785807,
            0.016051118937544746,
            0.018914486850037715
        ],
        [
            0.017760222601277978,
            0.07305920800666875,
            0.058131142049696834,
            0.06990351973565626,
            0.1766198302321766,
            0.012091935384589303,
            0.4671291925383714,
            0.02166326085046154,
            0.014738596817319163,
            0.08890309178378296
        ],
        [
            0.021123912421045263,
            0.09506550221370014,
            0.03391339964681752,
            0.015674158814081206,
            0.11534992723960917,
            0.5062703392545016,
            0.0070141504487083745,
            0.029433437713901636,
            0.05467983309036291,
            0.1214753391572727
        ],
        [
            0.022367410330694712,
            0.045727347349477115,
            0.14815500314200628,
            0.0804606391617472,
            0.06705600327947335,
            0.24240308351802128,
            0.010382898235785266,
            0.15792109518107705,
            0.14619973579698342,
            0.07932678400473436
        ],
        [
            0.015471059866149236,
            0.04327396620027892,
            0.15280671083003447,
            0.016521111513095956,
            0.14576287252728792,
            0.32857430781862645,
            0.00825218162977092,
            0.04985848645876618,
            0.04513799262600437,
            0.1943413105299852
        ],
        [
            0.019710873855509767,
            0.04451768206696106,
            0.06096589186150995,
            0.020194848789011767,
            0.1083359336176968,
            0.4485655732794647,
            0.009388613935469666,
            0.03711823394469533,
            0.10514274004705955,
            0.14605960860262143
        ],
        [
            0.06592415530097501,
            0.05843764087060961,
            0.016207855932572,
            0.06825800612474177,
            0.10705775848369913,
            0.10012925488702507,
            0.009055852404487344,
            0.06949679946246744,
            0.31145118493816293,
            0.19398149159525993
        ],
        [
            0.04025895833113296,
            0.13648204410886663,
            0.05131633819659725,
            0.016297910812565593,
            0.22202654400976993,
            0.0377505159178053,
            0.03115459881702624,
            0.021192396203520484,
            0.026684413520163066,
            0.4168362800825527
        ],
        [
            0.17455853340521088,
            0.5145598470288819,
            0.03911880435262031,
            0.025948338300186287,
            0.08784680227586857,
            0.04444002509015769,
            0.017628777301114593,
            0.01893903832697245,
            0.023629061717303636,
            0.05333077220168357
        ],
        [
            0.023508342036411015,
            0.03058624214531097,
            0.3753812381970196,
            0.07958251913866071,
            0.0745257834911877,
            0.06713364200030236,
            0.01172547199647702,
            0.18056868727609193,
            0.11726424111064715,
            0.039723832607892126
        ],
        [
            0.0354432133097388,
            0.0713986226114657,
            0.02180647835009685,
            0.051737233342223736,
            0.0945932937844922,
            0.01611619616731443,
            0.029469164295604023,
            0.6439568375916974,
            0.012751247658113187,
            0.022727712889253415
        ],
        [
            0.03346954463239943,
            0.07012765755241954,
            0.0593106438841635,
            0.016251188962219804,
            0.151049735811158,
            0.025333983547991237,
            0.11473453521932465,
            0.0139126968497481,
            0.03571176850491499,
            0.4800982450356602
        ],
        [
            0.11776527010449724,
            0.0824577074891224,
            0.014776711129521263,
            0.3020326952169127,
            0.11274776283239243,
            0.016382927002904443,
            0.2543517531549837,
            0.014699546298227832,
            0.02070902132611775,
            0.0640766054453198
        ],
        [
            0.3738956302246094,
            0.06242532401373104,
            0.004837710664424975,
            0.4705990411932432,
            0.018144286515090355,
            0.010605051764508504,
            0.009153350916941532,
            0.008984076421485847,
            0.01858810746421721,
            0.02276742082174768
        ],
        [
            0.27037664040209664,
            0.1460982566201978,
            0.009566344677622874,
            0.2390281986775697,
            0.13393276781325172,
            0.019491395745267388,
            0.12309979713531709,
            0.012899205679933702,
            0.015596807055627104,
            0.029910586193116234
        ],
        [
            0.017035723693968313,
            0.10746834216305216,
            0.033700644064697534,
            0.09810842414771603,
            0.055374371187172595,
            0.011541694560235538,
            0.6094991562992966,
            0.011400492007435722,
            0.01279616155213477,
            0.0430749903242906
        ],
        [
            0.037274916118206415,
            0.051439030879358645,
            0.11195425098212113,
            0.20009294320053764,
            0.0495881317947403,
            0.0993938393014382,
            0.009837173298947269,
            0.1071689189893669,
            0.2694002945318444,
            0.06385050090343936
        ],
        [
            0.08648893804623053,
            0.0591742118510835,
            0.019443595225696816,
            0.19133946845051247,
            0.03951923248621459,
            0.06982808612820654,
            0.0070270735548338,
            0.10911900110907834,
            0.3504359713654888,
            0.06762442178265414
        ],
        [
            0.5638947339903095,
            0.09526192099211922,
            0.07043967980976543,
            0.03265374072198704,
            0.06555574827858746,
