{
    "accuracy": 0.435,
    "classification_report": "              precision    recall  f1-score   support\n\n           0       0.50      0.25      0.33        20\n           1       0.78      0.35      0.48        20\n           2       0.50      0.65      0.57        20\n           3       0.50      0.25      0.33        20\n           4       0.88      0.35      0.50        20\n           5       0.41      0.60      0.49        20\n           6       0.42      0.70      0.53        20\n           7       1.00      0.45      0.62        20\n           8       0.22      0.60      0.32        20\n           9       0.27      0.15      0.19        20\n\n    accuracy                           0.43       200\n   macro avg       0.55      0.43      0.44       200\nweighted avg       0.55      0.43      0.44       200\n",
    "y_score": [
        [
            0.027218123036045063,
            0.046593253312350126,
            0.07631538141387686,
            0.05476466757931229,
            0.06956065660196104,
            0.22725045702781596,
            0.010721864695491835,
            0.13144917874454537,
            0.24254905199404123,
            0.1135773655945604
        ],
        [
            0.07357877635048896,
            0.10744554540025339,
            0.07867989973075634,
            0.030429031280351918,
            0.2094773288314072,
            0.05419390024895963,
            0.036273394530112885,
            0.02460136974979725,
            0.020729909446009265,
            0.3645908444318632
        ],
        [
            0.052881379143309815,
            0.06782495509632358,
            0.025295684555680608,
            0.04579326003114532,
            0.0869437559961627,
            0.17368266060323817,
            0.010604662686385385,
            0.07605638131564794,
            0.28887006363739065,
            0.17204719693471565
        ],
        [
            0.017935196915771726,
            0.040368959116729934,
            0.0463879626520266,
            0.015582169536188467,
            0.10406164252559358,
            0.4729710300888035,
            0.008609178126760202,
            0.03097295152242736,
            0.09860983789205896,
            0.16450107162363903
        ],
        [
            0.055542044492846575,
            0.06774344687766272,
            0.1038699152944378,
            0.17760124121929088,
            0.05035024453894548,
            0.07117939715829244,
            0.009695535965496382,
            0.15137956417629575,
            0.2672931103494465,
            0.04534549992728548
        ],
        [
            0.023095591205537596,
            0.04253723254184176,
            0.020182732985488564,
            0.08858584081939327,
            0.07775087554941089,
            0.008052272793982431,
            0.6719846855417366,
            0.011076801806629443,
            0.008594323956008013,
            0.04813964279997113
        ],
        [
            0.02301786072443371,
            0.04402303591551274,
            0.12352158489163219,
            0.035899338463688125,
            0.08778558456162106,
            0.21858332658304333,
            0.011276249050221768,
            0.13368301240727662,
            0.185489179413089,
            0.13672082798948176
        ],
        [
            0.010232388964533316,
            0.02350756135138292,
            0.5981091251518453,
            0.0215683112863031,
            0.10846967805365364,
            0.04450136993078834,
            0.010901626165426804,
            0.10656252337268197,
            0.02143620132601732,
            0.05471121439736738
        ],
        [
            0.028959034133649197,
            0.061251766805480015,
            0.15459485875342746,
            0.04225317881265334,
            0.4886579454172465,
            0.025410189970186448,
            0.04836297726269002,
            0.05580405475072774,
            0.01195171254694313,
            0.08275428154699675
        ],
        [
            0.0767952667756175,
            0.05702117235197617,
            0.08289648796963252,
            0.07523687299570803,
            0.06028327721911596,
            0.5148915234463292,
            0.02239578320670906,
            0.013137828317138391,
            0.03777941540446211,
            0.05956237231331199
        ],
        [
            0.2266919280757597,
            0.1417871241843779,
            0.01263741524482426,
            0.2838165348132969,
            0.08608975270081423,
            0.012071422537585903,
            0.1755132692565839,
            0.010967411634749376,
            0.016674549462979863,
            0.033750592089028225
        ],
        [
            0.0728162865178271,
            0.1559856494182704,
            0.037374293109002164,
            0.09242216643338044,
            0.29188354771649144,
            0.03946828248161132,
            0.1199875345918197,
            0.027612228724511752,
            0.02808019122597637,
            0.13436981978110987
        ],
        [
            0.1319422231290782,
            0.06749005396875,
            0.01812793847115315,
            0.16161885377182683,
            0.04450719227681074,
            0.04914067810345923,
            0.008599664280334597,
            0.09435257548345742,
            0.3670552877062496,
            0.05716553280888003
        ],
        [
            0.1604794688255804,
            0.053570485168930336,
            0.009832979554978081,
            0.1102348283931945,
            0.07590412044271289,
            0.039964587044617424,
            0.01015484136431171,
            0.027944732096439624,
            0.34681423869854755,
            0.16509971841068746
        ],
        [
            0.08832617839677996,
            0.22010630462001934,
            0.03173218326782404,
            0.17436482911457651,
            0.08571924294468619,
            0.02908478705691331,
            0.031033917042991403,
            0.018080341937054777,
            0.016565148348582803,
            0.3049870672705716
        ],
        [
            0.02706582363523923,
            0.05376174957613894,
            0.023234527133018202,
            0.15526216660196102,
            0.049481820215920166,
            0.00764722069331867,
            0.6285468252445673,
            0.008354667161616237,
            0.0109958539308765,
            0.03564934580734383
        ],
        [
            0.03297942973340249,
            0.05652275830534944,
            0.042170919724179905,
            0.04062812624808344,
            0.06697160705034845,
            0.2625392503258497,
            0.009546732942685496,
            0.06353276072468204,
            0.26825266555377025,
            0.1568557493916489
        ],
        [
            0.10512515176219024,
            0.12720403298340469,
            0.026783114111479593,
            0.13757648512753579,
            0.07880011838557249,
            0.30133338488336386,
            0.020883559568125536,
            0.028698701174877505,
            0.07225541699344376,
            0.10134003501000627
        ],
        [
            0.17870420287505867,
            0.05942406987013107,
            0.008751017271129537,
            0.14410155146731998,
            0.048276059202039374,
            0.04729209910653495,
            0.008705601265608268,
            0.044898121281125136,
            0.3664853582299341,
            0.09336191943111947
        ],
        [
            0.02455550634516921,
            0.11991785292640797,
            0.12723817663364764,
            0.04113783845500544,
            0.03871121797840964,
            0.010276350324457204,
            0.5689197921240157,
            0.013984987902196313,
            0.014547508680070844,
            0.04071076863062012
        ],
        [
            0.012132516354591933,
            0.023614409250247007,
            0.5647279586479834,
            0.033655390692749594,
            0.07928092216637037,
            0.0550327697066263,
            0.009989390023102075,
            0.13113498778735042,
            0.04089915831618984,
            0.04953249705478893
        ],
        [
            0.19306743848981162,
            0.14363352469524493,
            0.012864768736646036,
            0.1388612059085867,
            0.17874826363067484,
            0.018081565196815853,
            0.24013910580217432,
            0.012044651262837283,
            0.013448080680141148,
            0.0491113955970673
        ],
        [
            0.08552369131621033,
            0.2397162082784954,
            0.028040315308331714,
            0.4972919265897699,
            0.035100459874468394,
            0.009617350328456176,
            0.021033531894596523,
            0.014876244008296026,
            0.01394144543800924,
            0.0548588269633665
        ],
        [
            0.027102789912105255,
            0.069663108489626,
            0.5863352641422649,
            0.010379666583057908,
            0.08177757619318816,
            0.019352470892737332,
            0.055820358638997404,
            0.017017230270195853,
            0.012664562690603608,
            0.1198869721872237
        ],
        [
            0.7369019650097207,
            0.046795675796958716,
            0.0049048761589157944,
            0.0948557598503301,
            0.03803141359808919,
            0.009942031441169156,
            0.016205508832247955,
            0.009188762951565224,
            0.022117997884336993,
            0.02105600847666627
        ],
        [
            0.049992702246740565,
            0.615231114527123,
            0.04281436626311116,
            0.061524541647359286,
            0.08415927500902994,
            0.013809685195769994,
            0.05259874595535018,
            0.025783613389077472,
            0.01869299010302126,
            0.03539296566341741
        ],
        [
            0.10361650663895298,
            0.051716930809770544,
            0.028216649891757012,
            0.11614883977603466,
            0.0595955302784114,
            0.07685264808439528,
            0.008371207200471903,
            0.1061345754219699,
            0.38831603683143834,
            0.061031075066798134
        ],
        [
            0.15244849941710678,
            0.14153538769641005,
            0.017196866875040927,
            0.17213235935734317,
            0.06945322989511134,
            0.19649776682845801,
            0.019876466071115213,
            0.022132927934775788,
            0.07816922016155839,
            0.13055727576308054
        ],
        [
            0.07218020330849849,
            0.06243216568742235,
            0.0356353783676246,
            0.10783547385818423,
            0.05784504583591526,
            0.14116355423355548,
            0.009757072294488503,
            0.12565020159409232,
            0.3078137988902371,
            0.07968710592998106
        ],
        [
            0.019059576916015192,
            0.0440097996209617,
            0.14245663004240317,
            0.03820057132574764,
            0.07483419076233634,
            0.31693128796555403,
            0.010222778275674142,
            0.12022163960494059,
            0.12999298441660456,
            0.10407054106976188
        ],
        [
            0.02266576782538825,
            0.05064975631005657,
            0.028912678544613095,
            0.11985193453569153,
            0.05237728996860732,
            0.007877092197419258,
            0.6654413251379749,
            0.010104167994688355,
            0.009988975323734094,
            0.03213101216182641
        ],
        [
            0.023731634608181108,
            0.0637465591753219,
            0.5963946400656182,
            0.01881100527079093,
            0.11967637646346721,
            0.016418818132534947,
            0.0563437992129677,
            0.027482233937794354,
            0.00894285316221444,
            0.06845207997110896
        ],
        [
            0.016612027172148307,
            0.03264497486253176,
            0.4332549843744584,
            0.03067570918510405,
            0.1386895520352733,
            0.10607356206819785,
            0.013485700879726448,
            0.08475679048813987,
            0.02708176308891785,
            0.11672493584550184
        ],
        [
            0.6178405032121027,
            0.05450916349221505,
            0.03965668864597066,
            0.05625838102360583,
            0.10991467988795077,
            0.01781551117995984,
            0.03329366635980239,
            0.017620770358976395,
            0.01523730994477948,
            0.03785332589463661
        ],
        [
            0.07791305609103401,
            0.6534776566125123,
            0.040360825784775546,
            0.015581655178636309,
            0.07597316735480115,
            0.03732055189869247,
            0.013851800882936232,
            0.015683567204220667,
            0.022531235508035985,
            0.04730648348435516
        ],
        [
            0.03354126334872219,
            0.06573052684403463,
            0.01459496110102134,
            0.12326885632144083,
            0.09487961387289037,
            0.011043768177997803,
            0.5758482045781975,
            0.010121808146512078,
            0.011208678400316757,
            0.05976231920886669
        ],
        [
            0.012491709648017851,
            0.043261617363621586,
            0.04846969933958933,
            0.014470691572000649,
            0.10186697929028139,
            0.012333075693751252,
            0.37800036318970304,
            0.009165165374155649,
            0.013636237795322676,
            0.36630446073355705
        ],
        [
            0.0480770671372547,
            0.05370429895528861,
            0.1110146878382535,
            0.08585037614951528,
            0.07677649511657454,
            0.05077053587294588,
            0.007824201733928244,
            0.33493209412203095,
            0.1913473307975428,
            0.03970291227666613
        ],
        [
            0.015003139231459002,
            0.06952119753019739,
            0.5192457994485267,
            0.01756499903999059,
            0.05554845320252952,
            0.01088847173416909,
            0.24722217950902714,
            0.01601718074759473,
            0.008232921259989685,
            0.040755658296516305
        ],
        [
            0.6212215176265565,
            0.0783419642056167,
            0.00556364262795946,
            0.1660964157664827,
            0.047280549182382316,
            0.009542426326258683,
            0.01602041118372265,
            0.007966025403696599,
            0.022603213691610786,
            0.025363833985713503
        ],
        [
            0.03420210479608286,
            0.0495394472763609,
            0.08904005698213592,
            0.1115921719100394,
            0.0776139419457587,
            0.1250639609682199,
            0.009943188978686023,
            0.14948263765333106,
            0.2683651490724256,
            0.08515734041695927
        ],
        [
            0.21831790937688605,
            0.06058099044140066,
            0.009671117801118168,
            0.162654077776569,
            0.0547461636618787,
            0.028180399237044802,
            0.01048323944816525,
            0.037723927597497674,
            0.322660913191014,
            0.0949812614684255
        ],
        [
            0.08010853119396587,
            0.062397170729930625,
            0.033194793699251976,
            0.1458510036023787,
            0.07065900560661514,
            0.04746402637789646,
            0.006880831723244853,
            0.2610658882602862,
            0.2517687242832988,
            0.040610024523131456
        ],
        [
            0.22894418710447137,
            0.0573847267345103,
            0.014709081491299267,
            0.10840100453427817,
            0.04311840111481452,
            0.07490186460767696,
            0.007587799796602904,
            0.0633397235960366,
            0.32622128560788777,
            0.07539192541242212
        ],
        [
            0.046322097256575545,
            0.06265257585837786,
            0.023699629543864953,
            0.07324065460791,
            0.058535387765537725,
            0.23778330014349475,
            0.008938974610207092,
            0.0719050246230925,
            0.3011158400351322,
            0.11580651555580697
        ],
        [
            0.03134087083625132,
            0.04154435503316597,
            0.05014458374307437,
            0.049034519208193336,
            0.0549295234215618,
            0.33824262618606826,
            0.00931590304951899,
            0.08861547194731009,
            0.2523709344414386,
            0.08446121213341709
        ],
        [
            0.015630652174608472,
            0.0432576492808656,
            0.0406226377100743,
            0.053766799866554194,
            0.10346322954720978,
            0.010554191148134365,
            0.6503662941959776,
            0.011203329112075085,
            0.00813191064162543,
            0.06300330632287568
        ],
        [
            0.05484989788020886,
            0.6431696744487465,
            0.026893101925402056,
            0.06571046746467278,
            0.07134853912301566,
            0.014916112842255433,
            0.04486371923137871,
            0.021651680176141292,
            0.021382485025037208,
            0.035214321883140894
        ],
        [
            0.013841506815727113,
            0.039497095168862205,
            0.07223238865909115,
            0.01892147821658981,
            0.17029491016312753,
            0.01160582181789465,
            0.30740220415472275,
            0.01558311747044433,
            0.012772403445043287,
            0.3378490740884968
        ],
        [
            0.021434597196434646,
            0.04424842955295323,
            0.055740121724565314,
            0.027738990198003632,
            0.13337311540436073,
            0.010967032279390944,
            0.03564453500779993,
            0.6317436480400215,
            0.008075771908963233,
            0.03103375868750637
        ],
        [
            0.034479250619586434,
            0.07627270988495345,
            0.08423062382279227,
            0.028008011251081735,
            0.4367067622113094,
            0.03504407139447748,
            0.07971065063026306,
            0.03324522957654115,
            0.016612243633597156,
            0.17569044697539782
        ],
        [
            0.016956961145543945,
            0.032621694965653834,
            0.41647158307065446,
            0.03840188257205593,
            0.08081091240459397,
            0.09817589857646457,
            0.014930130516315792,
            0.13978132756960018,
            0.0760346138596412,
            0.08581499531947617
        ],
        [
            0.027315774663271,
            0.06266536788049518,
            0.14244579326713228,
            0.048603728541522936,
            0.49956326859631867,
            0.02099295513498204,
            0.06412742835072324,
            0.054212989848453304,
            0.011091247966905294,
            0.06898144575019648
        ],
        [
            0.05210463492601013,
            0.06699325626312509,
            0.03447703058859505,
            0.06851680847806531,
            0.058237433904620384,
            0.2047650038782778,
            0.008554848780531515,
            0.13055680121391786,
            0.2736383729847051,
            0.1021558089821523
        ],
        [
            0.11628056310421474,
            0.04661237561533726,
            0.012674194001479995,
            0.16236706156186498,
            0.041037044790557406,
            0.04632995007618909,
            0.006675974514205821,
            0.06558493924651256,
            0.4487336159725037,
            0.05370428111713394
        ],
        [
            0.04671888911571392,
            0.08722095631822548,
            0.03077236691978872,
            0.10238902750430545,
            0.16420860091306705,
            0.013930337011711468,
            0.4787042776785316,
            0.010754529657707257,
            0.01264008708537395,
            0.05266092779557539
        ],
        [
            0.023941557794249068,
            0.04242490900568073,
            0.2526823796631556,
            0.09942752473005728,
            0.07744393619868649,
            0.11939605626153828,
            0.012511892411435108,
            0.12055935547618343,
            0.13799774478313742,
            0.11361464367587713
        ],
        [
            0.031900025490383434,
            0.15270293419177045,
            0.14515519659179124,
            0.05576936443476391,
            0.04094808528896906,
            0.012301191993103701,
            0.4886737214752029,
            0.016682824746791565,
            0.018658140675234688,
            0.03720851511198929
        ],
        [
            0.09404620506621778,
            0.16227729304040317,
            0.013380437991240213,
            0.2829862602665416,
            0.07360944370221345,
            0.01131278374674905,
            0.28718105715588405,
            0.011493004425385778,
            0.017158540432596556,
            0.046554974172768465
        ],
        [
            0.09586483088997852,
            0.06300237757523226,
            0.11068758758513943,
            0.14025411170419932,
            0.08252480491340675,
            0.35638122231175084,
            0.022554631279412592,
            0.017510823818656943,
            0.05020089010149688,
            0.061018719820726416
        ],
        [
            0.08341666106707471,
            0.07607942711544775,
            0.024482111214518744,
            0.09451096236389286,
            0.06773232146457732,
            0.12460835029528618,
            0.009965835428115263,
            0.07725341513636386,
            0.32297469533274564,
            0.11897622058197824
        ],
        [
            0.22071900218203547,
            0.05573066298481218,
            0.00983321692304722,
            0.15142797673745811,
            0.048066217133755855,
            0.038816037220414504,
            0.00940778267304671,
            0.04369077193418812,
            0.35629138382540054,
            0.06601694838584085
        ],
        [
            0.145876408044172,
            0.04815213464636551,
            0.12388030718863394,
            0.04410060810202954,
            0.06424990607284035,
            0.4239694071146886,
            0.020357987511516,
            0.01156666213627161,
            0.04048085182311717,
            0.07736572736036518
        ],
        [
            0.0887636920718746,
            0.0709007699179786,
            0.03147855542917535,
            0.1420683747831836,
            0.05209728748429241,
            0.07418058295501684,
            0.008468679297281663,
            0.1554490785560539,
            0.31553537266028614,
            0.06105760684485641
        ],
        [
            0.18541896978944575,
            0.06188630857758438,
            0.011730672554549217,
            0.16600906307788693,
            0.0641470778720065,
            0.03454357952611835,
            0.008818320700891025,
            0.05146805328105606,
            0.33480374128724805,
            0.08117421333321384
        ],
        [
            0.07986789316473808,
            0.12674150746136403,
            0.06671356613877183,
            0.015145639646600767,
            0.26409772572126655,
            0.05312786898290325,
            0.019365564604447154,
            0.018985824230915386,
            0.05985540294205844,
            0.29609900710693415
        ],
        [
            0.019185202112042082,
            0.04620511944093064,
            0.1156660522876042,
            0.039861070811365064,
            0.08436508029104343,
            0.20925468287375282,
            0.010469904861770726,
            0.153800000457809,
            0.15774837284920895,
            0.1634445140144727
        ],
        [
            0.10055162285878683,
            0.06013340367370294,
            0.019498977917870496,
            0.11035082047407918,
            0.06371733867765585,
            0.11297623058863734,
            0.008710884864870526,
            0.0898748050300952,
            0.35279753178696,
            0.0813883841273413
        ],
        [
            0.1330806111182415,
            0.07757845954011498,
            0.012828532959874014,
            0.15685086547898505,
            0.06659075417762536,
            0.05071596790539052,
            0.008194395581299137,
            0.08081638855697287,
            0.32152053599529357,
            0.09182348868620259
        ],
        [
            0.00782161894940724,
            0.018467319229607364,
            0.49368095412235624,
            0.015100418913452608,
            0.10761923221409066,
            0.036489509618871555,
            0.008072458627546224,
            0.24212875155757657,
            0.035423531569027535,
            0.03519620519806444
        ],
        [
            0.034742009291247516,
            0.08907508807173198,
            0.02556125425873676,
            0.0851910795571793,
            0.1406258113962132,
            0.012510535261153404,
            0.5461208563703257,
            0.011577962878773098,
            0.009527855841813957,
            0.0450675470728249
        ],
        [
            0.12766132491513996,
            0.05165987365046812,
            0.010772535159646757,
            0.11316656061895655,
            0.056058036897621316,
            0.07173947322069836,
            0.009229217188963051,
            0.054272245014935154,
            0.40976207728778025,
            0.09567865604579075
        ],
        [
            0.0401070549612215,
            0.5566330555387733,
            0.06261849216762957,
            0.06548206885508513,
            0.10674436221958208,
            0.01735607988995027,
            0.06048772702157498,
            0.02741384603911254,
            0.017156495222944417,
            0.046000818084125664
        ],
        [
            0.06765062295770871,
            0.09096350145585565,
            0.015272646382120095,
            0.06984865933975297,
            0.11494651535378779,
            0.010969483513124581,
            0.027155979557756154,
            0.5635130629816893,
            0.017711363317399965,
            0.021968165140805157
        ],
        [
            0.027123810478,
            0.04026606645206308,
            0.25327920648571906,
            0.08524883882796991,
            0.07047759540486183,
            0.082765256695002,
            0.011437526218798916,
            0.14994806077941172,
            0.20021564231961897,
            0.07923799633855412
        ],
        [
            0.06871439225407625,
            0.049733676828112805,
            0.019471966554695096,
            0.042482925756319526,
            0.12796787257606423,
            0.09982862491981208,
            0.011089068226830166,
            0.11535710392902057,
            0.297611623537753,
            0.16774274541731626
        ],
        [
            0.5375956707134493,
            0.09991407709059558,
            0.004389704532261685,
            0.23677159991412078,
            0.043537134663803365,
            0.01052831229631027,
            0.022824614685876352,
            0.008784760751457102,
            0.01886092480945245,
            0.016793200542673387
        ],
        [
            0.027394771449057383,
            0.04371915721178445,
            0.15777509157560107,
            0.06380786003129539,
            0.08202666756347367,
            0.0829240274392911,
            0.0104332636602368,
            0.3397409106902363,
            0.14218353010397497,
            0.04999472027504848
        ],
        [
            0.04889617441360321,
            0.0601075074647316,
            0.01606185491593895,
            0.037095264774839036,
            0.10837623995113678,
            0.13841505520508476,
            0.010697269394204695,
            0.05809076517388944,
            0.2886749917357457,
            0.23358487697082533
        ],
        [
            0.03399142322128827,
            0.044195678119500696,
            0.23689099442949305,
            0.12398420394452558,
            0.05260855550774878,
            0.035312995319295395,
            0.009968898239214322,
            0.3198850768824275,
            0.11806414623513573,
            0.02509802810137049
        ],
        [
            0.0545163516661494,
            0.08422093152938907,
            0.07417783362653309,
            0.31405275650193715,
            0.05565494518805042,
            0.013190915460415039,
            0.32998669437103784,
            0.014213095902257123,
            0.01500775699685463,
            0.044978718757376426
        ],
        [
            0.08673688486978384,
            0.08992972337183686,
            0.016821577753293605,
            0.07443856465536634,
            0.1032965577949391,
            0.013538013078955491,
            0.02942382670704871,
            0.535082385463674,
            0.018189674432431812,
            0.03254279187267076
        ],
        [
            0.09126023245992339,
            0.06648020550638642,
            0.031243190681057985,
            0.14302650334237754,
            0.04810664398936683,
            0.0784632886278672,
            0.008481962410625349,
            0.12378439545993061,
            0.35610380515389817,
            0.0530497723685665
        ],
        [
            0.030671915617439698,
            0.06051333735396726,
            0.16122406685250024,
            0.050474871750298786,
            0.45154134945925894,
            0.017640634964139666,
            0.07934113911626273,
            0.05789963004695746,
            0.0132882340372358,
            0.07740482080193965
        ],
        [
            0.07113376820666366,
            0.06306732488197825,
            0.02626537380900871,
            0.11294380723067168,
            0.04838053164258965,
            0.17359814765570217,
            0.008799254609097404,
            0.10154216782242584,
            0.3162763936819421,
            0.07799323045992095
        ],
        [
            0.015741438820214185,
            0.0421498200928579,
            0.0781309796204457,
            0.02487961117538034,
            0.1616421247856729,
            0.015083668427398975,
            0.30488113993207816,
            0.013188891016390524,
            0.013228064491285165,
            0.33107426163827625
        ],
        [
            0.04935652567166753,
            0.06795557798682612,
            0.02967141169669662,
            0.09315986563747741,
            0.06758031929764109,
            0.14836606283880344,
            0.009787188837754071,
            0.10723089056780602,
            0.29371853612252974,
            0.13317362134279806
        ],
        [
            0.03915910909135574,
            0.07653383428077207,
            0.12254240867548662,
            0.0826689872381096,
            0.45691129073946934,
            0.016412130267615344,
            0.08311614199723603,
            0.06159966759084196,
            0.01535213509011411,
            0.04570429502899905
        ],
        [
            0.024184729032151762,
            0.0631310350498133,
            0.10649951940111824,
            0.03566957521082231,
            0.07672377181724506,
            0.21969178075984921,
            0.012143667584858653,
            0.13296359727144527,
            0.1865200152362927,
            0.14247230863640353
        ],
        [
            0.02111839097004331,
            0.04375156616229094,
            0.023706822236233157,
            0.013412922254188957,
            0.09156071613435027,
            0.432268274107981,
            0.009861217485592072,
            0.026596630464185304,
            0.17944681892678685,
            0.1582766412583484
        ],
        [
            0.015417074903000025,
            0.07917810622266067,
            0.03383597829465687,
            0.05673257316362908,
            0.07161387074244518,
            0.010681695882889355,
            0.622076262230127,
            0.009715964382545466,
            0.012186161272085515,
            0.08856231290596042
        ],
        [
            0.022605264084581654,
            0.05016887508035635,
            0.1533845201559403,
            0.0496965384679014,
            0.08681596744890613,
            0.2454042764302124,
            0.016214820829241507,
            0.07432661674104063,
            0.1514031731170383,
            0.14997994764478112
        ],
        [
            0.018758897762461854,
            0.04125956285191466,
            0.03057682628053112,
            0.08652145412248123,
            0.06277586815005572,
            0.010054110713602769,
            0.6946234493819965,
            0.010275044519479403,
            0.009435658952935641,
            0.035719127264541135
        ],
        [
            0.24679827164857374,
            0.12989082614180827,
            0.006728603110297762,
            0.5389559213967339,
            0.01227673277387322,
            0.008089730197470129,
            0.011749012592342107,
            0.00961209709730697,
            0.016877123090291407,
            0.019021681951302143
        ],
        [
            0.01801150311621105,
            0.075710596748838,
            0.06041087481407223,
            0.06416966649754173,
            0.17348776378982692,
            0.010138320809209837,
            0.4756693443797615,
            0.021006230582485234,
            0.0145370112659619,
            0.08685868799609185
        ],
        [
            0.023219559722990484,
            0.09893108718647521,
            0.031120015900172847,
            0.012474372095582206,
            0.1109411342506668,
            0.4992866262277946,
            0.006940124326432391,
            0.02378455649717973,
            0.05533967053784377,
            0.13796285325486268
        ],
        [
            0.023655179054404264,
            0.047529193449199224,
            0.16062886108171123,
            0.07686364110452693,
            0.06452720305105179,
            0.23830965354012767,
            0.010861276675573607,
            0.14936815904780334,
            0.1458493744234181,
            0.08240745857218372
        ],
        [
            0.016361508371620145,
            0.04630356572229237,
            0.1647445599668543,
            0.013408674422395723,
            0.1429537847531267,
            0.31185233685963004,
            0.008358655203392372,
            0.0438201286148133,
            0.04379667569703315,
            0.2084001103888415
        ],
        [
            0.021137005675042574,
            0.04683511711864691,
            0.05794630266693169,
            0.016683676095106306,
            0.10459478782314652,
            0.44090739084089164,
            0.009323379110098761,
            0.03027795975851654,
            0.10700354742925594,
            0.16529083348236356
        ],
        [
            0.07143258009249272,
            0.06302652173991166,
            0.015222550919801412,
            0.06697679688492192,
            0.10398438154753216,
            0.10019003538781243,
            0.009392613563955527,
            0.06205806990994228,
            0.3133024789281835,
            0.19441397102544694
        ],
        [
            0.04432950284070458,
            0.15125920906647766,
            0.052236591448929094,
            0.013945564931067784,
            0.22262110941596244,
            0.0352690123944564,
            0.03338297100215978,
            0.020060054140062625,
            0.02615666882838663,
            0.4007393159317926
        ],
        [
            0.19210091015958836,
            0.505099115135396,
            0.03971726780467048,
            0.0218357812679368,
            0.08803082648399861,
            0.037681375142015194,
            0.018263385945420083,
            0.017383802087429876,
            0.02351563821919363,
            0.05637189775435114
        ],
        [
            0.023826652103555203,
            0.031110356979259055,
            0.40845012823072985,
            0.07437369795498025,
            0.0703685454053901,
            0.052088174475994425,
            0.012510898937811899,
            0.17836079743771435,
            0.11142706318229173,
            0.037483685292273715
        ],
        [
            0.03655618018816735,
            0.07315547793808409,
            0.02282493340457623,
            0.04537432261419162,
            0.10220227651202532,
            0.011541327152272718,
            0.03121627088579061,
            0.6441019447721184,
            0.011121670694087834,
            0.02190559583868559
        ],
        [
            0.035781740716465275,
            0.078806702037185,
            0.05993326889826451,
            0.014602945199951613,
            0.15371092117318494,
            0.02406817257690965,
            0.11941840014657167,
            0.012835065796546247,
            0.03548371873380569,
            0.465359064721115
        ],
        [
            0.11734550601109364,
            0.08462398341936088,
            0.014762823055656847,
            0.30235545985222134,
            0.10084321800109379,
            0.014202373809916033,
            0.267491059381359,
            0.013773403391159482,
            0.021381766917105218,
            0.06322040616103418
        ],
        [
            0.38845538560875625,
            0.06324175283363008,
            0.004270882471881061,
            0.4622767859264353,
            0.014527684458683056,
            0.008369229465630795,
            0.009449542467819799,
            0.007542249312416021,
            0.019575230497627442,
            0.022291256957120448
        ],
        [
            0.2776793868491339,
            0.15083105476729208,
            0.009068858167006802,
            0.23467155011095567,
            0.12215044222214673,
            0.016192292759795352,
            0.13186710618956868,
            0.011673878609433683,
            0.015923792717755368,
            0.02994163760691199
        ],
        [
            0.01709139068119805,
            0.10548698377575008,
            0.03435673889911159,
            0.09553483586024622,
            0.0535348516713414,
            0.009533046485926833,
            0.6189898575673819,
            0.0105118971352038,
            0.012803714686764837,
            0.04215668323707566
        ],
        [
            0.039302977210726085,
            0.053164889645995674,
            0.11687631976664432,
            0.2088498688906293,
            0.04545506318447889,
            0.08884803863517167,
            0.010541328258559607,
            0.09897617414689291,
            0.27352719490040733,
            0.06445814536049431
        ],
        [
            0.0908634655803774,
            0.06066329835012028,
            0.01867885076193485,
            0.19919143730950747,
            0.03573744289093134,
            0.06407845461446979,
            0.007434637243749486,
            0.09940201475612667,
            0.3562106835142954,
            0.0677397149784865
        ],
        [
            0.5807044632743693,
            0.09979586066639384,
            0.0684933100738083,
            0.02731408754887367,
            0.061453601552021654,
