{
    "accuracy": 0.64,
    "classification_report": "              precision    recall  f1-score   support\n\n           0       0.64      0.45      0.53        20\n           1       0.82      0.45      0.58        20\n           2       0.76      0.65      0.70        20\n           3       0.57      0.60      0.59        20\n           4       0.65      0.55      0.59        20\n           5       0.90      0.90      0.90        20\n           6       0.62      0.75      0.68        20\n           7       0.67      0.70      0.68        20\n           8       0.42      0.85      0.57        20\n           9       0.67      0.50      0.57        20\n\n    accuracy                           0.64       200\n   macro avg       0.67      0.64      0.64       200\nweighted avg       0.67      0.64      0.64       200\n",
    "y_score": [
        [
            0.04110329470270443,
            0.046104188227667646,
            0.015917714132920462,
            0.0519240597080704,
            0.03720946214900532,
            0.19207979633333697,
            0.012798935459795152,
            0.05524800139443644,
            0.4292431956866591,
            0.11837135220540394
        ],
        [
            0.05019367978483272,
            0.06181070573252935,
            0.04539009569311193,
            0.04717305034821899,
            0.15956552817714684,
            0.018475409602808225,
            0.03863817378456837,
            0.008537764137232349,
            0.006500982940937779,
            0.5637146097986138
        ],
        [
            0.05490692466030173,
            0.22063775286460657,
            0.04538579133393595,
            0.02348459062788737,
            0.1407104833313324,
            0.1323438235569348,
            0.015260779221989615,
            0.07653077558364606,
            0.13520979060613253,
            0.15552928821323286
        ],
        [
            0.02890964934367426,
            0.03713167468079201,
            0.03143711645765766,
            0.018770885907532252,
            0.06953043341308959,
            0.43750055316142333,
            0.009329310253784298,
            0.023130446241408212,
            0.2992673010079886,
            0.04499262953264969
        ],
        [
            0.08950060269163242,
            0.2008202505175087,
            0.046315180061387226,
            0.182254317922161,
            0.038867241227476354,
            0.05063113787557765,
            0.012138474278538694,
            0.05851352132090326,
            0.28271191524507966,
            0.03824735885973458
        ],
        [
            0.008135091231580464,
            0.013826911338612495,
            0.046376028659809616,
            0.05114854094709737,
            0.11074740081143306,
            0.002648600684553721,
            0.683773353040763,
            0.019305513151095483,
            0.002744649055164985,
            0.06129391107988974
        ],
        [
            0.03384381400719057,
            0.05998078222575579,
            0.0987010276241139,
            0.028953192404033757,
            0.16014176587528728,
            0.07043008909131367,
            0.01175366518426117,
            0.11453524205639659,
            0.15631274775298318,
            0.2653476737786642
        ],
        [
            0.001735737982570735,
            0.016717143268965295,
            0.70020762533539,
            0.005603100618497577,
            0.14340280328233793,
            0.0062262532787913955,
            0.00596340242702702,
            0.1094693788580409,
            0.0033294840374225136,
            0.007345070910956661
        ],
        [
            0.003498423655952279,
            0.014012361149514612,
            0.21082147923530772,
            0.02092336052669047,
            0.6667652582307683,
            0.0027238761957520704,
            0.025813878554932758,
            0.04139620174780849,
            0.0007693878510331903,
            0.01327577285223967
        ],
        [
            0.0629694514070082,
            0.02583448345542084,
            0.031931936510852285,
            0.010779282903021568,
            0.0036504269956173277,
            0.813390027948516,
            0.011627315643201073,
            0.004481902839406049,
            0.012030085405635806,
            0.02330508689132155
        ],
        [
            0.38962551755490193,
            0.06368095359230853,
            0.008054352550324264,
            0.18145695144268886,
            0.03265089859071986,
            0.007616316128134835,
            0.13763491015948193,
            0.006794654968724755,
            0.006579126021419835,
            0.16590631899129515
        ],
        [
            0.12172602221859181,
            0.31976181897549777,
            0.014417170398232992,
            0.16647480588096908,
            0.20108921549908668,
            0.015687390705953038,
            0.03946103919711885,
            0.014732420702367868,
            0.013098297640301867,
            0.09355181878188039
        ],
        [
            0.12409982772773179,
            0.07845754772748675,
            0.038861852750282526,
            0.12590729989303862,
            0.09091311391853535,
            0.029224061662528764,
            0.015436484440311125,
            0.08620805964607098,
            0.29022313533424376,
            0.12066861689977046
        ],
        [
            0.16044081438021243,
            0.02979064489567054,
            0.003404812899217678,
            0.0703293337343987,
            0.016795447913415557,
            0.008664263401035887,
            0.0055583309662947285,
            0.006855393932922383,
            0.6419320270581439,
            0.05622893081868893
        ],
        [
            0.12402538345290766,
            0.30369236057314575,
            0.02052261845560735,
            0.2619125818458397,
            0.026158367848046916,
            0.025588323079142158,
            0.007658425552924775,
            0.024962884275244644,
            0.003271112573191562,
            0.20220794234394915
        ],
        [
            0.038615683314617295,
            0.0565928919516867,
            0.022876990739317624,
            0.5682595803826798,
            0.03578236753077044,
            0.003320817263269007,
            0.2202075073358456,
            0.004181206147276261,
            0.006500340720902553,
            0.04366261461363561
        ],
        [
            0.12299844967831816,
            0.1443974419384188,
            0.01142259863984357,
            0.053286306901616634,
            0.02492483863883647,
            0.06679308071189707,
            0.007923701652183885,
            0.019883552637081508,
            0.48504380137742226,
            0.06332622782438213
        ],
        [
            0.0882831360342973,
            0.018414598758302245,
            0.06446279016995402,
            0.015710000501015127,
            0.021250360179530362,
            0.7075699851805244,
            0.008236740769834727,
            0.018491786529450112,
            0.015611139373927609,
            0.04196946250316396
        ],
        [
            0.14325033924647534,
            0.04306166894703874,
            0.007134448835554067,
            0.08082141701758008,
            0.02422947060328283,
            0.04315240589080055,
            0.008068989122737073,
            0.0474242458690128,
            0.46926342426593237,
            0.13359359020158557
        ],
        [
            0.014453295078644172,
            0.1326384856412608,
            0.16786681677708692,
            0.008978726340780025,
            0.009279726616923036,
            0.0041685306854831366,
            0.5409651835181909,
            0.006170237247314638,
            0.0038336270388167567,
            0.11164537105549929
        ],
        [
            0.006555199711494011,
            0.021938922938568216,
            0.5524428106761449,
            0.020504570333497413,
            0.07592934292643051,
            0.029769011108403035,
            0.007885358065133808,
            0.2080547251438009,
            0.03068463417620333,
            0.04623542492032435
        ],
        [
            0.2345595528903727,
            0.11448428407912996,
            0.007546646042242075,
            0.09523285300586018,
            0.05411470456163436,
            0.010689228607177569,
            0.3843053574342276,
            0.011824408020649957,
            0.00427452655897038,
            0.0829684387997354
        ],
        [
            0.10746726497942066,
            0.024924200034520873,
            0.012464448520133141,
            0.8226774229925724,
            0.0020271611284144813,
            0.0018528607278906779,
            0.0039065578396332125,
            0.0030512150757788137,
            0.0022840638401981092,
            0.019344804861437536
        ],
        [
            0.00418707800986513,
            0.10249394709206557,
            0.6708765761401619,
            0.001625438343388845,
            0.06514217142795035,
            0.005639676838168335,
            0.07917950691317463,
            0.010015528002236183,
            0.0015398421024607602,
            0.059300235130527665
        ],
        [
            0.945578774493024,
            0.003961012279473879,
            0.0002929652061918828,
            0.03106230528749763,
            0.003989530178528832,
            0.000697965819515566,
            0.0019218195841479585,
            0.000562968677834132,
            0.01004256810650302,
            0.0018900903672832137
        ],
        [
            0.011228016025089839,
            0.8468962390657636,
            0.028048613113257372,
            0.008514056609207243,
            0.02381277126827242,
            0.002527096910640521,
            0.031297580475165676,
            0.017880207975356832,
            0.00201260764563864,
            0.027782810911607458
        ],
        [
            0.06892166922334171,
            0.028582708811763214,
            0.08501066616611767,
            0.04415380499800865,
            0.11301843307224844,
            0.062391569497831076,
            0.013015485545541109,
            0.12558606443423975,
            0.4274677441202188,
            0.03185185413068933
        ],
        [
            0.5306349630692203,
            0.03808685386836074,
            0.025683520212056703,
            0.07124124784641583,
            0.010947242754871097,
            0.14783636301387224,
            0.006985675405409178,
            0.011247673300184462,
            0.1042514949159108,
            0.05308496561369827
        ],
        [
            0.056115518504511804,
            0.05534510539968905,
            0.04457851045153281,
            0.07075674329144298,
            0.09168469012876941,
            0.29032000582175727,
            0.019768790278265214,
            0.10313223946559123,
            0.1751769758666822,
            0.09312142079175773
        ],
        [
            0.01803611303514853,
            0.09081625678126072,
            0.033764342883681665,
            0.02712666209835933,
            0.04133199276650409,
            0.6171736282907668,
            0.00906113743701392,
            0.04357139303313252,
            0.06310918260533124,
            0.05600929106880109
        ],
        [
            0.011963848562785697,
            0.04258802897489421,
            0.04630299591467735,
            0.2340724819613315,
            0.058177772488522156,
            0.0039401879279184985,
            0.564817385085672,
            0.007397326663476423,
            0.0035281143411604815,
            0.02721185807956176
        ],
        [
            0.0005091197255415805,
            0.013092625015879789,
            0.8932529837326989,
            0.0010875921699492128,
            0.015358642869481265,
            0.0006867687323468525,
            0.06612065438784621,
            0.00486324096401789,
            0.0001867626930834862,
            0.004841609709155086
        ],
        [
            0.008462092924476793,
            0.04139039498191743,
            0.14352960741235937,
            0.02765339702945332,
            0.1052657259884005,
            0.36252938385062294,
            0.01630209226232674,
            0.12292153955452106,
            0.01833534138677047,
            0.1536104246091514
        ],
        [
            0.6125378072037799,
            0.027343322688059554,
            0.02487697005378068,
            0.12562327079781832,
            0.14870716498495648,
            0.006125618829832826,
            0.018021248059333552,
            0.010777512583897458,
            0.007078029725377627,
            0.018909055073163605
        ],
        [
            0.0021232621178684935,
            0.9709338152029292,
            0.0007878771279055998,
            0.00010643461707885431,
            0.007916191795924576,
            0.005530196004640522,
            0.002043578866401769,
            0.0010598489911224248,
            0.0017641897919882844,
            0.007734605484139904
        ],
        [
            0.014900905474189182,
            0.08565995527052793,
            0.010901480081887521,
            0.12509693346699963,
            0.17074326312139898,
            0.0051360541721597,
            0.4753493949529207,
            0.010364102906489687,
            0.004045740351995335,
            0.09780217020143128
        ],
        [
            0.0023799949768081225,
            0.0285567223000573,
            0.02030468701963013,
            0.004782284773773887,
            0.06268423645783446,
            0.0022473035804524,
            0.14811192615112997,
            0.00587733086557985,
            0.0017250054095222203,
            0.7233305084652115
        ],
        [
            0.01182458665233179,
            0.023165536039273394,
            0.2377576716196642,
            0.009743016341415707,
            0.18699994242279466,
            0.008461341589222484,
            0.005783609511396849,
            0.4945973322230517,
            0.011767304984452534,
            0.00989965861639698
        ],
        [
            0.0025221828714079766,
            0.14011567747561068,
            0.4924502440410674,
            0.0020931188571451675,
            0.027082709677553902,
            0.0064771805691603845,
            0.29499937826263356,
            0.00789390631685992,
            0.0008173505328071566,
            0.025548251395754108
        ],
        [
            0.5483878851355444,
            0.05270096304817411,
            0.0008157501069860238,
            0.28096507797480375,
            0.015351487035140188,
            0.004000543130709396,
            0.035757766935261656,
            0.0022870441008660085,
            0.03518147360144524,
            0.02455200893106968
        ],
        [
            0.05199228361763224,
            0.0618742559341233,
            0.018728536605101008,
            0.2783092671313885,
            0.08483327398788025,
            0.01943252968586231,
            0.008983403944412813,
            0.061595959980537726,
            0.34918661803156004,
            0.06506387108150198
        ],
        [
            0.1152515334776367,
            0.03234603734628046,
            0.005684684244302197,
            0.0993974884213693,
            0.012591848525202644,
            0.010157111728429515,
            0.013235199234997889,
            0.04886937634119025,
            0.4444676244886916,
            0.21799909619189947
        ],
        [
            0.015815626114264212,
            0.021089091428343906,
            0.04818950058005956,
            0.042559162784535955,
            0.22168617950761932,
            0.010587252396584052,
            0.006665337650654396,
            0.5805188140851816,
            0.021316440874583672,
            0.03157259457817348
        ],
        [
            0.7316406945291252,
            0.024439357845044172,
            0.006803916325763448,
            0.04689216242226773,
            0.010241897202357029,
            0.012889192631615429,
            0.005573191300839697,
            0.013460809214929747,
            0.1273510612145865,
            0.020707717313471163
        ],
        [
            0.06919601196384254,
            0.10295059811886531,
            0.01186965376087334,
            0.1105556311792926,
            0.024649918739923223,
            0.3538495461118153,
            0.00982969144110191,
            0.04109348003749724,
            0.2215331637905525,
            0.05447230485623649
        ],
        [
            0.02658413777131745,
            0.017957013172449514,
            0.014720462694000099,
            0.019872959014154947,
            0.019818477531608047,
            0.6675306652793405,
            0.008955142875558184,
            0.02544409354572424,
            0.17469233253472874,
            0.024424715581118386
        ],
        [
            0.0019088838064539914,
            0.012952282763020403,
            0.014249904755020743,
            0.014095736383430613,
            0.03534347700495982,
            0.002922825861114149,
            0.8676778967245621,
            0.0043635808750323276,
            0.0013113615031558874,
            0.04517405032324957
        ],
        [
            0.008091117250167734,
            0.9397985017154062,
            0.00566953749658927,
            0.008078769634000104,
            0.011126806274279158,
            0.0011651403910821175,
            0.010479934138401448,
            0.0060107892081456326,
            0.0022369472023359496,
            0.0073424566895918635
        ],
        [
            0.0030930297814354304,
            0.03515282698981473,
            0.1381489292719811,
            0.009332314749522718,
            0.30040818892804094,
            0.0020681291305094645,
            0.19808726946152472,
            0.03537675559295912,
            0.0032577698562654108,
            0.27507478623794623
        ],
        [
            0.0017846946246701807,
            0.005386635945290308,
            0.025331315527260874,
            0.005316426157600948,
            0.10835177671325583,
            0.0013329259579545152,
            0.013529979002510394,
            0.8322480846663196,
            0.0005248935089430175,
            0.006193267896194281
        ],
        [
            0.004440516158227057,
            0.018876159518602897,
            0.017671011138637872,
            0.004101351373964495,
            0.9029777669395399,
            0.002202196784934628,
            0.007706205113621537,
            0.027716906292474038,
            0.0006506675844361571,
            0.013657219095561708
        ],
        [
            0.0245869723422004,
            0.06058887185670511,
            0.2672701753332423,
            0.037177163825151106,
            0.09783301072417967,
            0.06981332713626058,
            0.024903052204179963,
            0.13645555885041794,
            0.05340230158075228,
            0.22796956614691052
        ],
        [
            0.003935718939582338,
            0.01720195796949486,
            0.11703714516357361,
            0.010038923374686233,
            0.7301184598079205,
            0.0028501342673009377,
            0.03820900137300832,
            0.06732879880354845,
            0.0006955810836058187,
            0.012584279217279656
        ],
        [
            0.018775600609006654,
            0.0761552279581779,
            0.027353584819851257,
            0.019874567341530543,
            0.030403605724696907,
            0.5546593305613903,
            0.01246357875210969,
            0.0868857688773961,
            0.050249492570384004,
            0.12317924278545626
        ],
        [
            0.11332512642381005,
            0.009198457573308538,
            0.005206754872678441,
            0.10527319574805236,
            0.02265705458807468,
            0.007431414756915118,
            0.0051688586287711525,
            0.025625173566882733,
            0.6938008088492689,
            0.012313154992238397
        ],
        [
            0.09131016448029503,
            0.2656854672093164,
            0.017973671097903352,
            0.14542294658119378,
            0.0783261531926728,
            0.012306706642924456,
            0.3212402946298513,
            0.00594561918638273,
            0.005088390425431928,
            0.056700586554028244
        ],
        [
            0.04828703860208013,
            0.051189801710146345,
            0.02723963761038659,
            0.3588581254063242,
            0.026462281906126518,
            0.02399055170428897,
            0.015452142613642235,
            0.029672997663794918,
            0.17215681878243447,
            0.24669060400077494
        ],
        [
            0.033863683553860865,
            0.26816405591720155,
            0.2241167501497617,
            0.036409071739960025,
            0.015907490795724448,
            0.00732518269494203,
            0.3449521765716866,
            0.01388611200231157,
            0.01180213621362886,
            0.04357334036092235
        ],
        [
            0.022419559726572898,
            0.5655727839822268,
            0.00913802321897342,
            0.1586620663957016,
            0.026405105471519943,
            0.003979369092259675,
            0.1815184174978662,
            0.00824127007793461,
            0.005274912382746081,
            0.018788492154198203
        ],
        [
            0.14748021257403998,
            0.06212976597980668,
            0.07961089024227472,
            0.32417682174250434,
            0.022982967863706783,
            0.12983674178590143,
            0.009945646112299275,
            0.013500974027247353,
            0.10472071344791255,
            0.10561526622430661
        ],
        [
            0.1135536434973403,
            0.19854884139564624,
            0.058045238296113556,
            0.08312478895159064,
            0.07976846516924972,
            0.07283732795634808,
            0.015914931684509616,
            0.05751019279506551,
            0.26518160258478984,
            0.0555149676693462
        ],
        [
            0.2710571854260914,
            0.03125333125732248,
            0.009878035337838653,
            0.10182321273455384,
            0.04297405196766806,
            0.03194878792314009,
            0.0121991918098129,
            0.05855751012696851,
            0.3984255158674858,
            0.041883177549118474
        ],
        [
            0.19499450016880981,
            0.05160768454230614,
            0.06556418901122091,
            0.04654818739692064,
            0.014801665025139679,
            0.46435252433586993,
            0.01072966107733405,
            0.006726648132695911,
            0.12660031226248394,
            0.018074628047218884
        ],
        [
            0.052659600876917755,
            0.06887661471679392,
            0.05239793071514786,
            0.0930751436142472,
            0.1220555418822354,
            0.06224553652191548,
            0.01505424428785342,
            0.22824124610417468,
            0.14704960652354096,
            0.15834453475717328
        ],
        [
            0.07070633196349942,
            0.05892689881889087,
            0.050483222299456273,
            0.09196619713219206,
            0.10338061279886111,
            0.028374475854432687,
            0.012579403694284128,
            0.12759889350445133,
            0.2650741065732937,
            0.19090985736063829
        ],
        [
            0.009266730349416087,
            0.10775163821593857,
            0.004554696259283659,
            0.0013043307093228173,
            0.7712289781340578,
            0.004668240228192739,
            0.004210695173491486,
            0.00849328632318145,
            0.0013873856178224695,
            0.08713401898929295
        ],
        [
            0.015123979240536444,
            0.0545198694431712,
            0.09564118130136211,
            0.025971428752415166,
            0.08283366957401714,
            0.03444904513676176,
            0.013287318879212189,
            0.17190405783909432,
            0.05369992744908485,
            0.45256952238434517
        ],
        [
            0.11598245186630395,
            0.05368505608654921,
            0.032845297293053084,
            0.06638910968252539,
            0.10230681556327777,
            0.14034257945329282,
            0.01078796205291389,
            0.08834736800294714,
            0.360124873480018,
            0.02918848651911917
        ],
        [
            0.0335709374093128,
            0.12431496947853192,
            0.027337401713442195,
            0.07451450559280484,
            0.1282866279298457,
            0.037365435126722774,
            0.018974531066965623,
            0.14724455312190185,
            0.07996477168267961,
            0.3284262668777927
        ],
        [
            0.0015255897621023098,
            0.005789494589945342,
            0.21986616013060736,
            0.0024365654438701706,
            0.28468281748970453,
            0.0030633448632365417,
            0.0047758247248063075,
            0.4711771207148527,
            0.0025099283335291113,
            0.004173153947345366
        ],
        [
            0.01870484173638834,
            0.1733997538419736,
            0.009260392183402199,
            0.036222716264541495,
            0.11945641710914674,
            0.010368798390718416,
            0.5626595022957417,
            0.007154012980616099,
            0.002164688050636173,
            0.06060887714683581
        ],
        [
            0.13080874647904897,
            0.02458998482603433,
            0.009661045424509027,
            0.050817827798381746,
            0.04238960567808303,
            0.028580728529698174,
            0.015554648170739522,
            0.04539101591444318,
            0.6120332654408855,
            0.040173131738176465
        ],
        [
            0.007135128826401738,
            0.8481736563117667,
            0.016187790851150772,
            0.013480908374323556,
            0.018441110909997473,
            0.0026130342171032804,
            0.05747648399206913,
            0.011076228694709237,
            0.0014736941731108713,
            0.023941963649366765
        ],
        [
            0.003310525959531158,
            0.015307390732085946,
            0.004521155214129109,
            0.005941993873070171,
            0.10846757385118336,
            0.0005611200193102703,
            0.010117668400641839,
            0.8490090749650477,
            0.001121272598780299,
            0.001642224386220397
        ],
        [
            0.0361007905582521,
            0.02852483804676999,
            0.1086667360652661,
            0.06465445978456899,
            0.07847267344718718,
            0.03615928409435245,
            0.012273134774502589,
            0.050910164505731256,
            0.22942925219540364,
            0.35480866652796617
        ],
        [
            0.06755928899207464,
            0.04649541953841052,
            0.04151982236588998,
            0.012847178135221482,
            0.34255040737778225,
            0.01976073353910456,
            0.012546219598140413,
            0.35229571391218734,
            0.072853667593027,
            0.031571548948161804
        ],
        [
            0.40320018578824574,
            0.11529325598145101,
            0.0027642362220356787,
            0.3232291286275054,
            0.040402001634827364,
            0.009402121207183273,
            0.06739262378645738,
            0.006907945553682388,
            0.01578674450484012,
            0.015621756693771775
        ],
        [
            0.011360956760839681,
            0.02830587066332106,
            0.12424401536588645,
            0.01928314412670048,
            0.19293522659159443,
            0.03616840193901807,
            0.013384806480127413,
            0.5195637828029626,
            0.0252522628443576,
            0.02950153242519283
        ],
        [
            0.054058832348820605,
            0.16723876415403605,
            0.02622125296519205,
            0.02638202826408701,
            0.20352571218238005,
            0.057731683846433506,
            0.007765254111999074,
            0.07246044325713111,
            0.18800786406299924,
            0.19660816480692092
        ],
        [
            0.01952863125684977,
            0.045904820180205,
            0.1846821457091808,
            0.08922084271397254,
            0.08601815710903853,
            0.02698731433508422,
            0.011794116612903336,
            0.4651991795640453,
            0.035101937556484816,
            0.03556285496223556
        ],
        [
            0.009354254659939255,
            0.003110517553042427,
            0.021213435984605847,
            0.914011668870957,
            0.0054445985678791805,
            0.00155046292342165,
            0.03762302867090471,
            0.002586652360101218,
            0.0010894881172375426,
            0.004015892291911213
        ],
        [
            0.016016083370305342,
            0.021015860486082956,
            0.012560326846334072,
            0.011298019733881521,
            0.10603785431988007,
            0.001231351335863944,
            0.011721121868359646,
            0.8032827385475637,
            0.0014969811293133516,
            0.015339662362415794
        ],
        [
            0.11229505410164463,
            0.07554694344918675,
            0.02119891596041139,
            0.1219163575125532,
            0.04511839983934791,
            0.05007794993735167,
            0.01125020601901163,
            0.0787123899034365,
            0.45692608556543984,
            0.02695769771161609
        ],
        [
            0.008033937594865998,
            0.010197493099860558,
            0.14282735398697166,
            0.012298442074999787,
            0.7090388456576436,
            0.001636356000928791,
            0.020920488218381203,
            0.07338234999832881,
            0.0011835599982637178,
            0.020481173369755416
        ],
        [
            0.03495422215521925,
            0.07354550556032378,
            0.009052807682623577,
            0.04044899842705545,
            0.018404441068421255,
            0.6339128223676441,
            0.013570129810076777,
            0.029619282843799943,
            0.10318962857955064,
            0.043302161505284896
        ],
        [
            0.003317668028994693,
            0.02614988564156822,
            0.09419979283042618,
            0.01302053741391719,
            0.13162422561317877,
            0.005363370762118116,
            0.3333829157935155,
            0.01714989744153549,
            0.00442844628034829,
            0.37136326019439775
        ],
        [
            0.0843612253851688,
            0.13037655599894335,
            0.01732544517460854,
            0.1804023745776455,
            0.05970476400174271,
            0.04322718427493672,
            0.014636167698116737,
            0.07866284578566206,
            0.24374527785492955,
            0.1475581592482461
        ],
        [
            0.014704835668321481,
            0.04475504152848814,
            0.13725507095755543,
            0.02183401428733432,
            0.6576696266810604,
            0.002086823028091799,
            0.021408025909212043,
            0.08416420850168452,
            0.001838221282091078,
            0.014284132156161028
        ],
        [
            0.03849934174167721,
            0.2696654902585676,
            0.06561909444378909,
            0.0171243615458626,
            0.060056078957243124,
            0.06282532193983513,
            0.01719736683619315,
            0.12077280588290885,
            0.10024919884254306,
            0.24799093955138077
        ],
        [
            0.05859630686572821,
            0.09458657960346228,
            0.013521999913530756,
            0.011930760928283558,
            0.03639858720612075,
            0.25154662675119094,
            0.00814525942306134,
            0.017694984741020492,
            0.47022068490355,
            0.037358209664051484
        ],
        [
            0.008140317729291045,
            0.06395227621862141,
            0.018759839440841367,
            0.045341565025128185,
            0.032809422192992245,
            0.004297253200328792,
            0.6468743798538481,
            0.006121571065509685,
            0.005583428126008366,
            0.1681199471474299
        ],
        [
            0.09003620063944182,
            0.14852413438807724,
            0.029295013642943464,
            0.13227669809628845,
            0.028614751095932256,
            0.0434321959407594,
            0.04022876392070346,
            0.039993668011841545,
            0.3819575025917606,
            0.06564107167225239
        ],
        [
            0.004955392496370795,
            0.010007775149475744,
            0.016667136485747087,
            0.03952597659896224,
            0.0204128589332623,
            0.005093110118014396,
            0.8734865189475144,
            0.004232981744732005,
            0.001792398713183314,
            0.023825850812737994
        ],
        [
            0.2817276332748541,
            0.02669741001948745,
            0.0029417489632732278,
            0.6575771302802416,
            0.001187436815704759,
            0.0010649205773736196,
            0.0025601867931879236,
            0.0027437570814832666,
            0.00504033676817905,
            0.01845943942621572
        ],
        [
            0.005704385894150533,
            0.014658989088267143,
            0.08424548926634669,
            0.022984657872467222,
            0.6933167819424357,
            0.001389666810337822,
            0.08680172973185023,
            0.03702217454825422,
            0.0057823070807045815,
            0.04809381776518623
        ],
        [
            0.007089140164828776,
            0.06444936213095113,
            0.02099679028984494,
            0.0022621437473268474,
            0.02686212683097056,
            0.7845154426072728,
            0.007248160944653744,
            0.011439724132770862,
            0.04648922970002282,
            0.028647879451357987
        ],
        [
            0.029579704773578692,
            0.09535342213950451,
            0.028314543431202696,
            0.10337333494463002,
            0.022445604623213426,
            0.5048768687118714,
            0.012459839059465985,
            0.05817818887106268,
            0.08086674930194081,
            0.06455174414352989
        ],
        [
            0.004439517185683913,
            0.014693209732736114,
            0.571685199208462,
            0.0022795293150042278,
            0.16885727004408466,
            0.04132670761493397,
            0.0030573355284360787,
            0.16414374233678822,
            0.011862349960238626,
            0.017655139073632174
        ],
        [
            0.06553666980658285,
            0.09442798982039623,
            0.05438379397960521,
            0.01835114501796161,
            0.05955475372206008,
            0.15014318504179028,
            0.009732734879733473,
            0.025203649690668097,
            0.48348325087604177,
            0.03918282716516083
        ],
        [
            0.07175350005729178,
            0.13785888596968843,
            0.022741720250758938,
            0.09544555243538269,
            0.17083429544034426,
            0.03676096548864113,
            0.010286702384094714,
            0.08285889223746846,
            0.24608559794552198,
            0.12537388779080785
        ],
        [
            0.001221883942003931,
            0.0751662030516087,
            0.03236082257365224,
            0.0011443952751771726,
            0.09933451519610814,
            0.0041160129239210756,
            0.1563751502460853,
            0.004831946439325015,
            0.0018628010876321594,
            0.623586269264486
        ],
        [
            0.4145676941975418,
            0.15479968542752023,
            0.03235989436284838,
            0.004232641025056208,
            0.13202400297537284,
            0.048276360951829654,
            0.020140151120736347,
            0.011118007831630817,
            0.011239900770240166,
            0.17124166133722385
        ],
        [
            0.04804316899706333,
            0.03148202866489836,
            0.2087231376849429,
            0.06942167806379818,
            0.10526904451298238,
            0.06281468191089683,
            0.015081963613847303,
            0.15655984985859472,
            0.2377515603455491,
            0.06485288634742693
        ],
        [
            0.007206947484394471,
            0.030153234114846855,
            0.010876747054833394,
            0.008789407437856996,
            0.11407905158654888,
            0.0015436286211428837,
            0.011950604977111088,
            0.8063536302214513,
            0.0008328198041949504,
            0.008213928697619007
        ],
        [
            0.007301073801389833,
            0.21625777916439506,
            0.028864198303737036,
            0.003758483198570199,
            0.09634884373667497,
            0.005163300536589311,
            0.1442515420999722,
            0.005449684361589598,
            0.008282455002037952,
            0.484322639795044
        ],
        [
            0.03335303382784772,
            0.0292266712545844,
            0.007572433079656293,
            0.19049201299519872,
            0.07440938345141351,
            0.009644732420562628,
            0.5320778395890888,
            0.00788590577786319,
            0.008744628505200266,
            0.10659335909858515
        ],
        [
            0.3047263030216557,
            0.01747480740839421,
            0.0006711310045085855,
            0.6218428756092995,
            0.0012042078947814676,
            0.0009046716085632147,
            0.002079088038343614,
            0.0016537719071070087,
            0.009917960349262924,
            0.039525183158083455
        ],
        [
            0.34370853475363305,
            0.11430886576580583,
            0.0057748041549562645,
            0.1969001724998167,
            0.06726876675049212,
            0.012471723001699816,
            0.19880738879576676,
            0.009021314754353294,
            0.007882428134040699,
            0.04385600138943542
        ],
        [
            0.004492040029253753,
            0.08474791691850357,
            0.01721845614596099,
            0.027946356569101497,
            0.014948755389466412,
            0.003822273863532038,
            0.7752080815119746,
            0.008141214792305444,
            0.004369354990034816,
            0.059105549789866846
        ],
        [
            0.04179577764433726,
            0.04308779554979163,
            0.04471421747831407,
            0.6114271738009048,
            0.010459818611158023,
            0.021872586352825345,
            0.010701516798705275,
            0.013668156537023314,
            0.17349978903849828,
            0.028773168188441983
        ],
        [
            0.1116946707300413,
            0.04330967705790541,
            0.004480706389906121,
            0.3751366284654892,
            0.008215167760504362,
            0.021201250891652333,
            0.006137953294120705,
