{
    "accuracy": 0.64,
    "classification_report": "              precision    recall  f1-score   support\n\n           0       0.64      0.45      0.53        20\n           1       0.82      0.45      0.58        20\n           2       0.76      0.65      0.70        20\n           3       0.57      0.60      0.59        20\n           4       0.65      0.55      0.59        20\n           5       0.90      0.90      0.90        20\n           6       0.62      0.75      0.68        20\n           7       0.67      0.70      0.68        20\n           8       0.42      0.85      0.57        20\n           9       0.67      0.50      0.57        20\n\n    accuracy                           0.64       200\n   macro avg       0.67      0.64      0.64       200\nweighted avg       0.67      0.64      0.64       200\n",
    "y_score": [
        [
            0.039014616219498886,
            0.040312668353989924,
            0.014023129783387846,
            0.054623743072522664,
            0.03862323313815937,
            0.1886069932944702,
            0.012581005468091776,
            0.05709066923916323,
            0.43404092739071803,
            0.12108301403999847
        ],
        [
            0.040717517796110304,
            0.05285123152175823,
            0.04054619362440069,
            0.04353608779698465,
            0.1632601188912519,
            0.018512333499084384,
            0.035116512867196754,
            0.007252003260008505,
            0.005385686245906811,
            0.5928223144972978
        ],
        [
            0.05065274029339284,
            0.20849893322216767,
            0.043010945981036816,
            0.025485019301318742,
            0.14770950383737444,
            0.13164022143486226,
            0.015444778470697548,
            0.07897225493211316,
            0.13868949252133847,
            0.15989611000569787
        ],
        [
            0.029361486127702605,
            0.03347549260662135,
            0.029781828677459293,
            0.020820822159518013,
            0.0787896429385268,
            0.4232511533908942,
            0.009613386526372038,
            0.023391294670444124,
            0.3054393939520954,
            0.04607549895036593
        ],
        [
            0.08522415483369222,
            0.187251374637964,
            0.04225186547518608,
            0.19089096177914375,
            0.038117238826644376,
            0.050750424463711925,
            0.012382571348710188,
            0.05860580411074743,
            0.29787385722240706,
            0.03665174730179299
        ],
        [
            0.007284675208512176,
            0.014303147030426143,
            0.04418337083909602,
            0.05936014261426893,
            0.10548475426209446,
            0.002650796660262066,
            0.6842508813872717,
            0.018361126630364006,
            0.0029254421896367806,
            0.06119566317806777
        ],
        [
            0.030373354414748376,
            0.05201958999068129,
            0.09522825692656336,
            0.03042108105647692,
            0.16431987603071474,
            0.07037177026122828,
            0.011595489601309268,
            0.12020269272366964,
            0.15445313542144853,
            0.2710147535731593
        ],
        [
            0.0015226701090700896,
            0.012401281197291789,
            0.7360366852516612,
            0.0065855145381568765,
            0.13374293674819193,
            0.007127927928007206,
            0.005705122693069913,
            0.08698296486577936,
            0.002847134062612062,
            0.007047762606159448
        ],
        [
            0.002805620261441963,
            0.011491734401495693,
            0.21039443571785948,
            0.02303717129652419,
            0.6770884038437877,
            0.0030065942534392605,
            0.024393277178784607,
            0.03480132836314034,
            0.0006832464903774681,
            0.012298188193149292
        ],
        [
            0.06882411230399992,
            0.024291034510950663,
            0.035363511054549976,
            0.011875796234908245,
            0.00424112831274979,
            0.8015336009184313,
            0.012061698202549946,
            0.0045646363756234746,
            0.013005121121785245,
            0.024239360964451135
        ],
        [
            0.3979696587617453,
            0.06045010253884973,
            0.007504327497562862,
            0.16896968060272782,
            0.03148931022424541,
            0.008754712528990944,
            0.14543930559233118,
            0.006720908004052788,
            0.007235824992673555,
            0.16546616925682078
        ],
        [
            0.11546640070711066,
            0.3079222374491741,
            0.013562018770571655,
            0.17874325686789957,
            0.20389149950513089,
            0.01778487290208426,
            0.041305937743233885,
            0.013937326837667843,
            0.01345275659610254,
            0.09393369262102436
        ],
        [
            0.12192394682290113,
            0.07210632084484961,
            0.035956889091264065,
            0.13281703968406333,
            0.09038339202113832,
            0.030566954717345655,
            0.015525228090191558,
            0.09032304707573152,
            0.28816180147379367,
            0.12223538017872079
        ],
        [
            0.1650229752338656,
            0.026177828291606916,
            0.0029777653596565834,
            0.07420363491387647,
            0.016200663523499366,
            0.009878485077097994,
            0.005334791436099147,
            0.007114911949856452,
            0.6355303037237033,
            0.05755864049073812
        ],
        [
            0.11159838199828094,
            0.2978175123588059,
            0.019223395911680104,
            0.2733699295023716,
            0.025348302464384753,
            0.026811650509275566,
            0.00819883910842273,
            0.024065618130151508,
            0.003545411421640181,
            0.21002095859498623
        ],
        [
            0.03286141982776502,
            0.06024096795344453,
            0.02157617836591925,
            0.5587078071783045,
            0.03349820684735524,
            0.003260738082271644,
            0.23973275133102298,
            0.003698933907371021,
            0.007137861699941811,
            0.039285134806603964
        ],
        [
            0.11978666443945253,
            0.12922345747889938,
            0.010138461839468134,
            0.05723739631978375,
            0.025095744924390363,
            0.0682718528800671,
            0.008043520336950142,
            0.019951389358814884,
            0.4967132860635228,
            0.06553822635865081
        ],
        [
            0.0980095877524804,
            0.016670680034454734,
            0.06525676719948521,
            0.01677276685495045,
            0.027223826802517226,
            0.6925868381449914,
            0.008427342165718705,
            0.017437036193888176,
            0.015922925227804724,
            0.041692229623708534
        ],
        [
            0.13991807043190702,
            0.03797830017304338,
            0.006019039933809718,
            0.08335628150393411,
            0.023598516232437347,
            0.043988544569340635,
            0.007662576492799464,
            0.049499111639275666,
            0.4693609711578142,
            0.13861858786563824
        ],
        [
            0.011917596926718253,
            0.12953227826828717,
            0.1653079108744819,
            0.010659948984753096,
            0.008628609909630441,
            0.004333487365041736,
            0.5474573778810351,
            0.005470575357377127,
            0.003531645109922006,
            0.11316056932275342
        ],
        [
            0.005339040810150777,
            0.01663278470233615,
            0.5880350550061836,
            0.021654093904606018,
            0.07035687876308444,
            0.02798244444646695,
            0.0072853588319596735,
            0.19405171693847578,
            0.024757110819241687,
            0.04390551577749463
        ],
        [
            0.23130928165461012,
            0.11477023088991738,
            0.0067793172470674125,
            0.099990837236007,
            0.05299209565698506,
            0.012151835856554886,
            0.38243214799979824,
            0.011663113094833677,
            0.004485152280850693,
            0.08342598808337597
        ],
        [
            0.09123578607761014,
            0.02472430901943075,
            0.010949488992013359,
            0.8452934096815988,
            0.0017209138510493466,
            0.0020745514616943984,
            0.003922457956688743,
            0.0026342437214311168,
            0.0022192548798175434,
            0.01522558435866571
        ],
        [
            0.0030951377028016467,
            0.08933837374655529,
            0.6951351061087929,
            0.001647026890336112,
            0.06173663917422995,
            0.00579364521262279,
            0.0780334757236658,
            0.00756044647062406,
            0.0012872545057504615,
            0.056372894464621036
        ],
        [
            0.9531192287592894,
            0.003834175825584696,
            0.00035624309373679855,
            0.02057143467736813,
            0.003740542952722667,
            0.001010501891914745,
            0.002319245216492015,
            0.0007234806741197971,
            0.012511428144824567,
            0.001813718763946892
        ],
        [
            0.009550690823234476,
            0.8539830250588258,
            0.024469547633322705,
            0.008648816513620818,
            0.02331384148336165,
            0.00252586887493193,
            0.03356625371802082,
            0.015847803503199434,
            0.002048182483491808,
            0.02604596990799019
        ],
        [
            0.0685151414011799,
            0.02599855830065542,
            0.0794346777032805,
            0.04829445029942164,
            0.11486901693185066,
            0.061759494602295746,
            0.0130988164026174,
            0.13118847420869387,
            0.4242196323578355,
            0.03262173779216899
        ],
        [
            0.4966648766280167,
            0.036139106599315435,
            0.02436491638100951,
            0.06887782071551334,
            0.011589019665779028,
            0.17765472394854062,
            0.007230467206620963,
            0.01125551746420149,
            0.11272465445200697,
            0.05349889693899583
        ],
        [
            0.053771021898122266,
            0.04989764935535797,
            0.04174059251097495,
            0.0751154567735483,
            0.09805239363761668,
            0.2847550448130555,
            0.019806935992591954,
            0.10703138058675565,
            0.17542390931453253,
            0.0944056151174444
        ],
        [
            0.018552063214876863,
            0.08273217276471315,
            0.033133054728486495,
            0.02928351507711278,
            0.04928743507570723,
            0.6128635608970522,
            0.009334635006452471,
            0.04355907629409708,
            0.06522924940681363,
            0.0560252375346881
        ],
        [
            0.01022783390228643,
            0.04393754008734036,
            0.043943598833244064,
            0.24998198061405627,
            0.0543979973449949,
            0.0038551266087208107,
            0.5573788641600391,
            0.006780244717607482,
            0.003824744086505934,
            0.025672069645204697
        ],
        [
            0.0003310994668366247,
            0.011158621124745404,
            0.8976239232198663,
            0.001421570424031287,
            0.013585983835445355,
            0.0006903247637640247,
            0.06674063398076112,
            0.003679968736720901,
            0.00018354912671819548,
            0.004584325321111491
        ],
        [
            0.008127398860193168,
            0.03631047205498435,
            0.14255437102059795,
            0.029377831456274102,
            0.11463139175988143,
            0.35710928480722126,
            0.016152095476558364,
            0.12323881669282136,
            0.01717281938037128,
            0.15532551849109663
        ],
        [
            0.6401157678691696,
            0.024037347808076058,
            0.02092137613564278,
            0.11608422710552682,
            0.14414548106318312,
            0.006177013161945191,
            0.01666611759789142,
            0.009326206285355835,
            0.007330573465911818,
            0.015195889507296764
        ],
        [
            0.0015216996048409504,
            0.973064572303781,
            0.0005966853486428097,
            0.0001050122066664397,
            0.00755162537069701,
            0.0053277019453445785,
            0.002418083413877968,
            0.0007626826292183352,
            0.0018711233826696986,
            0.006780813794261522
        ],
        [
            0.013221256203164219,
            0.08235405400396856,
            0.01035218702044077,
            0.13711648417507682,
            0.1644379994992472,
            0.0053522504252039,
            0.47435714703855303,
            0.009903949487108297,
            0.004379006515984983,
            0.09852566563125223
        ],
        [
            0.0017137225979087637,
            0.025187693934395995,
            0.018324125287051896,
            0.004959631750411366,
            0.06330234249973835,
            0.002117262834787634,
            0.14248484141211623,
            0.005667427410855864,
            0.001541551713046874,
            0.7347014005596872
        ],
        [
            0.01054898395531204,
            0.017348328740595626,
            0.22651470423367107,
            0.010054054808377394,
            0.17774463738784974,
            0.00843042851902862,
            0.005561788436070956,
            0.5249139844261007,
            0.00913451530372657,
            0.009748574189266815
        ],
        [
            0.0018868023638227308,
            0.1308769040426314,
            0.49732288235358035,
            0.002570821320216824,
            0.0250482847183742,
            0.006544764658402005,
            0.3035978171682647,
            0.006575039110691527,
            0.0007960994451244166,
            0.024780584818891525
        ],
        [
            0.5678596446539372,
            0.05214379483162276,
            0.0009919347585062802,
            0.2533853059854006,
            0.015852022273116335,
            0.005718590457527927,
            0.03966502983438328,
            0.002564934500055403,
            0.04008140594667593,
            0.021737336758774838
        ],
        [
            0.047595760095796205,
            0.0572930624037574,
            0.016553091753426598,
            0.29119939421647617,
            0.08268486871315152,
            0.019236415761015493,
            0.009027670527770652,
            0.060907690434386534,
            0.3514823513080183,
            0.064019694786201
        ],
        [
            0.10988735676259458,
            0.02847397455179651,
            0.005203128237965739,
            0.10309488324327884,
            0.01201324794011981,
            0.010724897544736238,
            0.013026332184756207,
            0.05137533823422752,
            0.44008813143903686,
            0.2261127098614876
        ],
        [
            0.01490034520800827,
            0.01679712174896679,
            0.04128907601549012,
            0.04270321520597152,
            0.21431181814699507,
            0.010025589889259747,
            0.006508222855616752,
            0.6023336731872038,
            0.019134666827057275,
            0.031996270915430954
        ],
        [
            0.7272443484823279,
            0.020980077007500878,
            0.0053297169749622645,
            0.039733821819839275,
            0.009672402775569414,
            0.014355055755461858,
            0.00537822389948157,
            0.013553162190657527,
            0.1460793858274717,
            0.01767380526672781
        ],
        [
            0.06855362491544745,
            0.09590169572733999,
            0.010880662588196593,
            0.11335339373564848,
            0.026395672050826987,
            0.34999501660789295,
            0.010021062928078469,
            0.04092010365940519,
            0.22886107654444243,
            0.05511769124272164
        ],
        [
            0.02906504155700345,
            0.016166790074347317,
            0.014366510598374342,
            0.021972720784868182,
            0.022971095936584723,
            0.6570221119928792,
            0.009166906597451539,
            0.025860168983834253,
            0.177841565162105,
            0.02556708831255256
        ],
        [
            0.0015756525234026583,
            0.012748988160295823,
            0.013028848889935496,
            0.016120850033127243,
            0.03246652775570052,
            0.0028508747671843635,
            0.8718684217290458,
            0.004152155888426175,
            0.001333271059929086,
            0.043854409192952665
        ],
        [
            0.007026522609645674,
            0.9369507985851132,
            0.004865988314696874,
            0.011736787074461737,
            0.011167423561138664,
            0.0012240477127159891,
            0.012088661132455072,
            0.005043987507132314,
            0.0023117250181585204,
            0.007584058484481864
        ],
        [
            0.0024596489359501477,
            0.03124853545026596,
            0.13586795739092727,
            0.010209932725863478,
            0.30640997952564575,
            0.0022510462735992128,
            0.19875061971043392,
            0.033344650407362425,
            0.0029357018543443732,
            0.27652192772560746
        ],
        [
            0.00137459278976839,
            0.003466509311918206,
            0.016366878603827326,
            0.004255289206820675,
            0.09576362759425734,
            0.0010852961891766614,
            0.01237905739465514,
            0.8594591868323136,
            0.00043064689332695253,
            0.005418915183935904
        ],
        [
            0.0035021314286190473,
            0.014982222520567348,
            0.015365580308215108,
            0.0037268091774365643,
            0.9177623837027034,
            0.002098001042568146,
            0.00659378714103436,
            0.023276052593292264,
            0.0004987802215312704,
            0.012194251864032729
        ],
        [
            0.02140711293739159,
            0.052367336599956106,
            0.2751885322101948,
            0.0386172065245976,
            0.09874083344536862,
            0.07043798075861174,
            0.024637830323039157,
            0.13613219388592787,
            0.04816796510906807,
            0.2343030082058441
        ],
        [
            0.0031635187182160744,
            0.014278727962642807,
            0.11408040292893602,
            0.01060874474230848,
            0.7469894776456052,
            0.002810750337573696,
            0.03574071646225274,
            0.05995123059644526,
            0.0006165364415172914,
            0.011759894164502767
        ],
        [
            0.018798808218287066,
            0.06792770502067631,
            0.02581332650893839,
            0.020963874903243668,
            0.03411182683548836,
            0.5575225961624667,
            0.012538763559740016,
            0.0877518147423414,
            0.05098452828923101,
            0.12358675575958696
        ],
        [
            0.11639821999783323,
            0.007582672624335781,
            0.004487618886720162,
            0.11882524859015686,
            0.021236486504876192,
            0.008368897739667543,
            0.004884638684116137,
            0.026762276658794923,
            0.6800023430522105,
            0.011451597261288705
        ],
        [
            0.08580844218621063,
            0.25975156829319085,
            0.016439652367511555,
            0.1590344908856896,
            0.07705694421934305,
            0.013099915587008697,
            0.32310153834741395,
            0.0054356409413656315,
            0.005139991825813545,
            0.055131815346452534
        ],
        [
            0.041892123979541104,
            0.04841323639317855,
            0.024743468027990715,
            0.3652520834834374,
            0.02519384149101197,
            0.02313175229401893,
            0.016031323737101137,
            0.028599218179925546,
            0.1788947102148665,
            0.24784824219892806
        ],
        [
            0.030238401929819334,
            0.2653929230018881,
            0.2231963471530252,
            0.04076614572551189,
            0.014849144992408872,
            0.007428681594720721,
            0.35258391274361767,
            0.01213906265880384,
            0.010501469549753535,
            0.042903910650450745
        ],
        [
            0.02017713402450951,
            0.5367361054393875,
            0.007828574005943861,
            0.18507576539880513,
            0.024776628464926977,
            0.0037028039458920133,
            0.19216579587754679,
            0.006999432813947263,
            0.005226485407141066,
            0.01731127462189978
        ],
        [
            0.13979520195164727,
            0.05926982983151558,
            0.07854820397631446,
            0.3308529348885139,
            0.023539217873671574,
            0.130657897724452,
            0.010864877615002034,
            0.013004048368913558,
            0.11147957701756066,
            0.10198821075240905
        ],
        [
            0.10895341543346859,
            0.1844602256104055,
            0.053545645599458846,
            0.0889550281455601,
            0.0803669392044624,
            0.07450388288425744,
            0.015954712641543137,
            0.0584182301605375,
            0.2791521980183523,
            0.05568972230195463
        ],
        [
            0.26951746459815734,
            0.027515578157006535,
            0.00834630828914575,
            0.10401935738672585,
            0.04183546153506531,
            0.034169463346511074,
            0.011788089356894559,
            0.06153468326567692,
            0.40147731253616403,
            0.039796281528652465
        ],
        [
            0.19091976106953337,
            0.046374322766914416,
            0.06463369441041474,
            0.046336394699352426,
            0.016438386045212746,
            0.4691528170542936,
            0.01069108338962098,
            0.006234721102087687,
            0.13236504849370806,
            0.016853770968861786
        ],
        [
            0.0489962200958097,
            0.06173035090918827,
            0.047383667582067045,
            0.09837866766040192,
            0.12108967945724168,
            0.06001955372941629,
            0.014965920191168788,
            0.23944304651290566,
            0.14544492590383043,
            0.1625479679579703
        ],
        [
            0.06661579251308375,
            0.05228408112763019,
            0.04601671418101058,
            0.09749859383791037,
            0.10324537793124874,
            0.02877566208072903,
            0.012487638560630848,
            0.13378719875311626,
            0.26298617557110054,
            0.19630276544353975
        ],
        [
            0.007573128065609599,
            0.09140682549743566,
            0.0037324066803857987,
            0.0011798500395398068,
            0.793478467626649,
            0.0053665848892507475,
            0.0037810922880929638,
            0.007075519513785403,
            0.0011091900939444838,
            0.08529693530530662
        ],
        [
            0.013682677977922376,
            0.04716455793623162,
            0.08967469684450873,
            0.02648226838600187,
            0.08406843390589995,
            0.03322316950964845,
            0.012979395595007368,
            0.18095203110897268,
            0.05201632890161647,
            0.4597564398341902
        ],
        [
            0.11445496417717232,
            0.048502248110186955,
            0.030105365832786994,
            0.06966377684022855,
            0.10340789942545182,
            0.14112497280849723,
            0.010916044822366336,
            0.09355453495619787,
            0.3591107842895324,
            0.029159408737579152
        ],
        [
            0.030328167935421157,
            0.11098341509000924,
            0.024765457866418737,
            0.07803785667382276,
            0.12975085708762862,
            0.03571452699937294,
            0.01885049537273456,
            0.153495061567209,
            0.0788271549348114,
            0.339247006472572
        ],
        [
            0.0012687744234069574,
            0.003892831960739926,
            0.21063133076493754,
            0.0021421131687174647,
            0.27776360086942037,
            0.0026711123734046117,
            0.00450040834687094,
            0.49155545226064634,
            0.0018941702880242474,
            0.0036802055438314735
        ],
        [
            0.017418336949401047,
            0.17093194888679267,
            0.00868370798192147,
            0.042819932557737354,
            0.11886771727921165,
            0.010957385106780453,
            0.5601627706974631,
            0.006795697421165661,
            0.00230377048789823,
            0.06105873263162829
        ],
        [
            0.13258149684816808,
            0.021459083484372414,
            0.008597578924547919,
            0.05391629875963242,
            0.04121792504590046,
            0.030106523010431496,
            0.015177577721486259,
            0.048534217540743455,
            0.607915182025092,
            0.04049411663962576
        ],
        [
            0.0066565202221292785,
            0.840197690623724,
            0.014766216492883302,
            0.01677484628863778,
            0.01930747811535063,
            0.002823707448908138,
            0.06275218060257277,
            0.009927029215246151,
            0.001607280730575482,
            0.025187050259972657
        ],
        [
            0.0030229796017308664,
            0.010234869235453803,
            0.0031141510938023143,
            0.004892350294905745,
            0.09583589548626982,
            0.0005105147499350598,
            0.009553169396090388,
            0.8704336505063422,
            0.0009541134900177882,
            0.0014483061454517738
        ],
        [
            0.03153325447371052,
            0.024662654998263055,
            0.10320458318531714,
            0.06610403406204816,
            0.07879021446002803,
            0.036469726827854716,
            0.011971766361064076,
            0.05130709269875497,
            0.22938640171812008,
            0.36657027121483865
        ],
        [
            0.06585307087405047,
            0.03942195101926062,
            0.03689628696621024,
            0.013052524279931376,
            0.35214831177986944,
            0.020776145736174017,
            0.01230139698775263,
            0.3611932361765848,
            0.06600633675458581,
            0.03235073942558042
        ],
        [
            0.4118910452653229,
            0.10893059133477387,
            0.002460669921414198,
            0.3165308602092263,
            0.03883751244585398,
            0.011446592462658918,
            0.07190469136466772,
            0.006741013526276622,
            0.01783926870961981,
            0.013417754760186201
        ],
        [
            0.01054947026004129,
            0.02213261173920162,
            0.10875149330275516,
            0.019355493423620328,
            0.18579466387774204,
            0.03517506535553445,
            0.013118036939346123,
            0.5541868124689876,
            0.021316349505166254,
            0.029620003127605318
        ],
        [
            0.049862643106094395,
            0.15258503226956638,
            0.024364019142255076,
            0.02866781478842161,
            0.21383104477485954,
            0.059929856047733904,
            0.007874769213973029,
            0.07488937779102926,
            0.18532688491772728,
            0.2026685579483398
        ],
        [
            0.017457227118301548,
            0.03747585093649937,
            0.17050844775803012,
            0.09217423062850269,
            0.07826973591376443,
            0.026227455679168062,
            0.011526379477435882,
            0.5007472525200949,
            0.030896965875075698,
            0.03471645409312668
        ],
        [
            0.006425624013399409,
            0.0037792634077829543,
            0.02205774522877538,
            0.9041454895684583,
            0.004912447857064194,
            0.0014744232058504572,
            0.05064693975969001,
            0.001992902151854722,
            0.001429892732394967,
            0.0031352720747296735
        ],
        [
            0.015380731292456264,
            0.015326053764632452,
            0.009081795169918869,
            0.009963105144316938,
            0.09375726809010188,
            0.0011208532169896706,
            0.011085831025666208,
            0.8276510775718384,
            0.0013261525387706866,
            0.01530713218530884
        ],
        [
            0.10901579899078154,
            0.06923440018430188,
            0.0190755486080486,
            0.13036192874364722,
            0.04406097623290861,
            0.04892558579156734,
            0.011034807738730893,
            0.08214980134465912,
            0.45998733286570936,
            0.02615381949964553
        ],
        [
            0.006546720739031644,
            0.007865417551881283,
            0.14095626395690877,
            0.01260644224938432,
            0.7262388554685228,
            0.0016236535657466141,
            0.019302975178387912,
            0.06413953694286069,
            0.0010364332485498949,
            0.019683701098725595
        ],
        [
            0.03652785649490424,
            0.06696167047657534,
            0.008425374473442358,
            0.043047055683352924,
            0.020222916232042105,
            0.6313584958813192,
            0.01389854277896879,
            0.029385449861270122,
            0.10642532730928055,
            0.0437473108088437
        ],
        [
            0.002559223722112986,
            0.02386793548803424,
            0.09045193591247905,
            0.013896907387635141,
            0.13151307170950646,
            0.005549838523288918,
            0.33343158497675485,
            0.01721065697029892,
            0.004241250446309237,
            0.37727759486358015
        ],
        [
            0.07879919928214697,
            0.12296081917495717,
            0.015243234423452864,
            0.1829217101712243,
            0.058944682178800605,
            0.04287869927994394,
            0.014796945798236394,
            0.07975442355511693,
            0.2501926628122086,
            0.15350762332391207
        ],
        [
            0.01245148343750633,
            0.037827831299609045,
            0.13581771270300563,
            0.02286826295945748,
            0.6770928274681947,
            0.0022454353205998744,
            0.020225364124525587,
            0.07642556162955437,
            0.0016209306218030281,
            0.013424590435743492
        ],
        [
            0.03392166354126502,
            0.25754933415672454,
            0.06176865459165975,
            0.018412534749293472,
            0.06132870123818975,
            0.060359286667656886,
            0.017221524009085408,
            0.12631400047263153,
            0.10409918683735331,
            0.25902511373614073
        ],
        [
            0.0573491500876925,
            0.08424725477492329,
            0.012363871648436083,
            0.013644405626838604,
            0.0393926263243897,
            0.2485785214591859,
            0.008271845907536749,
            0.017540405459958927,
            0.481166126133858,
            0.037445792577180226
        ],
        [
            0.0067156544286548275,
            0.06222647332459234,
            0.01764334596113072,
            0.052284982777800915,
            0.03198031037436181,
            0.004309451441784143,
            0.642638158083467,
            0.005745289021049424,
            0.005552091001402945,
            0.1709042435857553
        ],
        [
            0.08627215821499543,
            0.13627499917024177,
            0.02693920995120993,
            0.13614615491833926,
            0.02852707575573708,
            0.04409086166942985,
            0.04060402786855089,
            0.040104907836599785,
            0.3935157402624615,
            0.06752486435243499
        ],
        [
            0.004495659717588479,
            0.010520393546754794,
            0.015570232099510566,
            0.0499606943933808,
            0.019239785370233655,
            0.005288190050984748,
            0.86594355289319,
            0.0040483042074590395,
            0.0018598211824529195,
            0.023073366538444984
        ],
        [
            0.27175438200600965,
            0.029655915205205826,
            0.002723009058897516,
            0.66657658717239,
            0.0012348729431601994,
            0.0015552498125224494,
            0.002691691119815737,
            0.0027663487023524493,
            0.006358127540405813,
            0.014683816439239867
        ],
        [
            0.004666603793190715,
            0.012516991426904498,
            0.08089264060311115,
            0.02346717900586414,
            0.7078912013254876,
            0.0013237729883107535,
            0.08495340306530887,
            0.03223599601712824,
            0.004940230309297762,
            0.047111981465396593
        ],
        [
            0.008071907956287108,
            0.05820437499750743,
            0.02205542001216803,
            0.002686545844733756,
            0.034878918156272386,
            0.7780675540479794,
            0.007369808412524827,
            0.011150434924877387,
            0.04868649097701838,
            0.02882854467063179
        ],
        [
            0.029256541302028285,
            0.08735159257506454,
            0.027421244189535017,
            0.10871740698473366,
            0.024829077488065787,
            0.503796284063276,
            0.012995687671947765,
            0.05793694081222218,
            0.08343510780312006,
            0.06426011711000627
        ],
        [
            0.0036087683052982373,
            0.010852238088116237,
            0.6019166033067488,
            0.0023973355334735032,
            0.15983643287977095,
            0.04489427166829946,
            0.0027160801207595517,
            0.1477783711604963,
            0.009437441600750442,
            0.016562457336286286
        ],
        [
            0.0630395535804302,
            0.08314595203727368,
            0.048604285537684255,
            0.02017323517080529,
            0.06112013599052748,
            0.14916786831344325,
            0.009672537011135216,
            0.024195082902412478,
            0.5023492348657354,
            0.03853211459055253
        ],
        [
            0.06774221807608179,
            0.12843494879337702,
            0.020654576245886003,
            0.10017189418312544,
            0.17307733701552205,
            0.03742675398720537,
            0.010172518029052358,
            0.08445831321848829,
            0.24933973404081736,
            0.12852170641044497
        ],
        [
            0.0008785225651763243,
            0.06717625343591185,
            0.029559749340296163,
            0.0009647900235028863,
            0.10184184573060344,
            0.003968858188591217,
            0.15238799573891024,
            0.0044696320881250475,
            0.0015243298212562872,
            0.6372280230676264
        ],
        [
            0.40358073392605254,
            0.14730037882765706,
            0.03178619989718223,
            0.004354590318606011,
            0.13395411131016366,
            0.05756901429539566,
            0.02117006050508633,
            0.011831237051110595,
            0.012148348958725413,
            0.17630532491002016
        ],
        [
            0.04552229863001869,
            0.0274183481340827,
            0.2125983497337676,
            0.07503266218324331,
            0.1049622835126652,
            0.06363224525367293,
            0.015085342471671164,
            0.1579730500962348,
            0.23129782796673654,
            0.06647759201790725
        ],
        [
            0.006334613756859476,
            0.02158877677676179,
            0.007403470909161618,
            0.007557266658429839,
            0.1014742726203405,
            0.0013132087472308804,
            0.011190074460135906,
            0.8348678632635584,
            0.0006895109022477247,
            0.00758094190527365
        ],
        [
            0.0054249208153913835,
            0.2013552320239632,
            0.026055623629221786,
            0.0036839741654283486,
            0.09795065555155112,
            0.005002743977717729,
            0.14003785416498574,
            0.004781255112750042,
            0.007318607707480297,
            0.5083891328515103
        ],
        [
            0.03097904581534941,
            0.030401655508283332,
            0.007358280997401548,
            0.20142500721756862,
            0.07132297045787311,
            0.009821262912908928,
            0.5252531651295405,
            0.007823023115678725,
            0.00946480307370668,
            0.10615078577168925
        ],
        [
            0.29908668667252625,
            0.01871402443352074,
            0.0006279952958450018,
            0.6294955529620019,
            0.0013446986592677585,
            0.0013049752589864739,
            0.002078624229868085,
            0.0016970060734808052,
            0.012458897264184343,
            0.033191539150318576
        ],
        [
            0.34853501063088954,
            0.109174240479382,
            0.005263707667483073,
            0.19324442128931227,
            0.06384204001633191,
            0.01468165794353264,
            0.20818878970429905,
            0.008602950404756116,
            0.00858945600080932,
            0.039877725863204115
        ],
        [
            0.003980550475856876,
            0.08825873368133194,
            0.016662234115189235,
            0.03491917101348028,
            0.015391331051934682,
            0.0038455187443548603,
            0.763814716286595,
            0.007949404269496115,
            0.004398582182655204,
            0.060779758179105296
        ],
        [
            0.03659342457958947,
            0.0437569925442572,
            0.04107478185468444,
            0.606631991343055,
            0.009953549554069617,
            0.02170862012093247,
            0.01196424265488196,
            0.012198934155747819,
            0.18984097550602536,
            0.026276487686756313
        ],
        [
            0.10625197952834116,
            0.04083221131903319,
            0.0038192951508281034,
            0.38332858979979356,
            0.0076615755277503125,
            0.020660191755252088,
