{
    "accuracy": 0.64,
    "classification_report": "              precision    recall  f1-score   support\n\n           0       0.64      0.45      0.53        20\n           1       0.82      0.45      0.58        20\n           2       0.76      0.65      0.70        20\n           3       0.57      0.60      0.59        20\n           4       0.65      0.55      0.59        20\n           5       0.90      0.90      0.90        20\n           6       0.62      0.75      0.68        20\n           7       0.67      0.70      0.68        20\n           8       0.42      0.85      0.57        20\n           9       0.67      0.50      0.57        20\n\n    accuracy                           0.64       200\n   macro avg       0.67      0.64      0.64       200\nweighted avg       0.67      0.64      0.64       200\n",
    "y_score": [
        [
            0.04304001509689011,
            0.04229009893870902,
            0.015886347845100245,
            0.05489403678460182,
            0.03678333870780258,
            0.19126034219888874,
            0.012026313813646739,
            0.05805176104531015,
            0.4308462929978255,
            0.11492145257122564
        ],
        [
            0.05094832959233492,
            0.06212510117905317,
            0.04480745591413232,
            0.045776999477080534,
            0.164741797903277,
            0.020245255885280214,
            0.03702886678089196,
            0.008654213408759609,
            0.006958647838215965,
            0.5587133320209747
        ],
        [
            0.05624013939988388,
            0.20927146636911964,
            0.047183730691110884,
            0.025993713898921928,
            0.14156029756782781,
            0.13213458763821279,
            0.014692892086632738,
            0.07693039069348104,
            0.14023377312666097,
            0.15575900852814809
        ],
        [
            0.03036077534203566,
            0.03421533930621423,
            0.031183843809650946,
            0.020783440231185574,
            0.07255308369250273,
            0.41982345428133266,
            0.008947464162797012,
            0.024226511294847118,
            0.3094234457081443,
            0.0484826421712892
        ],
        [
            0.08963257172334137,
            0.18519722861292115,
            0.04631393194650465,
            0.19161526625892172,
            0.036332410159461766,
            0.05136059148732994,
            0.01121226293832611,
            0.05785036196036198,
            0.29095279299935145,
            0.03953258191347978
        ],
        [
            0.007753382278833333,
            0.01286098795916803,
            0.039391723897788215,
            0.05907887307196094,
            0.11016098526867024,
            0.0026293651467295723,
            0.681727549494831,
            0.01865843061748407,
            0.0028300438626412297,
            0.06490865840189285
        ],
        [
            0.03459182197866029,
            0.05603472121826707,
            0.1023361536042,
            0.02991224478086272,
            0.15915346896990798,
            0.07410053997155397,
            0.010988103946028557,
            0.11792161913567231,
            0.15798968489258033,
            0.25697164150226665
        ],
        [
            0.0013928725588393347,
            0.013250040530598379,
            0.7205726199879372,
            0.004875125255100708,
            0.12243043971726439,
            0.00556298050786695,
            0.00458885388364444,
            0.11766868215364253,
            0.002804348104762258,
            0.006854037300343768
        ],
        [
            0.0031338900117797723,
            0.012271362133885104,
            0.20114358947951905,
            0.02020338663023717,
            0.6836677678470069,
            0.0027074772328292956,
            0.023130471327906448,
            0.040410416176911094,
            0.0007080522728959396,
            0.012623586887029303
        ],
        [
            0.06300861186009099,
            0.0237396101909393,
            0.03117844830084118,
            0.011539336334472981,
            0.00357706031360852,
            0.8099124832290686,
            0.011291948141761593,
            0.0048453808326122914,
            0.013631705548487279,
            0.0272754152481172
        ],
        [
            0.3800630089431733,
            0.059776307906390824,
            0.007181008999593365,
            0.17997074187804873,
            0.029054845801299637,
            0.007441609893389327,
            0.1378518012874066,
            0.0063625884245965296,
            0.0071181483601273745,
            0.18517993850597472
        ],
        [
            0.12181856768433554,
            0.299649252031309,
            0.01325190530351231,
            0.18365408383490003,
            0.1957036856412309,
            0.016272288217850383,
            0.03863557409746276,
            0.013421626441057297,
            0.013982983558842497,
            0.10361003318949925
        ],
        [
            0.12414748365407016,
            0.0712764960269353,
            0.039319890420216885,
            0.13240342992902127,
            0.08450042106592606,
            0.031072526634814246,
            0.014167224388511345,
            0.08985214043082673,
            0.2920279941980953,
            0.12123239325158279
        ],
        [
            0.16652264020131075,
            0.026828780233727277,
            0.003367250601840693,
            0.07621112311279284,
            0.015758454003871512,
            0.009583187289148337,
            0.004977807919328833,
            0.007215352390279687,
            0.6304358049606731,
            0.0590995992870266
        ],
        [
            0.12301538866915908,
            0.28008624066248083,
            0.020391097533459773,
            0.27088384122042247,
            0.02413176346937863,
            0.027092892236551598,
            0.007340418059884226,
            0.023918391610109644,
            0.003822124714853623,
            0.2193178418237
        ],
        [
            0.037303681056215295,
            0.058742830633724395,
            0.020309024551733307,
            0.5657227238629653,
            0.03189262257935627,
            0.0036577670525594474,
            0.2273368410013984,
            0.004064011058325572,
            0.0077639865814021465,
            0.04320651162231962
        ],
        [
            0.12499918425000574,
            0.13006744598073122,
            0.011448840084168022,
            0.05845006794286427,
            0.024377971213841575,
            0.06911729750322675,
            0.0073048494059546115,
            0.019882881718747112,
            0.48761202469385995,
            0.06673943720660087
        ],
        [
            0.08938529015734824,
            0.01726809322635421,
            0.06305494068991258,
            0.017108759280002335,
            0.022703948752335723,
            0.6954451943077271,
            0.00799635565050059,
            0.019697046102456622,
            0.017264485786539344,
            0.050075886046822705
        ],
        [
            0.14378172243832066,
            0.039710212458418395,
            0.006918176242337542,
            0.08326715584023511,
            0.022839533025333814,
            0.0463195058244294,
            0.007173232298058839,
            0.050268934550353236,
            0.46731190760343755,
            0.132409619719076
        ],
        [
            0.01359829051653992,
            0.11931115770374355,
            0.1552337911283988,
            0.009662975490870213,
            0.008670107660108181,
            0.004147309284563092,
            0.5594092972277221,
            0.0060200956366209465,
            0.003955433899182648,
            0.11999154145225059
        ],
        [
            0.006433645596281723,
            0.018094872968917118,
            0.5627521722099184,
            0.01999600393319595,
            0.06614510736977249,
            0.02950240931468705,
            0.00692684328853159,
            0.21490499581779168,
            0.030121451924867027,
            0.045122497576037306
        ],
        [
            0.2277637540504573,
            0.10644994236525757,
            0.006834477604226863,
            0.10652186119445906,
            0.051916955777268396,
            0.011037225381722422,
            0.3815796502780518,
            0.01139076636053346,
            0.00471193542654351,
            0.09179343156147941
        ],
        [
            0.10639068609225952,
            0.027529815454519265,
            0.012253433831738225,
            0.8198585691739533,
            0.0018715587862617583,
            0.001958528223603419,
            0.0038811714782683313,
            0.003181360931470429,
            0.00272108837185197,
            0.02035378765607359
        ],
        [
            0.003627856728523886,
            0.09031024342917761,
            0.7042881288734019,
            0.0013435853912646134,
            0.05587661873548148,
            0.004876235093725284,
            0.06821842061391406,
            0.010263589316585947,
            0.001318462974929301,
            0.05987685884299615
        ],
        [
            0.9394038053422894,
            0.004801968841588018,
            0.0004139764557341603,
            0.030774681053172413,
            0.004287593719938836,
            0.0010106255065069607,
            0.002382314840104054,
            0.0007981608281953084,
            0.013517483948845527,
            0.002609389463625648
        ],
        [
            0.010169496324433418,
            0.851475687124161,
            0.027318728170651486,
            0.008402435850800723,
            0.024631417787926775,
            0.002119261040959767,
            0.028881136288571516,
            0.013961899336419944,
            0.0017769045553696534,
            0.03126303352070576
        ],
        [
            0.07054429592448364,
            0.025596250093415082,
            0.0888195722813042,
            0.047863918713566635,
            0.10760217525763878,
            0.06573786256977117,
            0.012064710758390407,
            0.13125718754105659,
            0.4176496288879079,
            0.032864397972465265
        ],
        [
            0.5091323427852561,
            0.03644865742021516,
            0.025657189590959882,
            0.07501191239316522,
            0.010581177603203406,
            0.149877646562589,
            0.006767038692366501,
            0.011776794378000334,
            0.1148557738444274,
            0.05989146672981693
        ],
        [
            0.05700542855576025,
            0.051318558850197385,
            0.04550031385160167,
            0.07506896051405526,
            0.09109971006600055,
            0.2810470551992757,
            0.018838353288258936,
            0.10564091208044785,
            0.1800854678276338,
            0.09439523976676865
        ],
        [
            0.01876978122923423,
            0.08297227467357234,
            0.033559604092003543,
            0.030072427589107237,
            0.04382181754398082,
            0.60537533077017,
            0.008636390360463996,
            0.04541181147728262,
            0.06968132682952698,
            0.06169923543465811
        ],
        [
            0.011198408465448324,
            0.0406515466804218,
            0.038372415618233846,
            0.2576104972064527,
            0.05076474773861699,
            0.0039208735987799025,
            0.5594715937869036,
            0.00669462039893445,
            0.0038048635425591347,
            0.027510432963649255
        ],
        [
            0.0004154022521248718,
            0.010041989239237934,
            0.9158890390136768,
            0.0008887050056968439,
            0.010576031744534396,
            0.0005490840263032221,
            0.05221135863525822,
            0.005002364711392255,
            0.0001470519407222759,
            0.004278973431053044
        ],
        [
            0.008877482828252433,
            0.03801423682093093,
            0.14551708654387926,
            0.02887002132274369,
            0.10812995497794232,
            0.3552268591050647,
            0.01542467985857483,
            0.12386354325037033,
            0.019372501299680496,
            0.15670363399256101
        ],
        [
            0.6207074747787872,
            0.02651508429097322,
            0.02308136165583564,
            0.12812474327963866,
            0.13998350422467393,
            0.006195339969122793,
            0.017105359327685917,
            0.010553403965665595,
            0.008223401580927818,
            0.019510326926689095
        ],
        [
            0.0019083183362424232,
            0.9664989067569807,
            0.0007058402291023704,
            9.886235147022179e-05,
            0.009679258987814129,
            0.005475895520138603,
            0.001716076607368305,
            0.0005757867252977532,
            0.0017588846113774296,
            0.011582169874207975
        ],
        [
            0.014194230728098625,
            0.08172575932970944,
            0.009120850241970645,
            0.1392658463487426,
            0.16180706092170638,
            0.005143702008968484,
            0.4721975461370148,
            0.009453012086701159,
            0.004241034625892018,
            0.1028509575711959
        ],
        [
            0.0024540417546663204,
            0.027197638038790713,
            0.017773175686023258,
            0.0046021672226964185,
            0.06337023242908583,
            0.0019810562827994485,
            0.13884499601789765,
            0.005613124599705231,
            0.0015380851118105773,
            0.7366254828565253
        ],
        [
            0.011974375261256979,
            0.018163157618265667,
            0.25846227996249715,
            0.009992972337023204,
            0.18108890357215415,
            0.008886419234714608,
            0.005031876512043023,
            0.48428176472578083,
            0.011889991421418245,
            0.01022825935484609
        ],
        [
            0.002311566682420916,
            0.12771281050287914,
            0.5070736645217828,
            0.0020754407733630208,
            0.023701340176742965,
            0.006118400465386603,
            0.2947966917220199,
            0.007704347083219212,
            0.0008156043209073259,
            0.027690133751276932
        ],
        [
            0.5440995383097033,
            0.053414272401595485,
            0.0010035911086764815,
            0.27342083997981154,
            0.015038577230618957,
            0.004649089199027689,
            0.03514230681522254,
            0.0025306398100581814,
            0.041417694196558455,
            0.02928345094872827
        ],
        [
            0.0528040471379366,
            0.05837366688835851,
            0.018022388995606656,
            0.28717981981981483,
            0.07641971184532043,
            0.020755521210463198,
            0.008433708620460684,
            0.062278125165572296,
            0.35301511967639704,
            0.0627178906400704
        ],
        [
            0.11806080703984954,
            0.02923018224436991,
            0.005332070825341016,
            0.10230488399698567,
            0.01133048909968846,
            0.010979531724245132,
            0.011937545416804692,
            0.052241366087313015,
            0.4446298630112612,
            0.2139532605541415
        ],
        [
            0.016189136457632657,
            0.016255879100549733,
            0.05158462474823375,
            0.04417889698518107,
            0.2145902071976265,
            0.01112891174733124,
            0.0058705203330305655,
            0.5874466131005951,
            0.02128325245580085,
            0.031471957874018255
        ],
        [
            0.7054088936857861,
            0.023063942886593684,
            0.006713394627925259,
            0.0480637929286725,
            0.0101125182203182,
            0.01422621235335142,
            0.004845853523169963,
            0.014868563889467954,
            0.14781916943735354,
            0.024877658447361305
        ],
        [
            0.07030166941527988,
            0.09558683963010058,
            0.01148391149735411,
            0.11254480637201163,
            0.024111032307591408,
            0.34493848630468554,
            0.00931343257559337,
            0.040927483495174215,
            0.2326938701533979,
            0.05809846824881136
        ],
        [
            0.02883155203625146,
            0.016916111951837676,
            0.015195525172902645,
            0.023118659908914995,
            0.02135672650353601,
            0.6397729351393079,
            0.008851262228863078,
            0.028739094757102897,
            0.18980331556768093,
            0.02741481673360252
        ],
        [
            0.0017952319681777558,
            0.011272641837024902,
            0.010606398052333441,
            0.01616921333502082,
            0.034815399403387744,
            0.002831866139683738,
            0.8687935071167777,
            0.0039375745385435415,
            0.0012745357370409116,
            0.04850363187200908
        ],
        [
            0.008129387892161232,
            0.9348409993152671,
            0.005486145494252829,
            0.013170950937679065,
            0.012716017038113677,
            0.0010254784655268823,
            0.009719794314156307,
            0.004145902877334516,
            0.002184595801371739,
            0.008580727864137152
        ],
        [
            0.003438278698734735,
            0.03433605194766245,
            0.13527457322903774,
            0.009644606112356135,
            0.30554100933093925,
            0.0021715437255935555,
            0.1939224966875295,
            0.03625979936279908,
            0.003391408970270888,
            0.27602023193507674
        ],
        [
            0.0019536242570478922,
            0.0038299340265957062,
            0.03184808466610272,
            0.005860014787711707,
            0.09930496732516919,
            0.0015446739111129525,
            0.012508454954963378,
            0.8355732353625023,
            0.000614748254322606,
            0.006962262454471826
        ],
        [
            0.003903440974594119,
            0.018389390024289597,
            0.014578298652071182,
            0.0038306209680462762,
            0.9120951906368037,
            0.0020301778048816763,
            0.0068235237816806045,
            0.0247608069925731,
            0.0005848821034413073,
            0.01300366806161859
        ],
        [
            0.024462729912626126,
            0.05479363962425189,
            0.27810770560423,
            0.036857940722337,
            0.09499600097162994,
            0.06972047812140605,
            0.0231636790405387,
            0.13898555949230612,
            0.053623212907329756,
            0.22528905360334414
        ],
        [
            0.0034702760680392726,
            0.01482104133637305,
            0.10512872689378441,
            0.009636575021645983,
            0.7528858234302649,
            0.002625782857877904,
            0.0351036032286333,
            0.06378757276591203,
            0.0006490566872847911,
            0.0118915417101846
        ],
        [
            0.019819410815771925,
            0.06947887167805596,
            0.028869320649168608,
            0.02165350497968357,
            0.03185166570475248,
            0.5380686535329785,
            0.011906757718457412,
            0.08984727245864878,
            0.05432913766327938,
            0.13417540479920362
        ],
        [
            0.1209676353226061,
            0.008139148783185531,
            0.005416956438775009,
            0.11760831184961865,
            0.02120216597680003,
            0.008473411255866651,
            0.004596388327939551,
            0.02873909614121436,
            0.6714697711534081,
            0.013387114750585708
        ],
        [
            0.08829370742875008,
            0.24787869348771657,
            0.01590453269800787,
            0.1659961773881049,
            0.07527749921251388,
            0.012569620669268824,
            0.32016268818538485,
            0.005253485758359416,
            0.00525458987576609,
            0.06340900529612721
        ],
        [
            0.049173387361010165,
            0.05094699021848711,
            0.025940242298025055,
            0.35498271418514465,
            0.023466815567420106,
            0.025733654329287058,
            0.014946249916410607,
            0.02928493076737025,
            0.18275231143115364,
            0.2427727039256914
        ],
        [
            0.03254316923893376,
            0.25212549441435367,
            0.22945232104036437,
            0.04119622681930874,
            0.014803406427733555,
            0.007054181927622888,
            0.35057632329415084,
            0.013316989181890808,
            0.011986772844519374,
            0.046945114811121624
        ],
        [
            0.02135331400403178,
            0.5363424405113348,
            0.007567375350021096,
            0.19390272351394722,
            0.024763869879028958,
            0.0035189372082093575,
            0.18179208544859565,
            0.006249746891745329,
            0.005143556276756078,
            0.019365950916329356
        ],
        [
            0.14463718128017525,
            0.05916491363986613,
            0.07737956419823926,
            0.3230063917122795,
            0.020320839846053294,
            0.13292123529398542,
            0.009568527234989022,
            0.01361045113068736,
            0.11216310642859223,
            0.10722778923513257
        ],
        [
            0.11322642569347709,
            0.1831394210884881,
            0.060224596605751676,
            0.09041070111127297,
            0.07704114632507181,
            0.07331445277720734,
            0.014937096411846065,
            0.05783545158635899,
            0.2716485584450761,
            0.05822214995545034
        ],
        [
            0.26731378029200925,
            0.028509757433181685,
            0.009708072560733303,
            0.10691147253187391,
            0.03979669081555656,
            0.03436732003630265,
            0.011169110966171606,
            0.06343295872681606,
            0.39514056610856796,
            0.04365027052878742
        ],
        [
            0.19350712525767264,
            0.04704175777006333,
            0.06547733297091136,
            0.04840175683325903,
            0.014868121739309403,
            0.4555265817587683,
            0.010179979403732397,
            0.007253379824016009,
            0.1369308220110373,
            0.020813142431230374
        ],
        [
            0.05320856661706826,
            0.06375121718901326,
            0.05471871873148225,
            0.09730268227938435,
            0.11560756235668253,
            0.06549682328765367,
            0.013885347720015005,
            0.23457863629000467,
            0.14613188807073726,
            0.15531855745795872
        ],
        [
            0.07174074897632046,
            0.05381624058321143,
            0.05164010200147916,
            0.09681374797255023,
            0.09817612542548675,
            0.030336273461945295,
            0.011366107486052206,
            0.13365950477549338,
            0.2658057273574384,
            0.18664542196002218
        ],
        [
            0.00987625441990011,
            0.11074740832290522,
            0.004342809643110366,
            0.001653280921923409,
            0.7643787477546187,
            0.005556883440707389,
            0.004284352980269899,
            0.007887597764308378,
            0.0015835795394628996,
            0.08968908521279381
        ],
        [
            0.015657491732544014,
            0.05032888126979632,
            0.1011002783508186,
            0.02643295334273489,
            0.0820059806359862,
            0.03739665155912816,
            0.01201166767606156,
            0.1791958558780897,
            0.05355884817733284,
            0.4423113913775076
        ],
        [
            0.11743241708854359,
            0.04886388605254493,
            0.03360800769553749,
            0.07094358029740452,
            0.09671117161968823,
            0.1415785494634961,
            0.010076248037252456,
            0.09267629754931586,
            0.35687103399087483,
            0.03123880820534226
        ],
        [
            0.034553610396682,
            0.11606313309841648,
            0.02753485868531967,
            0.07779570868685357,
            0.12658079422751142,
            0.03938388225660503,
            0.01738604233639378,
            0.1518951439570664,
            0.07968471512015948,
            0.32912211123499224
        ],
        [
            0.0018642544085664993,
            0.004655817365896087,
            0.2312390072919,
            0.0027979824405766542,
            0.28154946643434436,
            0.00370957555705214,
            0.004461403420124588,
            0.4617852697807287,
            0.003057760130190255,
            0.004879463170620737
        ],
        [
            0.018053739784615996,
            0.16302080082235157,
            0.008039257342302496,
            0.04368105640860592,
            0.11887050362381459,
            0.010671840684847335,
            0.5610309438271585,
            0.006496910800641949,
            0.002222801142522165,
            0.06791214556313933
        ],
        [
            0.1362554516398099,
            0.022229843255124223,
            0.009772724745281744,
            0.05543882416315223,
            0.039744562275245296,
            0.03123972270805943,
            0.014287475525942882,
            0.05027737426114186,
            0.5985302318424484,
            0.042223789583793796
        ],
        [
            0.006577652947480719,
            0.8511045149686177,
            0.015281515811312955,
            0.016597163203019835,
            0.018886891332346025,
            0.0023415042062891133,
            0.05416172272901314,
            0.008429524135202583,
            0.0013523736825651854,
            0.025267136984153
        ],
        [
            0.003202390233772906,
            0.008663416892308613,
            0.004556649714611319,
            0.005229057646633131,
            0.09911984036009967,
            0.0004738507105614009,
            0.008749999592835145,
            0.8675273458742804,
            0.000995572903181636,
            0.0014818760717161216
        ],
        [
            0.03740630761298401,
            0.027078798274930243,
            0.10959219731556778,
            0.06548656546149292,
            0.07721707804648358,
            0.03850562796784017,
            0.011491855436011542,
            0.053430309929955754,
            0.23316535024130028,
            0.3466259097134331
        ],
        [
            0.06908663457410846,
            0.04039894543982654,
            0.043991299575366134,
            0.013148845636249459,
            0.34057239018173824,
            0.02119448767351725,
            0.011708849359435227,
            0.35659898100228143,
            0.07166251737056285,
            0.03163704918691392
        ],
        [
            0.4078408290777257,
            0.10813521235542499,
            0.00258086191269606,
            0.32768983677524166,
            0.03551438710326338,
            0.009874300422337518,
            0.06601382300035888,
            0.006617298299936296,
            0.018230465436307845,
            0.017502985616707625
        ],
        [
            0.011611254202631809,
            0.023050650017239483,
            0.14020999275553142,
            0.019312308619862523,
            0.1860890615532638,
            0.03771636804620412,
            0.012096606015987844,
            0.5144538106483423,
            0.025717184044025322,
            0.029742764096911043
        ],
        [
            0.055936012359976174,
            0.15467621452723054,
            0.026665698150643298,
            0.02923475076351786,
            0.20311864577674585,
            0.061032616724979366,
            0.007243742188111933,
            0.0738185002846367,
            0.1922284404029793,
            0.19604537882117912
        ],
        [
            0.019759951123377025,
            0.03813598324494232,
            0.20381319194636094,
            0.0939109681200401,
            0.07763419142629976,
            0.02766353080287924,
            0.010681566278858202,
            0.45638582970332187,
            0.0364116364236624,
            0.03560315093025757
        ],
        [
            0.009034874659385713,
            0.004003078313190392,
            0.017396679406700862,
            0.9115838115021163,
            0.004125826017917238,
            0.0018475262925201758,
            0.044572629731574616,
            0.002293870750562728,
            0.0015683690632341742,
            0.0035733342627977333
        ],
        [
            0.016172113376977028,
            0.013831494109637143,
            0.013728397412186776,
            0.010599246692248161,
            0.09709614201588392,
            0.0011857778127846476,
            0.010338320630109893,
            0.8205917698262314,
            0.0014410171760714232,
            0.015015720947869484
        ],
        [
            0.11354821445035712,
            0.06998690667008907,
            0.021611003756100044,
            0.1294499971003251,
            0.04211692110550132,
            0.052959479528880284,
            0.010369677615911085,
            0.08314606844463711,
            0.4486204013636824,
            0.02819132996451617
        ],
        [
            0.007248406109148944,
            0.008725107736968692,
            0.13009318235361544,
            0.0112918875866066,
            0.7308910154120166,
            0.0015325826804196562,
            0.018930353283139592,
            0.0704848630340563,
            0.0011291352194110495,
            0.019673466584616862
        ],
        [
            0.03669539639730122,
            0.06748859566165973,
            0.0093001256889404,
            0.04493504557131916,
            0.019034442079444207,
            0.6128465707617046,
            0.01316097450230625,
            0.03174192291852685,
            0.1152119366190314,
            0.04958498979976634
        ],
        [
            0.0037537275498599784,
            0.02518523357413609,
            0.08921495500067364,
            0.012961633468611341,
            0.13401419918801355,
            0.005449118437812441,
            0.3243436536123489,
            0.017664081267222576,
            0.004522319634581094,
            0.38289107826674035
        ],
        [
            0.08523300729113178,
            0.12337838536275357,
            0.01734249016454286,
            0.1795000862482757,
            0.05633432497831003,
            0.045819910643509036,
            0.013930514539072623,
            0.0802412428280527,
            0.24959373256165965,
            0.14862630538269211
        ],
        [
            0.013408700129181546,
            0.041291478081091265,
            0.1283064355346381,
            0.021509845319343197,
            0.6766017423254025,
            0.002003459145944601,
            0.019530394557642244,
            0.08156406788425367,
            0.001761476951840333,
            0.014022400070662428
        ],
        [
            0.03928649106164947,
            0.25109372697273985,
            0.06874849155550028,
            0.018802565274164677,
            0.060598686897053576,
            0.06594303830733951,
            0.016042202218072666,
            0.12177552460309533,
            0.10292248841672508,
            0.2547867846936589
        ],
        [
            0.06092574081777016,
            0.08522463929790185,
            0.01375252137371397,
            0.014189883225589827,
            0.03769192121370305,
            0.249482005626837,
            0.007715294386619049,
            0.01828197840201769,
            0.47239003777625643,
            0.04034597787959037
        ],
        [
            0.007852513766008706,
            0.05827353220104828,
            0.01623880434496718,
            0.05247774367180047,
            0.031643266603100635,
            0.004121711614015753,
            0.635341309270434,
            0.005574280109127335,
            0.005437228201251543,
            0.18303961021824539
        ],
        [
            0.08984231830188145,
            0.13665279855056134,
            0.02916162263127273,
            0.13572697643896653,
            0.02738727396879978,
            0.044982471331464755,
            0.03867995135090707,
            0.04022841314868852,
            0.38843371359844525,
            0.06890446067901254
        ],
        [
            0.0046977207023193605,
            0.009072677689737043,
            0.012536201542164317,
            0.04872142717078807,
            0.018881522878163644,
            0.005194066281238619,
            0.8705037389990133,
            0.0038660587636005477,
            0.0018307350605887293,
            0.024695850912386276
        ],
        [
            0.2817526304704681,
            0.0305480972501666,
            0.0029052414773293317,
            0.6491090523903522,
            0.0012266180063851535,
            0.0012721782723425475,
            0.002567834600331532,
            0.0029431520647214687,
            0.006729005261693496,
            0.020946190206209553
        ],
        [
            0.005221420709064009,
            0.0134212159373001,
            0.07577436863407931,
            0.0223303488781053,
            0.7092287473099931,
            0.001363321305896215,
            0.08427098942157404,
            0.03566057633304694,
            0.005606959976095127,
            0.04712205149484618
        ],
        [
            0.00750717841110517,
            0.05883315736782944,
            0.020407591677012782,
            0.0026746227906932485,
            0.02950899021652526,
            0.7774431257867039,
            0.006998895938724002,
            0.01196227983530196,
            0.0530678104641535,
            0.03159634751195044
        ],
        [
            0.030375714586850677,
            0.0872334749738774,
            0.028171288402323923,
            0.11000215348392187,
            0.022377385305070756,
            0.4908125543815868,
            0.012073325602499912,
            0.05904887276151667,
            0.08800440158844273,
            0.07190082891391052
        ],
        [
            0.0044509302862148934,
            0.01237911202027481,
            0.5893610096260099,
            0.0023695950419413262,
            0.15005677369218515,
            0.040421150629521174,
            0.0027992001334775107,
            0.16808453570833073,
            0.011927308106093685,
            0.018150384755951373
        ],
        [
            0.06703406793202994,
            0.08440579374708566,
            0.05575726569819182,
            0.020380936297982346,
            0.059360800266058174,
            0.15156123477454075,
            0.009063740086001046,
            0.0259647259295156,
            0.48522237110344457,
            0.041249064165150715
        ],
        [
            0.07324540700014025,
            0.12939440038589983,
            0.022510141208984664,
            0.09975278904746052,
            0.16274463267198294,
            0.03911196174652245,
            0.009447410813794582,
            0.08444756056013834,
            0.25279767346399723,
            0.12654802310107915
        ],
        [
            0.0012300272120548915,
            0.07153465613074526,
            0.03026344916889218,
            0.0010053969137772383,
            0.10140500827980584,
            0.0038986068973037294,
            0.14844541877391296,
            0.004477325517243893,
            0.0017028677542981242,
            0.6360372433519654
        ],
        [
            0.3971310778601361,
            0.1500622067009888,
            0.032621524079003705,
            0.004672805714437941,
            0.13139665761373953,
            0.05188333347174442,
            0.019216244468202952,
            0.012022172907239398,
            0.012733062851100256,
            0.1882609143334072
        ],
        [
            0.04799762758671979,
            0.02806756450655996,
            0.21594542140430953,
            0.07253255465200246,
            0.09931904332786097,
            0.06322905718790169,
            0.013951436005683885,
            0.16152559317831888,
            0.23301638200182137,
            0.06441532014882155
        ],
        [
            0.006712977710105116,
            0.018931145315310118,
            0.011453488728787094,
            0.008039482353860091,
            0.10456196525533051,
            0.0014171727531574324,
            0.010296229384681157,
            0.8304426142532669,
            0.0006869125858634576,
            0.007458011659638126
        ],
        [
            0.007416975574856912,
            0.2013419677236338,
            0.026624852433666968,
            0.0036781728926873307,
            0.0966644792252188,
            0.004802676593256034,
            0.13747083890220912,
            0.004798078523505594,
            0.007802181995723546,
            0.5093997761352419
        ],
        [
            0.03226960082103227,
            0.028703019374080686,
            0.006651642630103914,
            0.20343696622358662,
            0.07003152872268223,
            0.009654860557751476,
            0.5197684204638412,
            0.007347017445067516,
            0.009418990144328,
            0.11271795361752635
        ],
        [
            0.3010609992758291,
            0.02042317869856138,
            0.0008397092997451169,
            0.614005224353201,
            0.0015813615906573367,
            0.0012864401763302065,
            0.002374985378292721,
            0.001998855001826019,
            0.013135352298255902,
            0.043293893927300896
        ],
        [
            0.34175236327564423,
            0.10667653331193645,
            0.005275555690217978,
            0.20675520448459286,
            0.060708795988320824,
            0.012834730492894882,
            0.20075019558914145,
            0.00847454448751439,
            0.008801322838569301,
            0.04797075384116783
        ],
        [
            0.0043571573697739315,
            0.07524607558408325,
            0.014886844058337593,
            0.03500967580372325,
            0.014579088015798948,
            0.0037906754713889347,
            0.773763101302691,
            0.0076104554408489,
            0.004433412713862874,
            0.06632351423949082
        ],
        [
            0.04153300092459316,
            0.04422656669667436,
            0.04097080688013165,
            0.5989959253957683,
            0.008882860189934037,
            0.022529418234985256,
            0.010655526649376268,
            0.012816170429350333,
            0.1924246549932395,
            0.02696506960594749
        ],
        [
            0.11225662043024348,
            0.0414541450460925,
            0.004169915462301803,
            0.37120311471247036,
            0.007404312837692859,
            0.022873869777442817,
            0.0056527253807149985,
