{
    "accuracy": 0.645,
    "classification_report": "              precision    recall  f1-score   support\n\n           0       0.73      0.40      0.52        20\n           1       0.83      0.50      0.62        20\n           2       0.88      0.70      0.78        20\n           3       0.54      0.65      0.59        20\n           4       0.57      0.65      0.60        20\n           5       0.82      0.90      0.86        20\n           6       0.65      0.75      0.70        20\n           7       0.71      0.60      0.65        20\n           8       0.50      0.65      0.57        20\n           9       0.50      0.65      0.57        20\n\n    accuracy                           0.65       200\n   macro avg       0.67      0.65      0.64       200\nweighted avg       0.67      0.65      0.64       200\n",
    "y_score": [
        [
            0.022635851099807817,
            0.018866982535886746,
            0.00856075810727821,
            0.013925391639165544,
            0.02244398743234842,
            0.33192215851890516,
            0.012659480372888898,
            0.05666508673708581,
            0.3223285704087465,
            0.1899917331478868
        ],
        [
            0.10541560907666836,
            0.03933561497714085,
            0.027936397121399743,
            0.12516651778268928,
            0.21268577634392688,
            0.034782935203238614,
            0.05591264518449011,
            0.006012908278185975,
            0.01860302324697166,
            0.37414857278528846
        ],
        [
            0.06882834216407689,
            0.2594998926335387,
            0.08053402637593803,
            0.01576616492647339,
            0.16127586409490688,
            0.12373941336226904,
            0.0659864177992396,
            0.05551387545084411,
            0.07664171572098344,
            0.09221428747173002
        ],
        [
            0.03555065019890156,
            0.018173250723508096,
            0.03291076357294139,
            0.011376380396784022,
            0.049350914723669134,
            0.42754695783350416,
            0.005713116848223001,
            0.02599006636338199,
            0.31734202640232095,
            0.07604587293676575
        ],
        [
            0.1372367347921238,
            0.21791045113958613,
            0.04489660434167937,
            0.1880586272479136,
            0.051444001683755715,
            0.05610845514227843,
            0.0067890212492182685,
            0.06756060732602936,
            0.2065977707729981,
            0.023397726304417145
        ],
        [
            0.016055405883619662,
            0.003838642353467128,
            0.07657601095302502,
            0.025594478620818494,
            0.08532442189435917,
            0.00030044644839928374,
            0.6308127607495377,
            0.07228365445744842,
            0.0045885316746141136,
            0.08462564696471093
        ],
        [
            0.043156170955933985,
            0.06530786168502592,
            0.1585115854431564,
            0.015469583633269108,
            0.1461751082989367,
            0.046544513720502105,
            0.008441011522816105,
            0.06837438516904401,
            0.12606708393867364,
            0.32195269563264206
        ],
        [
            0.010851959902489931,
            0.06404740333494406,
            0.5883962857610123,
            0.010749645392151137,
            0.12728736151342523,
            0.027666584201010543,
            0.009192176335155743,
            0.14027318185224663,
            0.007897812782183064,
            0.013637588925381392
        ],
        [
            0.013682739429519966,
            0.02416220565482253,
            0.10288932946075124,
            0.06564420095307924,
            0.7331262866898569,
            0.003801201578508937,
            0.01704905010662726,
            0.02772773619570279,
            0.004029239073716157,
            0.007888010857414935
        ],
        [
            0.052631452901250354,
            0.05352534592444978,
            0.054410683687896054,
            0.011129539422422738,
            0.0037229138805102207,
            0.7503124074658922,
            0.014667600774148781,
            0.01831452928856115,
            0.013726032960607041,
            0.027559493694261666
        ],
        [
            0.24459504788234124,
            0.023993588147322446,
            0.0029898876059892216,
            0.052406646892100825,
            0.04815779873425652,
            0.0008779575049844112,
            0.03228273691715833,
            0.0038432890918208783,
            0.004855046557790464,
            0.5859980006662358
        ],
        [
            0.08914202466220206,
            0.26284506823527454,
            0.004061492570436311,
            0.2221204618660675,
            0.30492917543225806,
            0.01757945290150171,
            0.01814813743019305,
            0.0138605766818434,
            0.014656992542463387,
            0.05265661767775994
        ],
        [
            0.10462829311066098,
            0.07676733205842404,
            0.06921868529764336,
            0.071101923211313,
            0.07094842050564004,
            0.011853656191284858,
            0.018552000151411226,
            0.0961339093302583,
            0.411559429385144,
            0.06923635075822027
        ],
        [
            0.1605227083289093,
            0.034851180566841736,
            0.03277863167767966,
            0.05351766525057137,
            0.019110707139740207,
            0.004182949628397062,
            0.009704032815349843,
            0.011130358039842466,
            0.6394042476181216,
            0.034797518934546676
        ],
        [
            0.13782155996070095,
            0.1445877836396865,
            0.026928706142015306,
            0.41151856689232613,
            0.03623162250572316,
            0.07212593193295048,
            0.008318324194284984,
            0.04624438738664871,
            0.0037554953997730256,
            0.11246762194589084
        ],
        [
            0.07667547187677783,
            0.0697659290001015,
            0.042456468695262886,
            0.41376802405141333,
            0.03915129713108441,
            0.001214890607547238,
            0.3025223600941101,
            0.005224889754976686,
            0.014437991272747122,
            0.03478267751597893
        ],
        [
            0.1198016728360155,
            0.15104905012445363,
            0.021867402328682877,
            0.02492013705445374,
            0.021399717994059864,
            0.06849422906248533,
            0.006611530746036575,
            0.024906267757462068,
            0.47212786851756283,
            0.08882212357878758
        ],
        [
            0.04715871452331262,
            0.03418766190145463,
            0.08459984935264521,
            0.006775006003686907,
            0.022679112846982714,
            0.7015254485218071,
            0.01178380241861167,
            0.031109019891018674,
            0.009953402301761788,
            0.050227982238718716
        ],
        [
            0.11378733145385156,
            0.035302694074879126,
            0.016446020363849838,
            0.059731352858109175,
            0.022897404967347573,
            0.03240810333972145,
            0.01086054389816052,
            0.08343017525631632,
            0.3496940366982202,
            0.27544233708954424
        ],
        [
            0.026362741185923372,
            0.05280579338858954,
            0.24217523380794068,
            0.008565892023864805,
            0.007073320138212128,
            0.0014797341756333112,
            0.4501906699564298,
            0.006551243299713963,
            0.014755880237294567,
            0.19003949178639784
        ],
        [
            0.014365066246584943,
            0.02484888555156407,
            0.5712161603220539,
            0.025707135756081773,
            0.033797050407744486,
            0.024625613487602588,
            0.006228483966166316,
            0.15159605319530528,
            0.0884914880297899,
            0.05912406303710671
        ],
        [
            0.3084953295775678,
            0.04184009990060271,
            0.008235973347510995,
            0.07497470489310873,
            0.07001960335875136,
            0.006024683983962387,
            0.33168785566263237,
            0.022973584460568255,
            0.007874696423977354,
            0.12787346839131802
        ],
        [
            0.11469895519628767,
            0.03762085257243495,
            0.01636867659073639,
            0.7362994167336303,
            0.006355190359348213,
            0.0037610655294944744,
            0.006861242999356856,
            0.007421259192675634,
            0.002284509648156934,
            0.06832883117787866
        ],
        [
            0.011117272373000281,
            0.1296903913081377,
            0.729938258202271,
            0.0012612544934705384,
            0.03008741369632898,
            0.006142233080170742,
            0.051590121428990984,
            0.006188775841836457,
            0.00644583804989929,
            0.02753844152589412
        ],
        [
            0.902114099357747,
            0.028121633617978103,
            0.001492144654960012,
            0.014795382181173216,
            0.010036887853561301,
            0.0023007374490494337,
            0.009358095745901258,
            0.008495582926133793,
            0.020634464178281374,
            0.0026509720352145714
        ],
        [
            0.03735634600317692,
            0.8009417582255883,
            0.024086206445210735,
            0.0031028091335209475,
            0.022495035358125616,
            0.0003038769559862713,
            0.010959722013806798,
            0.016305568258183793,
            0.0025053524533829637,
            0.08194332515301764
        ],
        [
            0.047459030097768105,
            0.02763532864094137,
            0.11293878159001078,
            0.0422341838560422,
            0.05734851278888385,
            0.12465426228877222,
            0.014580370657418244,
            0.07740181296704625,
            0.48792531743619766,
            0.00782239967691936
        ],
        [
            0.31734085441209603,
            0.08193318086719756,
            0.0789356851982553,
            0.04592465239642261,
            0.026734677654374362,
            0.30329989268050295,
            0.007357759075878878,
            0.03857016826627068,
            0.07165106056458538,
            0.02825206888441621
        ],
        [
            0.04938163958574812,
            0.03239438102583405,
            0.04958303211164673,
            0.06695720875146989,
            0.08714784969149444,
            0.4267014141009797,
            0.02721989709983568,
            0.08981475267757488,
            0.13905650204576814,
            0.03174332290964833
        ],
        [
            0.029774252121581156,
            0.05422618033771871,
            0.0183880290238189,
            0.00910826650194601,
            0.028510345746067433,
            0.7371498260490958,
            0.006700074876219847,
            0.036562411382829486,
            0.05148503014767945,
            0.028095583813043147
        ],
        [
            0.018721846599061016,
            0.044988332062073366,
            0.08365203116233148,
            0.2010872370380275,
            0.06808556622106385,
            0.0016969344061957576,
            0.5588009859631269,
            0.011636758525746253,
            0.004915756269173391,
            0.006414551753200515
        ],
        [
            0.009879254631651097,
            0.07974411355864788,
            0.7969352360190023,
            0.005316175107984564,
            0.02317498064731556,
            0.003868055703036638,
            0.049734344880783966,
            0.026023766708033032,
            0.0010540509349491604,
            0.004270021808595768
        ],
        [
            0.018483353617912084,
            0.046584623502641566,
            0.028567122213000735,
            0.013609254603897513,
            0.08299069319546219,
            0.5957097862337619,
            0.015449554574115268,
            0.07812431680526039,
            0.01758881095270358,
            0.10289248430124487
        ],
        [
            0.6449434728250406,
            0.01402992371429633,
            0.01529229873421784,
            0.05193192137368704,
            0.25185632047469936,
            0.0029251238756332334,
            0.005437961400426751,
            0.009262245954095256,
            0.0025457858075893284,
            0.001774945840314315
        ],
        [
            0.0229298365169667,
            0.8649633908210401,
            0.0028324143321834306,
            3.707531803778059e-05,
            0.07054512505571968,
            0.009776002507209352,
            0.005313688604287678,
            0.0013260049668015219,
            0.012251189204265761,
            0.010025272673488074
        ],
        [
            0.017207034994543964,
            0.06866871481230348,
            0.006916606081552345,
            0.09131337009324783,
            0.18232830308788145,
            0.002519521886276267,
            0.5477963931080854,
            0.019651616886120635,
            0.007735421120996155,
            0.05586301792899244
        ],
        [
            0.012465573087351483,
            0.05303814142945988,
            0.011068905709752132,
            0.007003252622583193,
            0.1434853672585298,
            0.0009657803676161149,
            0.055760169878962686,
            0.00677918863134212,
            0.005980854297281088,
            0.7034527667171215
        ],
        [
            0.024618724346142103,
            0.032917500766846006,
            0.20192155505089074,
            0.010951933553689988,
            0.4005060472522016,
            0.01081808312211199,
            0.00282840564202799,
            0.27302434730383196,
            0.03986759700245826,
            0.002545805959799264
        ],
        [
            0.0102774171988957,
            0.1621065746358042,
            0.5848141468429826,
            0.003512467341248079,
            0.025571191832418287,
            0.01766923608323535,
            0.17370489505175155,
            0.008362945032052649,
            0.0017330112037066245,
            0.01224811477790488
        ],
        [
            0.15006208255432324,
            0.025682901051634927,
            0.000516113377939207,
            0.2966088979309427,
            0.07133827316062061,
            0.002026479708056419,
            0.06190025118751349,
            0.004713679667886881,
            0.3685804073189861,
            0.018570914042096452
        ],
        [
            0.02744400229507246,
            0.05193071928829385,
            0.01643176294847553,
            0.3391011983099278,
            0.09054418563030556,
            0.004197205783185971,
            0.015427496930732743,
            0.05881844969615,
            0.3644925106191712,
            0.03161246849868477
        ],
        [
            0.05790767565250955,
            0.024976020937642403,
            0.008589050349176192,
            0.03712279281140589,
            0.00623282974585666,
            0.0033180633508670494,
            0.013132858999334742,
            0.10107026310705428,
            0.3644535627041492,
            0.3831968823420041
        ],
        [
            0.007411356243888547,
            0.016471207744699987,
            0.04737459769623134,
            0.03368198921590915,
            0.40357593587241014,
            0.008871453554418925,
            0.0011655005365729082,
            0.29361224836436894,
            0.031399098191924976,
            0.15643661257957495
        ],
        [
            0.6880019084999821,
            0.04211862640172396,
            0.01846079420336872,
            0.03797042116803061,
            0.020580116487637377,
            0.01818431692422444,
            0.006756658432805471,
            0.03947623417312052,
            0.10942954320699813,
            0.019021380502108658
        ],
        [
            0.043672603520674716,
            0.07340160398031068,
            0.01348467871760366,
            0.09600308229250214,
            0.02275243550669765,
            0.5218678943911714,
            0.015796710856616138,
            0.06321304687867373,
            0.13544555556361465,
            0.014362388292135164
        ],
        [
            0.023605501736549687,
            0.01164466683753975,
            0.015460737024368981,
            0.013179510801035951,
            0.01994178534129835,
            0.7216280601651605,
            0.017046165614244484,
            0.025514316003521376,
            0.14080682813294415,
            0.011172428343336916
        ],
        [
            0.0107038512964125,
            0.02122426335248693,
            0.008112888037931558,
            0.01148716812447165,
            0.0917355764765714,
            0.0019236289288493667,
            0.7251897021946395,
            0.008154012230320527,
            0.0029742752825654894,
            0.11849463407575093
        ],
        [
            0.035204713476752234,
            0.8730448922083246,
            0.009883908272007778,
            0.02184595115204437,
            0.02347848638201549,
            0.0005654214647522759,
            0.00701820945327018,
            0.013834628747431271,
            0.008819282479213958,
            0.006304506364187954
        ],
        [
            0.009902070500458358,
            0.03473854601254211,
            0.05870633690091794,
            0.01295410466267275,
            0.4284286133744678,
            0.00038405990450696885,
            0.09391845509980104,
            0.034096963996776204,
            0.025990640442723766,
            0.3008802091051331
        ],
        [
            0.01598329758015475,
            0.004875280581319893,
            0.0050082236728740594,
            0.005319120052047932,
            0.021508318921101114,
            0.003743392716417391,
            0.008904557662749755,
            0.9175475765704129,
            0.006837989962006953,
            0.01027224228091549
        ],
        [
            0.01950978319778603,
            0.06485720181220662,
            0.012205487034747947,
            0.014985748865250104,
            0.8037802634558332,
            0.004320492417436978,
            0.009192273758329421,
            0.041163400716112124,
            0.004297052117981733,
            0.02568829662431587
        ],
        [
            0.0707725347871032,
            0.06639097965681431,
            0.16745604002790732,
            0.04018436016849912,
            0.0866879973315974,
            0.06317989242319058,
            0.1145392947393596,
            0.10141157514350978,
            0.08635430639072225,
            0.20302301933129652
        ],
        [
            0.01694363390281943,
            0.028115920066616795,
            0.03460080279900121,
            0.020656668431781076,
            0.7204871862892265,
            0.005869394076653502,
            0.05181771803961466,
            0.11325528429489304,
            0.0018927306809624796,
            0.006360661418431288
        ],
        [
            0.017268445446104924,
            0.04786963947943405,
            0.04556126152888311,
            0.0060889417029098055,
            0.021710338041942504,
            0.6961190493031169,
            0.008442136934988126,
            0.060191857411426276,
            0.04324927394391124,
            0.05349905620728308
        ],
        [
            0.07617157241393038,
            0.005616556256257311,
            0.012249411310026204,
            0.16021304810269724,
            0.02764052775036539,
            0.003982053244201923,
            0.004698936916351325,
            0.05466904733470683,
            0.6498325552830145,
            0.004926291388448805
        ],
        [
            0.16701099160288554,
            0.13553842935143098,
            0.02568249601394392,
            0.2695192180696326,
            0.16408866616289097,
            0.007756736970015675,
            0.15526323620781932,
            0.005036275163962486,
            0.020847449100181274,
            0.049256501357237255
        ],
        [
            0.03227784611687813,
            0.03693825796850299,
            0.01725010486902088,
            0.39283113374060974,
            0.022155470642708855,
            0.0110396244723223,
            0.02022103706695549,
            0.021408345491662057,
            0.14625020740717676,
            0.2996279722241628
        ],
        [
            0.03816527504108084,
            0.2045927849366424,
            0.39150889394600563,
            0.02312262713682887,
            0.003355081199603665,
            0.0019678369628719386,
            0.28430031776544346,
            0.011759764325076654,
            0.029137498128488797,
            0.012089920557957759
        ],
        [
            0.027959652085657188,
            0.6176001160409873,
            0.016698569914571908,
            0.13919363511888974,
            0.04199956194545878,
            0.0017644902721582866,
            0.11780094999194897,
            0.01987250099008709,
            0.008852289177180594,
            0.008258234463060062
        ],
        [
            0.05697223109319358,
            0.04116859788781948,
            0.06471709288193561,
            0.3548370449190809,
            0.040581986750274746,
            0.10950003266541442,
            0.010060128679418303,
            0.026566190138169604,
            0.18772819727464285,
            0.10786849771005051
        ],
        [
            0.11631901104959046,
            0.1933059603767635,
            0.15203956918853348,
            0.054742574256315756,
            0.056983847750994,
            0.037692170814004985,
            0.047211786464778784,
            0.07315414924365063,
            0.2546907217047932,
            0.013860209150575254
        ],
        [
            0.23243090289178125,
            0.03635455623885931,
            0.02528979411913121,
            0.15869365961403345,
            0.04562631787924704,
            0.04614841225318393,
            0.0143419313206252,
            0.09146561321305256,
            0.311433570275673,
            0.03821524219441307
        ],
        [
            0.10175057550827746,
            0.03196103261491292,
            0.1341080794321266,
            0.058818877731227605,
            0.017080816560063335,
            0.47750059809362977,
            0.0199353110915124,
            0.006357636816028282,
            0.1499887639207474,
            0.0024983082314742017
        ],
        [
            0.05200503214299608,
            0.05269559040212678,
            0.045291313742600765,
            0.0435951654898301,
            0.07718215847416456,
            0.06345702035274121,
            0.02372481510806191,
            0.2044352540034522,
            0.20899280180612045,
            0.22862084847790598
        ],
        [
            0.06321318140979922,
            0.046409819396765695,
            0.14189768683095733,
            0.023373767640480082,
            0.05481200047781237,
            0.01887613551737483,
            0.019144513706701775,
            0.14250229869214356,
            0.23599363081970548,
            0.2537769655082597
        ],
        [
            0.03655239691753034,
            0.11999346352044352,
            0.0052485762169151625,
            0.001374899238097555,
            0.6322001333421897,
            0.009909270419410868,
            0.004496936821617892,
            0.011187556456796182,
            0.002941393522925131,
            0.17609537354407362
        ],
        [
            0.011361099485677319,
            0.034527291043492433,
            0.1699945145677718,
            0.016437388442113197,
            0.02790078770841936,
            0.015338966714063143,
            0.013924463435286971,
            0.09299012285467553,
            0.043427945908655216,
            0.574097419839845
        ],
        [
            0.16931056447401432,
            0.053785080913306006,
            0.058524144570147804,
            0.061925606744313466,
            0.1062962119031046,
            0.22974231565387862,
            0.015264116080931808,
            0.07518337187545533,
            0.21976878774983355,
            0.010199800035014504
        ],
        [
            0.022033021888182062,
            0.08678153115380038,
            0.05786196216502334,
            0.057693610155658014,
            0.07951389155903635,
            0.028719631834871095,
            0.014964707850360411,
            0.0971311399999262,
            0.04942427942377177,
            0.5058762239693704
        ],
        [
            0.004217498509620479,
            0.008328563844285975,
            0.23059785973670638,
            0.003994609717600406,
            0.3881657858651601,
            0.003995167086818725,
            0.0014221459120547044,
            0.3531963062283682,
            0.0048130038430346045,
            0.0012690592563504692
        ],
        [
            0.03343037240816746,
            0.2096671421611181,
            0.005486236821695866,
            0.047953612138276355,
            0.136298454293436,
            0.01801955997366294,
            0.39364680901945126,
            0.014503926122714778,
            0.002977260231359779,
            0.13801662683011745
        ],
        [
            0.09946893444950093,
            0.01591091443147811,
            0.0188265210675318,
            0.05146112663395558,
            0.03422446984407157,
            0.0269521338912377,
            0.020205110692622076,
            0.06540936717233135,
            0.651839854538637,
            0.015701567278633817
        ],
        [
            0.021486394467434465,
            0.8580619579997085,
            0.0062867492872793725,
            0.019058915683707787,
            0.019254687559419174,
            0.0008101545205182182,
            0.029446412694022567,
            0.01940629218896472,
            0.0022207519732583606,
            0.023967683625686794
        ],
        [
            0.007633390775546985,
            0.01786521248996533,
            0.004407760082727359,
            0.008355820060791597,
            0.03627871342141835,
            0.0003466924546481551,
            0.016435208287984445,
            0.8863157699376455,
            0.02148311625615573,
            0.0008783162331166231
        ],
        [
            0.033824808946455134,
            0.01791287834460236,
            0.05463914198517843,
            0.017319808880451395,
            0.042826555811326425,
            0.013728958056540123,
            0.010725541719785158,
            0.01704369323221639,
            0.2524954774342195,
            0.5394831355892251
        ],
        [
            0.04581836278359285,
            0.0482287039768707,
            0.06827952072284185,
            0.01892672912004055,
            0.16078161067264066,
            0.010324151234384609,
            0.019935910651464855,
            0.3335666560788114,
            0.2861449223092496,
            0.007993432450102932
        ],
        [
            0.24539771943550198,
            0.06928542568515325,
            0.0015266676217945744,
            0.40032404847399744,
            0.07768819666800818,
            0.004797047027895621,
            0.10602492204672216,
            0.027900475918353075,
            0.06087559278673654,
            0.006179904335837237
        ],
        [
            0.01487060923192515,
            0.024177151216161298,
            0.09395300362306991,
            0.026136749595079705,
            0.28315037404999027,
            0.06564111953936069,
            0.03747830244655014,
            0.3850618535570093,
            0.046200674234050026,
            0.023330162506803524
        ],
        [
            0.06825947525521017,
            0.18341114918712714,
            0.07265521830826428,
            0.02958343634465353,
            0.19975045957512663,
            0.038027249008402285,
            0.014340277740385304,
            0.09779365310464627,
            0.20945699645953564,
            0.08672208501664871
        ],
        [
            0.03584316059494909,
            0.05409770926142558,
            0.09884125497998468,
            0.16274414775865215,
            0.06598481242538409,
            0.024724724090041034,
            0.0110611742676242,
            0.4700638799043486,
            0.03499528982373841,
            0.041643846893852185
        ],
        [
            0.011104756941475719,
            0.013313999599049909,
            0.10780526553440381,
            0.7163747666028664,
            0.009460006378550946,
            0.001751257190197848,
            0.1225745684001539,
            0.013214789228012187,
            0.001756943482860026,
            0.0026436466424292903
        ],
        [
            0.0405879557269079,
            0.014777146942879996,
            0.007066236676165537,
            0.0070941118976455084,
            0.009204440649124325,
            0.0008754026382088168,
            0.005185555132240416,
            0.8809949401669025,
            0.005173261522985223,
            0.02904094864693981
        ],
        [
            0.09515305583122975,
            0.0785554892618666,
            0.01045241813139838,
            0.37413249304942864,
            0.03673402667941046,
            0.044779131385086865,
            0.010120210653903759,
            0.08958492558098803,
            0.2530806953597674,
            0.007407554066920008
        ],
        [
            0.03240773443225195,
            0.016864214493376363,
            0.10515804431883187,
            0.014441282957286153,
            0.6256768059277511,
            0.0011137448407789812,
            0.008746298300996484,
            0.13473964135393657,
            0.004960137876958599,
            0.05589209549783201
        ],
        [
            0.02821647989526595,
            0.03182614250009417,
            0.008104978876507796,
            0.020224460189142975,
            0.01193839275675752,
            0.7317991418202214,
            0.03675422383375483,
            0.036441784284121495,
            0.08056634307921545,
            0.014128052764918483
        ],
        [
            0.01470927672126924,
            0.04308100373436094,
            0.08370138589884919,
            0.024051667216428773,
            0.15371179097312235,
            0.021468715183960912,
            0.3368152041952556,
            0.01281315450143021,
            0.040840089047010496,
            0.2688077125283122
        ],
        [
            0.10088063761791981,
            0.0968110765582218,
            0.03274214845641648,
            0.23295427393116483,
            0.04320729927349811,
            0.01906238243147702,
            0.04123695370242124,
            0.10939480439299665,
            0.23915679785107202,
            0.08455362578481207
        ],
        [
            0.04439253894939779,
            0.08137573380105183,
            0.05063827053715138,
            0.02582745492852031,
            0.6979335533312769,
            0.001319938369759997,
            0.0061142597915344035,
            0.08285969708863507,
            0.006433707903402072,
            0.003104845299270058
        ],
        [
            0.044587777851010243,
            0.23324382304468264,
            0.057028233316183716,
            0.011703085555073923,
            0.031730159803480706,
            0.03639557898802424,
            0.02798537767872474,
            0.17280711733801596,
            0.11420164233976467,
            0.2703172040850393
        ],
        [
            0.07755467440596849,
            0.09038303206354288,
            0.02928381032391885,
            0.009001866830022716,
            0.06447942163423245,
            0.3014166512276682,
            0.012686988613817427,
            0.03065819576759039,
            0.36267716578434667,
            0.021858193348891976
        ],
        [
            0.021835108735472,
            0.04183898818755148,
            0.011323303813721769,
            0.06382956325726317,
            0.045992860692869134,
            0.0027517575359432608,
            0.5176486778889617,
            0.007421912484809702,
            0.013219595835250581,
            0.27413823156815714
        ],
        [
            0.10672035654130581,
            0.11375105999912312,
            0.020467166812981726,
            0.0668363596214591,
            0.021795895360963435,
            0.01902597356192986,
            0.18809978926052678,
            0.03979743816805803,
            0.41240404949659315,
            0.011101911177059028
        ],
        [
            0.01921748117982352,
            0.01265626850146872,
            0.019080638949936925,
            0.06758279973325222,
            0.05340452974353975,
            0.01685789567651353,
            0.7813197018057783,
            0.00996794686960623,
            0.007241279547329615,
            0.012671457992751173
        ],
        [
            0.2515234818696671,
            0.03726087524527605,
            0.010074374281402676,
            0.5949106531610372,
            0.00517026698008965,
            0.002257614970270737,
            0.008951419696347133,
            0.015548411417088449,
            0.012909345360930993,
            0.061393557017889934
        ],
        [
            0.00952609734314742,
            0.012580626702931547,
            0.07036089840556237,
            0.03872429477681056,
            0.719052914624837,
            0.00015529685537464538,
            0.02845431658069747,
            0.026709733581167024,
            0.04089783452558086,
            0.05353798660389121
        ],
        [
            0.020837997846629347,
            0.06610826929959986,
            0.023066613548622408,
            0.00301657627821183,
            0.03444213667507963,
            0.7473878331104971,
            0.007326728529275381,
            0.016498695324910155,
            0.05671261890689251,
            0.0246025304802819
        ],
        [
            0.0240389110628535,
            0.13658912609414192,
            0.013595561112515284,
            0.07441101128948294,
            0.011532523753130968,
            0.6366457741575149,
            0.007002945882980893,
            0.045872901795736276,
            0.040159247980762765,
            0.010151996870880423
        ],
        [
            0.023517587555418794,
            0.01774405221292796,
            0.6060859385456591,
            0.0013516478175719237,
            0.12778170898686175,
            0.05080459671784425,
            0.0021002119401302465,
            0.12356171988008227,
            0.038568614700638514,
            0.00848392164286521
        ],
        [
            0.08200860020138387,
            0.06609898960040193,
            0.13520339073492715,
            0.021676199036599307,
            0.03790878500434971,
            0.09847372570821204,
            0.009157639356867238,
            0.02536186769296598,
            0.5143815120480212,
            0.009729290616271659
        ],
        [
            0.07159265252843429,
            0.14631066694367884,
            0.07700394414369792,
            0.09572612874059064,
            0.19571924899803247,
            0.019049873150550227,
            0.018105069960377227,
            0.13126841210964335,
            0.19082550850195903,
            0.054398494923035945
        ],
        [
            0.005803674439067111,
            0.10881591096582195,
            0.02010164530220311,
            0.000565175474757891,
            0.13128738259124678,
            0.007022498769735102,
            0.3202824935021028,
            0.004241249714049733,
            0.0066876242674759005,
            0.3951923449735396
        ],
        [
            0.8320094563635912,
            0.071979628226896,
            0.008043622795195347,
            2.8049344184807766e-05,
            0.03372003950140816,
            0.018114049301441285,
            0.004009709245568716,
            0.0020262710308831975,
            0.0031911651341321517,
            0.026878009056699032
        ],
        [
            0.05533644494222003,
            0.03918420964967691,
            0.12196655045239131,
            0.16424715804005602,
            0.09245260965904527,
            0.054521677227422925,
            0.011815587727943411,
            0.10417709721755142,
            0.30174654716357885,
            0.05455211792011402
        ],
        [
            0.018748326346247995,
            0.016462233082548072,
            0.004749465650914222,
            0.005813102575571172,
            0.041538155979092994,
            0.001964760709096438,
            0.00615232934327453,
            0.8941576332827477,
            0.0038101291136503276,
            0.006603863916856469
        ],
        [
            0.030674201743522877,
            0.22726548696743012,
            0.053965612691126284,
            0.004662525260973109,
            0.09036731305570664,
            0.004607437550778195,
            0.2503025501318935,
            0.004187643662746428,
            0.03560004786998723,
            0.2983671810658355
        ],
        [
            0.018037620032764712,
            0.0087698123123146,
            0.0060974965585715,
            0.0456244152939142,
            0.09811799516003203,
            0.0021044302674842713,
            0.6087283347556605,
            0.010383565744011353,
            0.012630085076180195,
            0.18950624479906658
        ],
        [
            0.1619572905125391,
            0.04641131148151796,
            0.0013699063503992074,
            0.5698609796672989,
            0.008349034126811178,
            0.0013932478595195777,
            0.0035363614313970184,
            0.010733818123533185,
            0.02096064254355403,
            0.17542740790342976
        ],
        [
            0.3579820107352354,
            0.07644027570726124,
            0.005266809947321969,
            0.14014885063864443,
            0.16066644744754313,
            0.0158621267407183,
            0.1712160019236003,
            0.012283331847385299,
            0.0177756685891158,
            0.042358476423174106
        ],
        [
            0.014381811470002387,
            0.14581977180306582,
            0.012393751374776583,
            0.031351694710192765,
            0.022898459474401188,
            0.006817478369551618,
            0.6186643715642322,
            0.010186225644623953,
            0.02051712579429838,
            0.11696930979485518
        ],
        [
            0.023070007250707864,
            0.04922803217150073,
            0.12160177579317624,
            0.5730019094100735,
            0.008995009715372744,
            0.023201736174941836,
            0.030319962983446337,
            0.015615454503227466,
            0.14163475267958908,
            0.013331359317964342
        ],
        [
            0.06486951353185437,
            0.0313680877845096,
            0.00285358236406362,
            0.5056418759230027,
            0.010218113259492342,
            0.035385602496439295,
            0.01286557809893768,
            0.15629413878950354,
