{
    "accuracy": 0.595,
    "classification_report": "              precision    recall  f1-score   support\n\n           0       0.60      0.60      0.60        20\n           1       1.00      0.40      0.57        20\n           2       0.80      0.60      0.69        20\n           3       0.38      0.30      0.33        20\n           4       0.69      0.55      0.61        20\n           5       0.76      0.95      0.84        20\n           6       0.50      0.70      0.58        20\n           7       0.58      0.70      0.64        20\n           8       0.56      0.70      0.62        20\n           9       0.39      0.45      0.42        20\n\n    accuracy                           0.59       200\n   macro avg       0.63      0.59      0.59       200\nweighted avg       0.63      0.59      0.59       200\n",
    "y_score": [
        [
            0.06419155844155844,
            0.06003700874289108,
            0.02355133755133755,
            0.08854592629592631,
            0.028115440115440114,
            0.2992684537684538,
            0.04124542124542125,
            0.036678321678321676,
            0.22924361749361746,
            0.12912291466703232
        ],
        [
            0.2440993173493173,
            0.05599320532408767,
            0.07255072705072703,
            0.14719945250827607,
            0.07813846692523162,
            0.10689679764679764,
            0.05511156653803712,
            0.02361140085404791,
            0.05892427425515662,
            0.15747479154832095
        ],
        [
            0.025547008547008546,
            0.1191325341325341,
            0.17360073303029958,
            0.019999712705595057,
            0.2019751898428368,
            0.1160219677982836,
            0.05364793866264454,
            0.187393374599257,
            0.029344988344988346,
            0.07333655233655234
        ],
        [
            0.09821450771450772,
            0.035363969363969364,
            0.0787167277167277,
            0.12628443778443774,
            0.031137667887667888,
            0.284796287046287,
            0.023502136752136752,
            0.06426273726273726,
            0.16608469308469315,
            0.09163683538683537
        ],
        [
            0.13869160006660003,
            0.09101183946772183,
            0.12454636866401572,
            0.1284210830019653,
            0.07750970679647151,
            0.10768200263788497,
            0.045737807943690305,
            0.07258106191194426,
            0.15516805416805415,
            0.058650475341651805
        ],
        [
            0.016918151293151294,
            0.043432405013287365,
            0.12106318681318681,
            0.04609724997224997,
            0.20615134293810755,
            0.02279982517482517,
            0.2349809055323761,
            0.22806553577141814,
            0.019279872904872906,
            0.061211524586524575
        ],
        [
            0.0272924297924298,
            0.10560603285603286,
            0.12524825746149276,
            0.04000468975468976,
            0.10970127095127095,
            0.12241172716172713,
            0.061505244755244756,
            0.07885264163940633,
            0.14555717893217893,
            0.1838205266955267
        ],
        [
            0.030260699826489303,
            0.09713499013886008,
            0.25797151945062163,
            0.014102564102564101,
            0.23358617199793671,
            0.08613919413919413,
            0.044908673198146884,
            0.16387837162837157,
            0.023812021312021314,
            0.0482057942057942
        ],
        [
            0.020245421245421245,
            0.028545787545787547,
            0.11660746198246195,
            0.019474358974358976,
            0.3150753106542579,
            0.031944055944055944,
            0.008217948717948719,
            0.42199285728891006,
            0.0183048063048063,
            0.019591991341991345
        ],
        [
            0.09526662226662226,
            0.07965909090909092,
            0.0731674975351446,
            0.13369261294261292,
            0.0648886668886669,
            0.23378704628704627,
            0.1548716577540107,
            0.023410977910977914,
            0.07074514374514375,
            0.07051068376068376
        ],
        [
            0.20775142586171996,
            0.10027619602619602,
            0.03307725689343337,
            0.21125657594039943,
            0.027136197136197134,
            0.0205053345347463,
            0.10360112763053941,
            0.03853376198964434,
            0.08162379287379289,
            0.17623833111333106
        ],
        [
            0.23172724416106774,
            0.09886072342689987,
            0.05157884843914254,
            0.21868929844665136,
            0.024107226107226112,
            0.078467633673516,
            0.04172564363740834,
            0.022370360032124736,
            0.07690575111163345,
            0.15556727096432976
        ],
        [
            0.1872439088689089,
            0.09571436896436895,
            0.06618142968142968,
            0.09433439191527425,
            0.045761460761460766,
            0.0398490675990676,
            0.035401154401154405,
            0.043900266400266404,
            0.28831590223501996,
            0.10329804917304916
        ],
        [
            0.08549077530656478,
            0.0854722003143056,
            0.0847696959473275,
            0.1484100662409486,
            0.010346764346764346,
            0.029794122544122538,
            0.01944449848397217,
            0.008481643356643358,
            0.4157837399528576,
            0.1120064935064935
        ],
        [
            0.08202872127872127,
            0.058008047508047514,
            0.09077999777999779,
            0.13265111277611277,
            0.09201118326118327,
            0.19826007326007322,
            0.012788059163059163,
            0.08259895659895661,
            0.05853180153180153,
            0.1923420468420468
        ],
        [
            0.13839962814962814,
            0.12918867243867246,
            0.011142968142968142,
            0.21100499500499495,
            0.026321484071484078,
            0.02366219891219891,
            0.25705455655455656,
            0.011000000000000001,
            0.10823271173271175,
            0.08399278499278501
        ],
        [
            0.07794284718549423,
            0.09622187534687536,
            0.01902651515151515,
            0.19282426641985467,
            0.01,
            0.0888152958152958,
            0.0405857100415924,
            0.022930458430458427,
            0.3235710025268848,
            0.12808202908202906
        ],
        [
            0.07155826118326117,
            0.10457273282273281,
            0.09128071782019148,
            0.04815871117186906,
            0.10690935307382679,
            0.17347841047841048,
            0.12679251304251304,
            0.09292997645629222,
            0.07055440392940392,
            0.11376492002149893
        ],
        [
            0.1436939726939727,
            0.047406218781218784,
            0.044495573870573873,
            0.22917461704961706,
            0.02863503163503164,
            0.047769064269064264,
            0.039228937728937735,
            0.03075695138195138,
            0.28907170607170607,
            0.09976792651792651
        ],
        [
            0.044818764568764574,
            0.13525105450105449,
            0.13144587683558273,
            0.09232917082917083,
            0.03258197358197358,
            0.02452991452991453,
            0.25535668334933037,
            0.014857614607614604,
            0.049016594516594514,
            0.2198123526799997
        ],
        [
            0.023929043179043177,
            0.0916709679209679,
            0.26822470584970587,
            0.07208857808857808,
            0.099019536019536,
            0.08749325674325674,
            0.0373397990897991,
            0.06384153346653347,
            0.10995290820290818,
            0.14643967143967146
        ],
        [
            0.049222222222222216,
            0.0988298368298368,
            0.12688289488289486,
            0.13869449994449995,
            0.08289668664668665,
            0.038408660783660786,
            0.18650722888222887,
            0.06163528138528138,
            0.051000721500721505,
            0.16592196692196695
        ],
        [
            0.19687341416753174,
            0.14583152794917498,
            0.048030689898336955,
            0.32187107255489605,
            0.03339102564102564,
            0.04776602564102564,
            0.04150407354083824,
            0.013539682539682543,
            0.08659275446775448,
            0.06459973359973359
        ],
        [
            0.02316322566322566,
            0.0866648074148074,
            0.32050910200910204,
            0.011028971028971029,
            0.2054080200844907,
            0.039895104895104894,
            0.06507137307137309,
            0.10258873316226257,
            0.019752136752136752,
            0.12591852591852593
        ],
        [
            0.39936280510854805,
            0.054253885003885005,
            0.03116749916749917,
            0.1636902492931905,
            0.018859158385474174,
            0.05815523365523365,
            0.04153875291375291,
            0.014788059163059164,
            0.14266021478521476,
            0.07552414252414252
        ],
        [
            0.0944897186147186,
            0.4431771978021978,
            0.050981240981240974,
            0.06199449161949161,
            0.02129899267399267,
            0.025728632478632482,
            0.06735095460095458,
            0.07147384559884556,
            0.029939255189255193,
            0.13356567044067044
        ],
        [
            0.09034094092182329,
            0.014558774558774556,
            0.11961594043211692,
            0.12174675324675326,
            0.12320056332556334,
            0.12099742577683753,
            0.040337161204808264,
            0.13415443298531535,
            0.2135786713286713,
            0.02146933621933622
        ],
        [
            0.1859123099123099,
            0.07122438672438672,
            0.10096534021534019,
            0.16262268287268283,
            0.04636446886446887,
            0.13716111666111666,
            0.0726865911865912,
            0.0183030303030303,
            0.12163630813630816,
            0.08312376512376511
        ],
        [
            0.03236688311688312,
            0.059827852702852694,
            0.07482861582861583,
            0.061858835608835594,
            0.1351506549006549,
            0.2647721167721168,
            0.05412518037518037,
            0.11211960261960258,
            0.11951641414141413,
            0.08543384393384391
        ],
        [
            0.05456951218715924,
            0.10757693695193694,
            0.059868298368298364,
            0.08026336898395721,
            0.10658133533133533,
            0.3278514679764681,
            0.04696778629866866,
            0.08811500999000998,
            0.055364792070674414,
            0.07284149184149184
        ],
        [
            0.149650618172677,
            0.11746865634365633,
            0.043402222777222776,
            0.22763491573785682,
            0.03532031857031857,
            0.041908119658119664,
            0.2414957681207681,
            0.018115800865800863,
            0.08353077478077477,
            0.04147280497280498
        ],
        [
            0.024239468864468868,
            0.11792517205017206,
            0.35936412198912193,
            0.036632478632478635,
            0.2091908785658786,
            0.061612207237207235,
            0.050761655011655006,
            0.06966398878898877,
            0.016714285714285713,
            0.05389574314574315
        ],
        [
            0.06744347319347317,
            0.046324654104065874,
            0.06179253752783164,
            0.046161467617349974,
            0.09244642938760585,
            0.38986072587543186,
            0.03439801864801865,
            0.06617687867687867,
            0.10087296037296035,
            0.09452285459638399
        ],
        [
            0.25617763815132233,
            0.041446289821289825,
            0.06608302808302809,
            0.10008510933510933,
            0.17354498352524664,
            0.05547807747807748,
            0.013830128205128205,
            0.18258452950558215,
            0.04810440947940948,
            0.06266580641580641
        ],
        [
            0.05670790320790322,
            0.47068956043956056,
            0.05956324231324231,
            0.08200144300144299,
            0.032863636363636366,
            0.032256493506493504,
            0.1461111111111111,
            0.03436507936507936,
            0.03653030303030303,
            0.048911227661227664
        ],
        [
            0.04027525252525252,
            0.07871605192193426,
            0.07094416694416694,
            0.09270934620934619,
            0.15283489549666016,
            0.03443181818181819,
            0.3021342938107644,
            0.07096508067096302,
            0.02884992784992785,
            0.12813916638916636
        ],
        [
            0.02290227256403727,
            0.08400699300699299,
            0.08944068513186157,
            0.04515588578088578,
            0.07363424892101361,
            0.02382509973686444,
            0.11131676738294383,
            0.010427960927960929,
            0.034900246812011516,
            0.504389839735428
        ],
        [
            0.04154166666666667,
            0.041519123033828924,
            0.18129437637525872,
            0.02857800532800533,
            0.31287083603530974,
            0.015162240537240539,
            0.03423528269116505,
            0.2824450188614276,
            0.04505194805194805,
            0.017301502419149475
        ],
        [
            0.019848276723276725,
            0.07644230769230768,
            0.2940301887654829,
            0.03273892773892773,
            0.19766858631564502,
            0.06341503757680228,
            0.13237932084255616,
            0.12327597239361944,
            0.0060757575757575755,
            0.054125624375624376
        ],
        [
            0.22459347025523496,
            0.0465462037962038,
            0.04335475635475636,
            0.149020091020091,
            0.04719608169608169,
            0.06449529637029636,
            0.082139874014874,
            0.06418165168165167,
            0.18640000848824378,
            0.09207256632256632
        ],
        [
            0.11132467532467533,
            0.1226599234099234,
            0.010266955266955266,
            0.1832522893772893,
            0.02916378066378066,
            0.05625432900432899,
            0.043353146853146854,
            0.04126334776334776,
            0.3341270257520258,
            0.06833452658452659
        ],
        [
            0.12167210567210568,
            0.05075462037962037,
            0.062045995670995675,
            0.11270525308025306,
            0.05926501276501278,
            0.04329728604728604,
            0.05832964257964258,
            0.11030858030858029,
            0.12431963869463868,
            0.2573018648018649
        ],
        [
            0.04991115257291728,
            0.0558177137190295,
            0.08684289686921266,
            0.0345205671521461,
            0.2071078636276004,
            0.01836829836829837,
            0.0089005439005439,
            0.4111855826921618,
            0.05042646405881699,
            0.07691891703927307
        ],
        [
            0.4685578033078033,
            0.0469360778110778,
            0.03165989565989566,
            0.0665197025197025,
            0.030675324675324675,
            0.060113997113997106,
            0.026893939393939394,
            0.011654512154512154,
            0.17868199855699848,
            0.0783067488067488
        ],
        [
            0.07503493565258271,
            0.08897458097458096,
            0.03468986568986569,
            0.11704000901059723,
            0.013955128205128205,
            0.2352383172383172,
            0.05907355552943788,
            0.019698523698523696,
            0.26857347227935463,
            0.08772161172161173
        ],
        [
            0.07355602730602728,
            0.025524642024642025,
            0.03994871648819018,
            0.07331527682843472,
            0.026242367281840963,
            0.4380021922521923,
            0.03047774447774448,
            0.014730592506908297,
            0.21974916749916745,
            0.058453273334852264
        ],
        [
            0.025612665112665117,
            0.12111154531742767,
            0.05527092352092351,
            0.04388467088467088,
            0.07632168648345118,
            0.05791486291486289,
            0.43269922887569956,
            0.04818311263899499,
            0.01040909090909091,
            0.12859221334221332
        ],
        [
            0.05013431013431014,
            0.4233311965811967,
            0.03582550782550783,
            0.08811355311355312,
            0.1074661172161172,
            0.040159923409923415,
            0.1356785714285714,
            0.0306936951936952,
            0.047998556998557,
            0.04059856809856811
        ],
        [
            0.03754584141348847,
            0.025011655011655014,
            0.13236022147786852,
            0.029904761904761906,
            0.22801595463360166,
            0.04302872127872127,
            0.041405094905094905,
            0.20932254346960227,
            0.02900233916410387,
            0.22440286674110207
        ],
        [
            0.02410446906035141,
            0.012069444444444443,
            0.19851470751470754,
            0.013976190476190475,
            0.12618437689761217,
            0.03617551892551893,
            0.028440836940836944,
            0.4563324094206449,
            0.030429487179487184,
            0.07377255914020618
        ],
        [
            0.02373459873459874,
            0.058245282495282484,
            0.06827734254050043,
            0.022256243756243754,
            0.3171452115136326,
            0.04732550782550783,
            0.0441537074037074,
            0.34315484077326175,
            0.018066239316239314,
            0.05764102564102564
        ],
        [
            0.03618650793650793,
            0.07931598956598956,
            0.16591149128649124,
            0.035306360306360314,
            0.0658080114330114,
            0.12284096459096457,
            0.07257323232323232,
            0.05700396825396825,
            0.08418648018648019,
            0.2808669941169941
        ],
        [
            0.023125832500832503,
            0.09465730103230102,
            0.19235034410034405,
            0.0511969696969697,
            0.23135265976713348,
            0.08113214563214564,
            0.06023380785880786,
            0.15941591887644518,
            0.04676569264069263,
            0.0597693278943279
        ],
        [
            0.034002247752247756,
            0.06265967365967365,
            0.06166244866244866,
            0.020114219114219116,
            0.028126123876123878,
            0.5152613497613497,
            0.024883394383394385,
            0.05552053502053502,
            0.08135694860694861,
            0.11641305916305913
        ],
        [
            0.10137300607888843,
            0.012413170163170164,
            0.04711703574203573,
            0.14755640601228837,
            0.06290691253191252,
            0.04388600288600288,
            0.020161227661227663,
            0.09129486200074435,
            0.44228001328736627,
            0.031011363636363636
        ],
        [
            0.2286720289514407,
            0.1193976023976024,
            0.021019341769341768,
            0.2236834823673059,
            0.04867396492396492,
            0.014044483294483297,
            0.14893002259178728,
            0.019068181818181817,
            0.14482380119880114,
            0.03168709068709069
        ],
        [
            0.09579266566766569,
            0.11254779942279942,
            0.027871503496503497,
            0.1931909340659341,
            0.021451381951381947,
            0.09214083139083136,
            0.07742660117660118,
            0.027053391053391055,
            0.24703912753912755,
            0.10548576423576422
        ],
        [
            0.17383830711771892,
            0.11360230863907333,
            0.09196489621489622,
            0.19128990372372723,
            0.03428038628038628,
            0.08980106005106007,
            0.1376626012876013,
            0.012580808080808081,
            0.10809705572205573,
            0.04688267288267288
        ],
        [
            0.0717095682095682,
            0.4526803098861923,
            0.029145548895548896,
            0.16438861138861138,
            0.031329151240915946,
            0.020585858585858582,
            0.12079119246766305,
            0.05001189496777732,
            0.031296425796425796,
            0.028061438561438563
        ],
        [
            0.11072906260406262,
            0.09345743145743145,
            0.0685616883116883,
            0.1552969106057341,
            0.06284256021756021,
            0.129974358974359,
            0.09281673881673878,
            0.03031770435446906,
            0.10489680172768409,
            0.15110674293027235
        ],
        [
            0.04525130833219068,
            0.15154925629925628,
            0.23589171655657723,
            0.05505973193473193,
            0.0878004218004218,
            0.14379864210436963,
            0.05431838831103536,
            0.0453364315423139,
            0.09403214840714838,
            0.0869619547119547
        ],
        [
            0.22422515393103631,
            0.029858155733155735,
            0.030295815295815296,
            0.13570185370185367,
            0.03915656565656566,
            0.045293290043290045,
            0.02658080808080808,
            0.01887189607777843,
            0.39493601414924934,
            0.05508044733044733
        ],
        [
            0.1338375097125097,
            0.09637781662781665,
            0.05029118104118104,
            0.1253551726051726,
            0.04000671550671551,
            0.17749716949716945,
            0.10149578199578199,
            0.011648809523809525,
            0.0992308524808525,
            0.164258991008991
        ],
        [
            0.0566408313908314,
            0.07688214563214564,
            0.06383619158619158,
            0.051101162726162726,
            0.16546829559329557,
            0.10257323232323232,
            0.052889610389610396,
            0.1927351121101121,
            0.11870916583416583,
            0.1191642524142524
        ],
        [
            0.11307256632256628,
            0.05984039979628214,
            0.09713153513153512,
            0.10987053224553221,
            0.09610870502046971,
            0.05683508158508158,
            0.07227733132880189,
            0.09500122508210743,
            0.16204283216783216,
            0.1378197913197913
        ],
        [
            0.015137529137529136,
            0.08646540959040956,
            0.12348785936285933,
            0.043857323232323234,
            0.20504961704961702,
            0.03926018426018427,
            0.03256746031746033,
            0.2540282356532357,
            0.03869755244755245,
            0.16144882894882895
        ],
        [
            0.02366131907308378,
            0.06349900099900098,
            0.13975704279380746,
            0.07080699855699855,
            0.12947576151059123,
            0.033109848484848485,
            0.09905332167832165,
            0.09521709302049858,
            0.07458767784503077,
            0.27083193603781835
        ],
        [
            0.12208566433566431,
            0.03431443556443557,
            0.07797269070798482,
            0.13201434676434678,
            0.11502689793866264,
            0.09963412404588876,
            0.09104377648495296,
            0.09971378621378621,
            0.19084507159507158,
            0.03734920634920635
        ],
        [
            0.08549997224997226,
            0.08241919191919193,
            0.08722097510332802,
            0.05543406593406593,
            0.13907510381775087,
            0.08084956709956709,
            0.02831522644022644,
            0.2187549533799534,
            0.12072272172272172,
            0.10170822233322234
        ],
        [
            0.0039743589743589745,
            0.02908216783216783,
            0.17914131598535626,
            0.006909090909090909,
            0.2926908501715003,
            0.011969251336898395,
            0.07304095904095903,
            0.38379939835706095,
            0.0060116550116550115,
            0.01338095238095238
        ],
        [
            0.02856493506493506,
            0.10020718170718171,
            0.06495559016147251,
            0.0676359653418477,
            0.18415717452482158,
            0.09333459595959596,
            0.2798666782563841,
            0.06595384190972425,
            0.023714285714285716,
            0.09160975135975136
        ],
        [
            0.19029404745581213,
            0.03384206479794715,
            0.05288611388611389,
            0.12758472491560727,
            0.06335059385059384,
            0.05447133422133422,
            0.07085439397204102,
            0.08437142024642023,
            0.27829169931375813,
            0.04405360734037205
        ],
        [
            0.03918037518037518,
            0.46243001443001447,
            0.04063503163503164,
            0.046560828060828056,
            0.03999120324120324,
            0.041950854700854696,
            0.19044910644910648,
            0.035701409701409705,
            0.014719169719169721,
            0.08838200688200688
        ],
        [
            0.016555555555555556,
            0.05408391608391608,
            0.06372029359529358,
            0.014486013986013986,
            0.24054871517371512,
            0.020575757575757577,
            0.03291580641580642,
            0.5242170052170052,
            0.017912087912087912,
            0.014984848484848483
        ],
        [
            0.10230585101173334,
            0.04514199689199689,
            0.09783155733155734,
            0.13596575646575645,
            0.024542243704008405,
            0.07277417027417027,
            0.06179657842157843,
            0.041666878056583936,
            0.27520619658119666,
            0.1427687712614183
        ],
        [
            0.019521167557932262,
            0.05352078477078477,
            0.19589333215803806,
            0.016294372294372292,
            0.28369862735303913,
            0.02390909090909091,
            0.04531367651955886,
            0.242724580974581,
            0.033290849673202616,
            0.08583351778940015
        ],
        [
            0.2006242646242646,
            0.052834942834942854,
            0.02242035742035742,
            0.16666083916083918,
            0.0402016317016317,
            0.03417027417027417,
            0.1450113913863914,
            0.09760008047508048,
            0.18345038295038296,
            0.05702583527583527
        ],
        [
            0.006543803418803419,
            0.08394627594627593,
            0.15806385281385285,
            0.022694444444444444,
            0.2919789099789099,
            0.03913543401043401,
            0.09031274281274282,
            0.25940913253413256,
            0.018833333333333334,
            0.029082070707070713
        ],
        [
            0.036578116328116334,
            0.06380250305250305,
            0.07632428682428682,
            0.0800467163555399,
            0.1066048951048951,
            0.17982084582084581,
            0.036643939393939395,
            0.0679360720978368,
            0.11314567785156021,
            0.23909694717047653
        ],
        [
            0.10421513617101849,
            0.080998001998002,
            0.15380773393273395,
            0.059102078477078476,
            0.1468228519846167,
            0.02863597513597514,
            0.021087856587856592,
            0.23933751297721892,
            0.10931184093684093,
            0.05668101179865886
        ],
        [
            0.04260964035964036,
            0.05367857142857142,
            0.12389282939282938,
            0.18661133311133304,
            0.14323762348762345,
            0.07203571428571429,
            0.26382006882006875,
            0.023617826617826618,
            0.015909090909090907,
            0.07458730158730159
        ],
        [
            0.011605921855921854,
            0.013641196222078577,
            0.08266096403596401,
            0.04758863358863359,
            0.1792435897435897,
            0.028354270729270725,
            0.006820512820512821,
            0.5608450022200023,
            0.003970238095238095,
            0.06526967068878835
        ],
        [
            0.1591675285498815,
            0.10091047841047841,
            0.042048756798756796,
            0.16696941946941946,
            0.03458522033522034,
            0.07745905483405484,
            0.039287962037962046,
            0.04418803418803419,
            0.2988518050576874,
            0.03653174031850503
        ],
        [
            0.037728535353535354,
            0.016377344877344876,
            0.18101867637006955,
            0.0069166666666666664,
            0.18861604670699098,
            0.029932650682650684,
            0.0225,
            0.3600725418802044,
            0.026569444444444444,
            0.130268093018093
        ],
        [
            0.10317726717726718,
            0.08431984681984682,
            0.04120199245199245,
            0.0920197025197025,
            0.0739926184926185,
            0.2541075452325452,
            0.04841100566100565,
            0.06429842379842378,
            0.1921225302475302,
            0.04634906759906759
        ],
        [
            0.04062214582802817,
            0.04905602730602731,
            0.13180264180264178,
            0.030613997113997114,
            0.06697435897435897,
            0.09232539682539682,
            0.16943986568986566,
            0.0406936951936952,
            0.008277777777777778,
            0.3701940934882111
        ],
        [
            0.047756854256854255,
            0.1106938616938617,
            0.08637709512709511,
            0.12604686000274234,
            0.060684065934065924,
            0.06345770895770894,
            0.053760101010101015,
            0.058342102342102346,
            0.1700059066750243,
            0.22287544400044396
        ],
        [
            0.04003052503052503,
            0.0728494503862151,
            0.2159819461584167,
            0.0865261544011544,
            0.1906252148264532,
            0.038159090909090906,
            0.030541125541125546,
            0.20914760385813014,
            0.02836580086580086,
            0.08777308802308802
        ],
        [
            0.12210628260628259,
            0.13689849447937683,
            0.10192608780108778,
            0.06540909090909092,
            0.046328943115707816,
            0.06804087579087578,
            0.06825389643036701,
            0.028334738790621143,
            0.14271099733599735,
            0.21999059274059277
        ],
        [
            0.0773516206016206,
            0.13762687312687313,
            0.09232548007548008,
            0.06487706737706737,
            0.06618337218337218,
            0.16102666777666777,
            0.07047474747474748,
            0.09460725385725385,
            0.1100987345987346,
            0.12542818292818292
        ],
        [
            0.1333996485540603,
            0.06655699855699854,
            0.0439007659007659,
            0.1567261064099299,
            0.04916793174146116,
            0.0668432890638773,
            0.16557030306295012,
            0.02281457431457431,
            0.10311245698745697,
            0.19190792540792537
        ],
        [
            0.07466731307907779,
            0.1618539516039516,
            0.03725407354083825,
            0.1377379981129981,
            0.02283152958152958,
            0.045775324348853765,
            0.09380528295234176,
            0.04090677214941921,
            0.326318506656742,
            0.05884924797424798
        ],
        [
            0.07244338994338993,
            0.09023676323676322,
            0.017782828282828286,
            0.12016674991674992,
            0.012990953490953493,
            0.03775793650793651,
            0.38634912309912317,
            0.012829836829836827,
            0.1674015429015429,
            0.08204087579087577
        ],
        [
            0.25504484486102136,
            0.107589186956834,
            0.033493023316552725,
            0.31264898581810346,
            0.010127095127095125,
            0.04667471417471417,
            0.07749183006535948,
            0.016325757575757577,
            0.0803236763236763,
            0.06028088578088578
        ],
        [
            0.045370781995782,
            0.10656443556443555,
            0.09972581073896863,
            0.046687409812409805,
            0.2865011640406377,
            0.07990151515151515,
            0.05363369963369964,
            0.233578386525755,
            0.02135353535353535,
            0.026683261183261187
        ],
        [
            0.018003357753357756,
            0.034147491397491396,
            0.11826968864468865,
            0.049088578088578104,
            0.1553081363081363,
            0.2606807081807082,
            0.04212709512709512,
            0.07113510101010101,
            0.118779082029082,
            0.1324607614607615
        ],
        [
            0.058566293183940236,
            0.08046482683982684,
            0.040914363414363414,
            0.08445168067226891,
            0.06658008658008657,
            0.4371117354867355,
            0.019678062133944487,
            0.04888629426129425,
            0.10373904281992517,
            0.059607614607614615
        ],
        [
            0.047863303363303376,
            0.046312992562992567,
            0.24812691311956012,
            0.040300949050949046,
            0.20607373263990905,
            0.13632303644068347,
            0.0014285714285714286,
            0.15306636663989603,
            0.09626079476079476,
            0.024243339993339993
        ],
        [
            0.10061374736374734,
            0.09657140082140081,
            0.05617496392496393,
            0.16540992340992336,
            0.015024891774891776,
            0.14681870906870906,
            0.04192540792540793,
            0.002307692307692308,
            0.32605647130647136,
            0.049096792096792095
        ],
        [
            0.07716883116883116,
            0.12832240347371923,
            0.11883270384586173,
            0.09947557048214943,
            0.07151736129367708,
            0.05118065268065268,
            0.04083152958152959,
            0.06333270384586175,
            0.16340838328338325,
            0.185929860344334
        ],
        [
            0.0359911934470758,
            0.09659490509490508,
            0.09925385072443897,
            0.005818181818181818,
            0.046944777444777444,
            0.15223591114767585,
            0.12502719502719503,
            0.0860339366515837,
            0.028312742812742812,
            0.3237873058314234
        ],
        [
            0.28666221115485824,
            0.15073856698856697,
            0.056197552447552444,
            0.1007054685510568,
            0.04154045954045954,
            0.10507123432123432,
            0.10480704426292661,
            0.00938034188034188,
            0.09169260314848553,
            0.05320451770451771
        ],
        [
            0.0811565379065379,
            0.0491963591963592,
            0.06490154290154289,
            0.1644887057387057,
            0.03728510378510379,
            0.07700768675768677,
            0.05912878787878787,
            0.019709457209457208,
            0.38872455322455357,
            0.05840126540126539
        ],
        [
            0.03782399544899545,
            0.046705128205128205,
            0.10846787934287933,
            0.03430765068265069,
            0.15633191516086253,
            0.045000471750471754,
            0.029373543123543122,
            0.4626072706533234,
            0.045289682539682546,
            0.034092463092463096
        ],
        [
            0.046737348178137655,
            0.1317400158321211,
            0.09691935184698344,
            0.02807097069597069,
            0.09460163447663447,
            0.10054026529026527,
            0.28678243832191197,
            0.05537251637251636,
            0.043232295482295485,
            0.11600316350316349
        ],
        [
            0.06643326118326119,
            0.054248491704374055,
            0.0775049395049395,
            0.09275470362970363,
            0.10425904079580552,
            0.05012012987012987,
            0.3324333974848681,
            0.059574554530436884,
            0.06410704573204573,
            0.09856443556443556
        ],
        [
            0.31041242834392985,
            0.051783451026098076,
            0.01642379679144385,
            0.254240914271487,
            0.012644744144744145,
            0.0312769869019869,
            0.019985431235431235,
            0.035846542346542346,
            0.15732813750576907,
            0.11005756743256744
        ],
        [
            0.1700072427572428,
            0.10996413717001952,
            0.04807936507936508,
            0.14757509157509158,
            0.064508769008769,
            0.06107889332889331,
            0.10234315684315684,
            0.04685137085137083,
            0.10464968364968362,
            0.14494228973640735
        ],
        [
            0.05406186868686868,
            0.10152786102786102,
            0.033019924519924526,
            0.040332042957042964,
            0.03898451221980634,
            0.2052403984903985,
            0.25496044723250594,
            0.04527372464137169,
            0.05293452380952382,
            0.17366469641469642
        ],
        [
            0.07696603615682564,
            0.0768717174638227,
            0.11100392413743808,
            0.21223192248927542,
            0.05896978021978022,
            0.06823018648018647,
            0.047812721763960155,
            0.03801821789321789,
            0.2165932678432678,
            0.09330222555222557
        ],
        [
            0.15297116608881314,
            0.06667965367965369,
            0.04347298534798535,
            0.24928436187995007,
            0.08824786324786321,
            0.0759108669108669,
            0.0481437908496732,
            0.09739822677322678,
            0.1373043247602071,
            0.04058676046176046
        ],
        [
            0.3979940162177005,
            0.07161259573759572,
            0.08229165279165279,
            0.0294280303030303,
            0.017521967798283588,
            0.06459271284271283,
            0.07375899100899101,
            0.011095238095238096,
