[
    {
        "accuracy": 0.64,
        "classification_report": "              precision    recall  f1-score   support\n\n           0       0.64      0.45      0.53        20\n           1       0.82      0.45      0.58        20\n           2       0.76      0.65      0.70        20\n           3       0.57      0.60      0.59        20\n           4       0.65      0.55      0.59        20\n           5       0.90      0.90      0.90        20\n           6       0.62      0.75      0.68        20\n           7       0.67      0.70      0.68        20\n           8       0.42      0.85      0.57        20\n           9       0.67      0.50      0.57        20\n\n    accuracy                           0.64       200\n   macro avg       0.67      0.64      0.64       200\nweighted avg       0.67      0.64      0.64       200\n",
        "y_score": [
            [
                0.0416435446511663,
                0.045459092641392945,
                0.015966900356513467,
                0.05548702446122904,
                0.037408732451534144,
                0.2015350907151526,
                0.012194279922982562,
                0.055506542076116015,
                0.4220019398893627,
                0.11279685283455053
            ],
            [
                0.048209042067284005,
                0.07429297351134496,
                0.04540559687531984,
                0.05095790858111693,
                0.16152719494225865,
                0.01930528020985547,
                0.0372753090416972,
                0.00841092583596028,
                0.006051011568043425,
                0.5485647573671195
            ],
            [
                0.05600991075138121,
                0.23439079339842425,
                0.046375914363207905,
                0.026611094700392243,
                0.1387242327525102,
                0.13373314284348434,
                0.015331474771284237,
                0.07542782792994993,
                0.12991085873229952,
                0.14348474975706602
            ],
            [
                0.029476258884258786,
                0.03569886423651951,
                0.03209199896452885,
                0.020304884154773915,
                0.07300184392288774,
                0.4306897365083191,
                0.00904692884492819,
                0.022151638466617326,
                0.3026554338312482,
                0.04488241218591875
            ],
            [
                0.09152786789936794,
                0.20324880158521455,
                0.045257582129216246,
                0.18837534818862106,
                0.03680006796814787,
                0.05252787524514855,
                0.011805569616907784,
                0.057047484894586616,
                0.27511047998179083,
                0.03829892249099882
            ],
            [
                0.008046981240694544,
                0.01718733043864634,
                0.04925812981338891,
                0.054330137953744397,
                0.11317539210479378,
                0.002608788893204079,
                0.6779441657666663,
                0.01882984520092795,
                0.0026591413531372498,
                0.05596008723479677
            ],
            [
                0.03325539010314228,
                0.06360267131080434,
                0.10554703781347921,
                0.0314489056295864,
                0.1627683428091072,
                0.07575936946618239,
                0.011377559362382612,
                0.11775202622239116,
                0.15732872219199337,
                0.24115997509093126
            ],
            [
                0.0014007275119895365,
                0.014320982314650262,
                0.6973971051888005,
                0.005412663718074247,
                0.1374047398389949,
                0.006068495784777565,
                0.005652327603555635,
                0.12370686496926063,
                0.0026541577785605154,
                0.005981935291336154
            ],
            [
                0.0031360157398122187,
                0.01287299521792874,
                0.22192684893515463,
                0.021202598469227854,
                0.6616342089893495,
                0.0026809540430103016,
                0.02496157824734109,
                0.03948733446819935,
                0.0006172590117076254,
                0.011480206878269145
            ],
            [
                0.06425517196802422,
                0.02284615075524458,
                0.03285021103157601,
                0.01160805275996252,
                0.0035077772773753836,
                0.8137921487379273,
                0.011177018439555514,
                0.004447051501280289,
                0.012920137629109277,
                0.02259627989994507
            ],
            [
                0.39750350905892257,
                0.06817292355312826,
                0.007211206894500245,
                0.18375912894325144,
                0.029764218859658853,
                0.0073084518984829145,
                0.13395142041971458,
                0.006289320168134184,
                0.006377248690192953,
                0.1596625715140144
            ],
            [
                0.12667691874261405,
                0.31684526905800753,
                0.013438353805370774,
                0.180643731638258,
                0.18627614626772154,
                0.015764649249154786,
                0.03960428046805457,
                0.013194858766796184,
                0.012397209419393568,
                0.0951585825846297
            ],
            [
                0.12631872227930435,
                0.07742277911654986,
                0.0385418857679947,
                0.13041295922716484,
                0.08711283707550715,
                0.03089220334807499,
                0.014682826951110974,
                0.08748774017901105,
                0.2954157441894076,
                0.11171230186587469
            ],
            [
                0.16319419316770128,
                0.02775906990459934,
                0.003128671689851401,
                0.07445959243767307,
                0.01569247603569767,
                0.009155804298052612,
                0.005167768249267844,
                0.0065950930114697486,
                0.6416809852646498,
                0.05316634594103727
            ],
            [
                0.12494411736840129,
                0.30096390847045595,
                0.01939067740598947,
                0.2685824950201213,
                0.0236649726853858,
                0.025832473595677995,
                0.007649327796970204,
                0.023712508542396604,
                0.003184115689204522,
                0.2020754034253971
            ],
            [
                0.03989015300888077,
                0.07062370468575514,
                0.023265148326783523,
                0.5542199824937205,
                0.03498951670003052,
                0.0035176521658778085,
                0.219228647323536,
                0.004104785905668913,
                0.0066201265594159125,
                0.043540282830330866
            ],
            [
                0.12560506925222556,
                0.13705414055957127,
                0.010622012389734033,
                0.058451384403202834,
                0.02370541952126114,
                0.07123263537041888,
                0.007580556800334575,
                0.01880626385651427,
                0.4832007057903189,
                0.06374181205641892
            ],
            [
                0.09048632407013119,
                0.01696771896485383,
                0.06403195305049322,
                0.01702511280885894,
                0.02210679331601558,
                0.7078089829780095,
                0.007871489009614565,
                0.017447262850717855,
                0.016204579040064112,
                0.04004978391124109
            ],
            [
                0.14361018685475208,
                0.043664851913317544,
                0.006812251336634942,
                0.0846842224221459,
                0.023340643154597843,
                0.04723516845922603,
                0.007487470882918344,
                0.04827580648076626,
                0.4686561285907708,
                0.12623326990487033
            ],
            [
                0.014039537323858984,
                0.14409303928347916,
                0.17990326589052544,
                0.00986182311608557,
                0.009332565416565419,
                0.004091027899788408,
                0.5248427691832771,
                0.006402222116616317,
                0.003441495294895706,
                0.10399225447490779
            ],
            [
                0.006168818634173475,
                0.020117786620056453,
                0.5490234790833051,
                0.02087591325011406,
                0.07383823971633591,
                0.03103780287202031,
                0.007681315092670083,
                0.22292744737047937,
                0.027025171640609736,
                0.041304025720235955
            ],
            [
                0.24004426509313695,
                0.1212236809619631,
                0.006872599635889555,
                0.10135631909857978,
                0.05083104257842856,
                0.010335171222999935,
                0.3738654463140406,
                0.010819765503777392,
                0.004015397945353279,
                0.08063631164583045
            ],
            [
                0.11162129729906634,
                0.030114724800855554,
                0.012183444215177214,
                0.8134588651086161,
                0.0018618758597223838,
                0.0018856044925163557,
                0.003902704421068604,
                0.0030769857827015914,
                0.002333451191392029,
                0.019561046828884047
            ],
            [
                0.003633352282605469,
                0.09062801412795957,
                0.6975063921478482,
                0.0015995322267392273,
                0.0612952486000544,
                0.005398811060304949,
                0.07503864249407259,
                0.011042401115475942,
                0.0013355911644905105,
                0.05252201478044935
            ],
            [
                0.9405557488541308,
                0.004762795044006546,
                0.0003345685072361975,
                0.03313294153157389,
                0.004119874324807807,
                0.0008651030221774016,
                0.0021237618427287436,
                0.0006390934463677373,
                0.011330439467089027,
                0.0021356739598813648
            ],
            [
                0.010351424820095281,
                0.8511451471007389,
                0.023865949780028317,
                0.009037381909350948,
                0.021684595436665316,
                0.002242470905931559,
                0.033209468827619174,
                0.014552147877686106,
                0.0015707701121030551,
                0.03234064322978091
            ],
            [
                0.07154154861653816,
                0.027574570462942833,
                0.09017768891755226,
                0.047500501819326885,
                0.11024102356646158,
                0.06826491880827155,
                0.01274391663402361,
                0.13057649974487678,
                0.4105452353139319,
                0.030834096116074027
            ],
            [
                0.5212875607413714,
                0.038031044296311274,
                0.025561642797116816,
                0.07602253041592946,
                0.010823783966339916,
                0.14979540583300896,
                0.006882247796162398,
                0.011197250720855836,
                0.11047915548041079,
                0.04991937795249312
            ],
            [
                0.05707149511178706,
                0.055750115472987825,
                0.04624001360932967,
                0.07489121640720768,
                0.09211184336683681,
                0.2913934626565783,
                0.01906677959445298,
                0.10227187472660645,
                0.17504495293451347,
                0.08615824611969997
            ],
            [
                0.018002293447209796,
                0.08623756748188625,
                0.033908427565635876,
                0.029600198516321452,
                0.04230000796325303,
                0.6204646735294512,
                0.008630961546433039,
                0.04128264702287499,
                0.06696816082370699,
                0.05260506210322698
            ],
            [
                0.012189389569170088,
                0.05214650298738051,
                0.048186759988206374,
                0.23610324263185822,
                0.055598823196974914,
                0.003956883293834969,
                0.5552220282074676,
                0.007078420954620044,
                0.003487375698643696,
                0.026030573471842962
            ],
            [
                0.0003924093035609095,
                0.011906523856736828,
                0.8973239215838298,
                0.0010073582032652955,
                0.014169511353932776,
                0.0006636153206279544,
                0.06433238129548967,
                0.00563880142466789,
                0.00017204287157667554,
                0.004393434786312084
            ],
            [
                0.008190380023071594,
                0.0406276979287732,
                0.14780098819784743,
                0.029666505383585864,
                0.10755065491535103,
                0.37016943636025834,
                0.0157276228930992,
                0.11962283921982499,
                0.017882897609567756,
                0.14276097746862063
            ],
            [
                0.6190923828872085,
                0.028556747574945276,
                0.023827758046509957,
                0.13260483962391287,
                0.13571226437360828,
                0.006396000468710058,
                0.01778080613093859,
                0.010455256783844425,
                0.007451895249985944,
                0.01812204886033599
            ],
            [
                0.001942013894018332,
                0.9681941110489017,
                0.0005180104349538809,
                7.825134626303357e-05,
                0.007595588889956556,
                0.004750039758274944,
                0.0025532962535429666,
                0.0006374155195982979,
                0.0010654336526557313,
                0.012665839201834542
            ],
            [
                0.015179303993470195,
                0.09849878821766503,
                0.011067891196323624,
                0.13212520837463151,
                0.16819703696037072,
                0.0052938043493403275,
                0.4638229010069475,
                0.00992790873988828,
                0.0040631326541608155,
                0.09182402450720194
            ],
            [
                0.0020453899116478803,
                0.03601449353582864,
                0.021036994317223695,
                0.005235257657647975,
                0.0636655653858388,
                0.002150603392852594,
                0.14079286077382652,
                0.006337214855073481,
                0.0015278668773521873,
                0.721193753292708
            ],
            [
                0.0115710957273106,
                0.019113794831550013,
                0.2537779508036157,
                0.009969302927380401,
                0.1833738734607542,
                0.008533826934305749,
                0.005455357633637714,
                0.4887385443028344,
                0.010102062141941088,
                0.009364191236669752
            ],
            [
                0.0020778897002444287,
                0.13826391581927824,
                0.5097103995854602,
                0.002009966251346397,
                0.02556406582096237,
                0.005974626063374214,
                0.28413196911026495,
                0.007926147308360129,
                0.0006750321804118231,
                0.023665988160297212
            ],
            [
                0.5467584950830228,
                0.056447393853149654,
                0.0009355605198568615,
                0.2798929441768719,
                0.01448071327238199,
                0.004380018126084864,
                0.03487590917378091,
                0.002313312258087311,
                0.036445170768358785,
                0.02347048276840464
            ],
            [
                0.05329229921371151,
                0.06506082189914335,
                0.018544244476792777,
                0.2873262791982067,
                0.08050667298379928,
                0.02108228738946119,
                0.008634348295458907,
                0.061192746860909364,
                0.342287912815775,
                0.06207238686674196
            ],
            [
                0.11296870499095478,
                0.03243249407927672,
                0.005360461947924578,
                0.10284678166931395,
                0.011682121495458987,
                0.010845888427847667,
                0.012550382697033065,
                0.05047018498089129,
                0.45655732292663637,
                0.20428565678466282
            ],
            [
                0.016073637320995534,
                0.0190149343925781,
                0.05458935851390299,
                0.04465197612517043,
                0.21834343353671026,
                0.01090023074040253,
                0.006234241927149991,
                0.5800552145964819,
                0.019751160841791033,
                0.03038581200481751
            ],
            [
                0.7214606120229899,
                0.0241671404245086,
                0.00614164291829289,
                0.04914041259385367,
                0.009985930478780693,
                0.014036733649389106,
                0.005201263227407761,
                0.013561222618630039,
                0.1375774922030214,
                0.01872754986312619
            ],
            [
                0.0706381741486178,
                0.10003041539170646,
                0.011420041716549333,
                0.11328861087146269,
                0.02393591937337007,
                0.3554146655484465,
                0.009413544832132395,
                0.03864276043640905,
                0.22434887890108457,
                0.052866988780221336
            ],
            [
                0.02849039094915883,
                0.01737869952387728,
                0.015521749189368678,
                0.022262696852307716,
                0.021429537287119903,
                0.6477632498656365,
                0.008816041690198008,
                0.025793512802361803,
                0.18794301874094102,
                0.024601103099030613
            ],
            [
                0.0018075332002409816,
                0.016891620291033967,
                0.015537914500815408,
                0.015369763095885293,
                0.03628769306009883,
                0.0028849906272578906,
                0.8652167439241544,
                0.004148930387871371,
                0.0012597122710232042,
                0.04059509864161849
            ],
            [
                0.008593754048778225,
                0.9333879686114653,
                0.00466842207111351,
                0.013206255062168517,
                0.011282214670699935,
                0.0011125071838103914,
                0.01235196626746176,
                0.004525621781490268,
                0.0017023513188890223,
                0.00916893898412294
            ],
            [
                0.002822502079900036,
                0.04041114262993302,
                0.14745739829984494,
                0.01046026218806288,
                0.3092616496555488,
                0.0021763000069947177,
                0.19261502015477833,
                0.03614376141870916,
                0.0030988701022940635,
                0.2555530934639338
            ],
            [
                0.0019081186061828334,
                0.0044297678567839305,
                0.03293639985654793,
                0.0059897821415454645,
                0.10160577626031869,
                0.0014136074629486376,
                0.01299994333494222,
                0.8313937394772021,
                0.0005446061729814717,
                0.006778258830546941
            ],
            [
                0.004111729589163223,
                0.019257975568804857,
                0.018005658417656896,
                0.004199167693629238,
                0.9088638904507169,
                0.002117275817102237,
                0.007208898424233857,
                0.02358460874403148,
                0.0005430066748580055,
                0.012107788619802697
            ],
            [
                0.023623906960492182,
                0.06181392038957848,
                0.28211347144317384,
                0.038998694907985326,
                0.09733597662202977,
                0.07336297613746898,
                0.02431289283321774,
                0.14110695331989742,
                0.05006058868104305,
                0.20727061870511376
            ],
            [
                0.0035502414503939925,
                0.016207463811707033,
                0.12157381211563954,
                0.010050920628918275,
                0.7354496490933988,
                0.0026948082937534256,
                0.03673439854045902,
                0.06214975166627999,
                0.0005884604581955203,
                0.011000493941254333
            ],
            [
                0.01871936982373137,
                0.07382369860210203,
                0.02820162548022244,
                0.021593449448021076,
                0.03093475146570426,
                0.5613260751281094,
                0.011866320838856885,
                0.08386509155550717,
                0.05331953245357274,
                0.11635008520417205
            ],
            [
                0.11696894712906632,
                0.008199547823437812,
                0.004997182236358295,
                0.1128655517032788,
                0.021707560169058494,
                0.008008070292200435,
                0.004784486198120039,
                0.025826640951447127,
                0.6849805427067172,
                0.011661470790315156
            ],
            [
                0.09272558473773394,
                0.2733838169906019,
                0.016542590536344513,
                0.1555908985303153,
                0.07301029690271679,
                0.01169451555739782,
                0.31096077900770475,
                0.005037602430368228,
                0.004468492650140171,
                0.056585422656676536
            ],
            [
                0.048370863228739014,
                0.05918558586962055,
                0.026382146163586605,
                0.36233028393849187,
                0.024764883711585715,
                0.026104602748194428,
                0.015042902416323427,
                0.029904596922222,
                0.1764992559227667,
                0.23141487907847033
            ],
            [
                0.03290772770046572,
                0.28564676776175535,
                0.22598911655542162,
                0.039584813990440754,
                0.015078199306872982,
                0.0069276368953591575,
                0.32975500426709614,
                0.013408984304503553,
                0.010149773818290419,
                0.04055197539979469
            ],
            [
                0.022777851921147108,
                0.5465167872333759,
                0.007832792875118916,
                0.18497764508253756,
                0.024147448902224398,
                0.003433699055517829,
                0.18008546627425784,
                0.006519332814493089,
                0.00439683317817208,
                0.019312142663155233
            ],
            [
                0.1488190023238781,
                0.064334247780534,
                0.08056180177551457,
                0.32078058254781106,
                0.021299620391429085,
                0.13364979188882067,
                0.009803430981230868,
                0.013408281394930565,
                0.10709077715094871,
                0.10025246376490292
            ],
            [
                0.11700244841195487,
                0.19781851712204612,
                0.059206884594094324,
                0.08956165799798375,
                0.07716237953709318,
                0.07546618403823548,
                0.01575002231432315,
                0.05654538138247127,
                0.2564869357725829,
                0.054999588829214914
            ],
            [
                0.26883781942356677,
                0.030866934565483267,
                0.009616562316952085,
                0.10643134147103059,
                0.04149670052040641,
                0.03495553831999796,
                0.011697943697423595,
                0.06061874349055975,
                0.39627281281847776,
                0.039205603376102106
            ],
            [
                0.19714834662589006,
                0.04782538766249185,
                0.06762210948544319,
                0.04899571969993509,
                0.015016519648067063,
                0.4580035977899945,
                0.0105171718387099,
                0.006731673125418572,
                0.13085557092100839,
                0.017283903203040896
            ],
            [
                0.05311612991110037,
                0.07251691347620395,
                0.055009975939616734,
                0.09765526469142063,
                0.11927248664600998,
                0.06534028760213588,
                0.014374093685841943,
                0.23331974856035506,
                0.14274049712328576,
                0.14665460236402958
            ],
            [
                0.07086981256090578,
                0.06070152482173599,
                0.05111549832670369,
                0.09778472824351411,
                0.10279599790922285,
                0.030250732664909137,
                0.01188924337377776,
                0.13139992338699139,
                0.2682778608290387,
                0.1749146778832006
            ],
            [
                0.010244603802175189,
                0.12382080036794438,
                0.004729514079806514,
                0.0017205702838744103,
                0.7606509662042633,
                0.005312215168378399,
                0.004863836938508045,
                0.008035363622660245,
                0.0014319331887268558,
                0.0791901963436627
            ],
            [
                0.01530818330318657,
                0.060567037566129765,
                0.10411879597227448,
                0.028814962911298928,
                0.08458384555550835,
                0.03783211455147477,
                0.012768983221140529,
                0.18483590976834927,
                0.05368093763750445,
                0.4174892295131326
            ],
            [
                0.11962530473769968,
                0.052251381758813734,
                0.03392001954658994,
                0.0703570706949017,
                0.09884171387861357,
                0.14796426664399015,
                0.01049782425577871,
                0.08928128026561834,
                0.34933230953681116,
                0.02792882868118364
            ],
            [
                0.03365121277430663,
                0.13624343411364548,
                0.027283049025831025,
                0.08093197081923136,
                0.12838027163403284,
                0.03932034031388719,
                0.017897516701447517,
                0.15406110754967725,
                0.07947387747311056,
                0.30275721959483065
            ],
            [
                0.001462416372427957,
                0.004321373311231416,
                0.232480793834098,
                0.002344280286734796,
                0.2837791033950286,
                0.0029330893094340208,
                0.004409335365437809,
                0.46218520871306573,
                0.0022880952434457865,
                0.003796304169095599
            ],
            [
                0.018259270050272988,
                0.19593871396198537,
                0.008677826673878815,
                0.03887025764158927,
                0.11987840317430766,
                0.009827619201014555,
                0.5409514705133878,
                0.006205112525166543,
                0.001816596220113869,
                0.059574730038282515
            ],
            [
                0.13401032579276073,
                0.023521992708764903,
                0.009592467918214914,
                0.054053788658606716,
                0.04123783499766922,
                0.031690933968298446,
                0.014846883387165789,
                0.0467384948952067,
                0.6057170699622197,
                0.03859020771109295
            ],
            [
                0.007328097883270441,
                0.8375271690413568,
                0.014706276076654801,
                0.017785246915876747,
                0.01892942224752234,
                0.0026276380332922534,
                0.062156400707560316,
                0.009248401547689793,
                0.0013726438662480555,
                0.028318703680528582
            ],
            [
                0.003241276156458662,
                0.01081071689587226,
                0.004929320446885937,
                0.005507607827708282,
                0.10140406058796005,
                0.000482903170179091,
                0.00914401632190047,
                0.8620416774313777,
                0.0008919232945429499,
                0.0015464978671152153
            ],
            [
                0.03547245951731373,
                0.03008729210892908,
                0.11590897222484482,
                0.06986640522969123,
                0.07986082138205242,
                0.03972854984292174,
                0.011872808803843756,
                0.053905579282451814,
                0.23673160344672647,
                0.32656550816122465
            ],
            [
                0.07166365529795896,
                0.045378903367157365,
                0.045423191854393356,
                0.014232222367823138,
                0.34254262136289404,
                0.02166689462170095,
                0.012429488280611755,
                0.3495943522633321,
                0.06646413915896932,
                0.030604531425159193
            ],
            [
                0.4078174785939719,
                0.1156017763296712,
                0.0027407582061195596,
                0.32369347369429813,
                0.0368315984536261,
                0.009665710754659388,
                0.06540050341597767,
                0.006596915872000896,
                0.016313135006236865,
                0.015338649673438606
            ],
            [
                0.011357527850693609,
                0.025856962106981046,
                0.13966637897133233,
                0.019973523104557203,
                0.18926623927591127,
                0.037741193935092024,
                0.012740455027146476,
                0.5127871532595281,
                0.023133528906329553,
                0.02747703756242862
            ],
            [
                0.055200780289902884,
                0.17381133395027648,
                0.026477608836245916,
                0.03039434931162693,
                0.20175044630514163,
                0.06200028780359317,
                0.007767554230897602,
                0.0730689643844044,
                0.18937317385303654,
                0.1801555010348744
            ],
            [
                0.019521275915650223,
                0.041648398500041484,
                0.20140249621206177,
                0.09244189340189195,
                0.0803686482233578,
                0.02763054638013392,
                0.011198831462260517,
                0.4611664431939199,
                0.031677145344637406,
                0.03294432136604475
            ],
            [
                0.010014944294299853,
                0.004893540304715438,
                0.019244063652602738,
                0.9140798206095471,
                0.004962941251031998,
                0.0017170427361349913,
                0.03746983983220153,
                0.0023696456924568784,
                0.0011955477373860664,
                0.004052613889623347
            ],
            [
                0.016650429659720467,
                0.017078440957791024,
                0.014483864871420102,
                0.011199240247935586,
                0.09890357789872044,
                0.0011463610828043916,
                0.010870241278811857,
                0.8133653178089094,
                0.0012854543963375163,
                0.015017071797549547
            ],
            [
                0.11492354945074688,
                0.0737461588809321,
                0.020794556447046125,
                0.12661157428135789,
                0.043093878823935235,
                0.053397203480808675,
                0.01067185522845724,
                0.0794452641073925,
                0.45110684000326534,
                0.02620911929605784
            ],
            [
                0.007341050503665283,
                0.009151452111241971,
                0.1490921108358437,
                0.011988205368986189,
                0.7141976350308965,
                0.001460759817780497,
                0.01979293546212052,
                0.06864198256827854,
                0.0009661581268837298,
                0.01736771017430346
            ],
            [
                0.03606358099182311,
                0.0683146204906241,
                0.008706832517741304,
                0.04316156213473481,
                0.01825741849572822,
                0.6280222707317179,
                0.012941656409741068,
                0.028606399111971985,
                0.11325643526192865,
                0.04266922385398875
            ],
            [
                0.0030487299673465466,
                0.032463768307941517,
                0.1006423782778072,
                0.014829637665192456,
                0.13682861141417366,
                0.005683905619981619,
                0.3266920326376253,
                0.018399625826037845,
                0.004414784338188387,
                0.3569965259457053
            ],
            [
                0.08558145686291939,
                0.1367733065375943,
                0.016870691713908963,
                0.18465685389898628,
                0.05737901406630769,
                0.04567031880498609,
                0.014209193815607351,
                0.0795636981328432,
                0.23969037014650885,
                0.1396050960203385
            ],
            [
                0.013963710636174916,
                0.04408870581366938,
                0.14317992589616627,
                0.022504384518800026,
                0.6601268576650773,
                0.0019323549816093104,
                0.020544359716299795,
                0.07908227770064302,
                0.001542624625761301,
                0.013034798445798326
            ],
            [
                0.03748830483699314,
                0.28223379587578235,
                0.06730126590298958,
                0.019332205023558476,
                0.058346129233735805,
                0.06382764282513145,
                0.017016288798796825,
                0.1225804944491558,
                0.09603075427264363,
                0.23584311878121283
            ],
            [
                0.059713352254708404,
                0.08733272342026822,
                0.013436083790216158,
                0.01348966727612867,
                0.03702759048810504,
                0.2621768274138854,
                0.00794196069994544,
                0.016642441521784856,
                0.4650268925841837,
                0.037212460550774436
            ],
            [
                0.00779350289385129,
                0.07895614968697649,
                0.019714337424346487,
                0.049477528178296475,
                0.03340150576961331,
                0.004277092617707779,
                0.6362249198611747,
                0.005951537463687817,
                0.005266571933854034,
                0.15893685417049205
            ],
            [
                0.0913435908901894,
                0.14692821069749795,
                0.028262103044774067,
                0.1364314187749271,
                0.02724873235282323,
                0.04507235544082585,
                0.03953284317899338,
                0.03926309106962141,
                0.3806974716135439,
                0.06522018293680391
            ],
            [
                0.004953323280675906,
                0.01318209298499262,
                0.018015556793103342,
                0.04029483338677581,
                0.02026209797159681,
                0.005131596045822807,
                0.8705287061775192,
                0.004057082164094095,
                0.0017330868440192202,
                0.0218416243514005
            ],
            [
                0.28397269048783164,
                0.033683072463563835,
                0.0026669313750245626,
                0.6482776267171874,
                0.0011638720185886185,
                0.0011824400732554534,
                0.002615420882519537,
                0.0027649619186103365,
                0.005499606105013884,
                0.018173377958404575
            ],
            [
                0.005307739828607729,
                0.014932552460459533,
                0.0895701853689549,
                0.02384192502339688,
                0.6974229460968232,
                0.0013055361638589585,
                0.08436073808007928,
                0.03461459335085344,
                0.005143542063574838,
                0.04350024156339084
            ],
            [
                0.0071744463293936115,
                0.06027626860081485,
                0.021130119197620326,
                0.0024651278423957184,
                0.02829945397152311,
                0.7847864699293225,
                0.006933348091739388,
                0.010794148590377044,
                0.050774114599890355,
                0.027366502846923272
            ],
            [
                0.029918955389209047,
                0.08966609939436114,
                0.02822031304744319,
                0.10736332436976036,
                0.02197244226697947,
                0.5064247313648343,
                0.012016821243285642,
                0.05568525681855927,
                0.08525333175897873,
                0.06347872434658886
            ],
            [
                0.004243856435030425,
                0.013166866064042276,
                0.5682688277536351,
