[
    {
        "accuracy": 0.805,
        "classification_report": "              precision    recall  f1-score   support\n\n           0       0.88      0.95      0.91        44\n           1       0.57      0.81      0.67        21\n           2       0.54      0.90      0.68        21\n           3       0.95      0.73      0.83       114\n\n    accuracy                           0.81       200\n   macro avg       0.73      0.85      0.77       200\nweighted avg       0.85      0.81      0.81       200\n",
        "y_score": [
            [
                8.975948339937925e-06,
                0.00287922599877081,
                0.0023579822110091847,
                0.9947538158418802
            ],
            [
                0.00028198573062786686,
                0.017064610666987737,
                0.014265746161595963,
                0.9683876574407885
            ],
            [
                5.8035604578097996e-05,
                0.0003571989318256528,
                0.7137539330691064,
                0.28583083239448986
            ],
            [
                0.00024332858512128333,
                0.023471142825829655,
                0.003347391757633778,
                0.9729381368314151
            ],
            [
                0.00017440776858511259,
                0.022165798265550405,
                0.002851214945055698,
                0.9748085790208091
            ],
            [
                0.0010402145512177507,
                0.002861455421279277,
                0.36513886213880586,
                0.6309594678886974
            ],
            [
                0.004276248743184558,
                0.37692563816510255,
                0.010542625392586227,
                0.6082554876991266
            ],
            [
                3.2906332843680205e-06,
                0.00010355797886647275,
                0.0031221444472248243,
                0.9967710069406244
            ],
            [
                0.000713577260734513,
                0.08132274897087419,
                0.006520756444038287,
                0.911442917324353
            ],
            [
                0.01205956801011155,
                0.9364480598726559,
                0.0018467236791598945,
                0.04964564843807245
            ],
            [
                0.00016756107449093929,
                0.00018106602397977242,
                0.9423315026492148,
                0.05731987025231454
            ],
            [
                0.9997605696534215,
                2.3239119893569245e-07,
                3.9800336289522066e-05,
                0.0001993976190898637
            ],
            [
                0.018534456820149186,
                0.68464875631818,
                0.007409098185771364,
                0.2894076886758996
            ],
            [
                3.4354969346650083e-07,
                4.261041822775845e-07,
                5.555655433590141e-07,
                0.9999986747805809
            ],
            [
                0.00014426556030428688,
                0.00032589369125829063,
                0.29048768486943,
                0.709042155879007
            ],
            [
                0.9987286459907513,
                0.00046353840198185773,
                0.00040952248294355337,
                0.0003982931243232715
            ],
            [
                0.001675091266854019,
                0.7077968208401377,
                0.0011212798520005421,
                0.28940680804100793
            ],
            [
                0.003437658026095659,
                0.9700981452812625,
                0.00040653304150311626,
                0.026057663651138336
            ],
            [
                0.39681152684992105,
                0.5920391795678723,
                0.0022488710706703827,
                0.008900422511536424
            ],
            [
                1.0757718248690067e-05,
                0.001415491804323797,
                0.0049970167790413045,
                0.9935767336983866
            ],
            [
                2.0160959739127995e-07,
                2.343331371030003e-07,
                3.1882260457032863e-07,
                0.999999245234661
            ],
            [
                0.07715206126558735,
                0.8905449910884178,
                0.0012796780649275035,
                0.03102326958106762
            ],
            [
                0.46776534686999816,
                0.07439927702578683,
                0.04175111967405282,
                0.4160842564301623
            ],
            [
                3.38505636184805e-05,
                3.611887217171708e-05,
                0.9926964716456319,
                0.007233558918577701
            ],
            [
                0.0001679621846921515,
                0.00031683970890404616,
                0.3621576537731359,
                0.6373575443332683
            ],
            [
                1.048735213292705e-06,
                1.7504216913719904e-06,
                1.7889219705402154e-06,
                0.9999954119211248
            ],
            [
                0.0002880876899120796,
                0.00855616921710442,
                0.014904715512329582,
                0.9762510275806537
            ],
            [
                0.9837214927965642,
                0.013304971927509655,
                0.0007010615446492887,
                0.0022724737312768135
            ],
            [
                1.1922304599828848e-06,
                0.0013555897952229978,
                0.0003034937371950915,
                0.9983397242371218
            ],
            [
                0.965889990918215,
                0.027223932728840033,
                0.0009738928548029589,
                0.005912183498142002
            ],
            [
                0.9924051852196831,
                0.006339401045198435,
                0.000441148161734879,
                0.0008142655733835051
            ],
            [
                0.22399935531073156,
                0.04614726488081212,
                0.012797997324929852,
                0.7170553824835265
            ],
            [
                2.9627556020617775e-05,
                0.0002020855100652841,
                0.8164798059605842,
                0.18328848097332984
            ],
            [
                0.02494064547677718,
                0.04847333161760242,
                0.3851476159890973,
                0.5414384069165232
            ],
            [
                0.09885301698549397,
                0.14617596467269664,
                0.01653881994731329,
                0.738432198394496
            ],
            [
                2.9158128032793858e-05,
                0.006373928052711747,
                0.001929466133492194,
                0.9916674476857633
            ],
            [
                2.1021971866169976e-06,
                0.0021038142753839473,
                0.000401977660713001,
                0.9974921058667164
            ],
            [
                0.013805962997925556,
                0.03274151804501172,
                0.14364619690681713,
                0.8098063220502453
            ],
            [
                0.2764419200327166,
                0.337411545506766,
                0.007992144269640983,
                0.3781543901908765
            ],
            [
                0.08588160881992364,
                0.08075700459019565,
                0.12117869259317332,
                0.7121826939967076
            ],
            [
                0.009959454843096007,
                0.2579577509644247,
                0.010124524381749926,
                0.7219582698107292
            ],
            [
                0.0008092096625792697,
                0.00965850984374972,
                0.20413273690621128,
                0.7853995435874598
            ],
            [
                0.006288070968950607,
                0.07390336365833695,
                0.011618280756433437,
                0.9081902846162793
            ],
            [
                0.002542314951957595,
                0.0034573192793911998,
                0.4759024822980774,
                0.5180978834705734
            ],
            [
                0.792971781586273,
                0.19304299728160604,
                0.0030020067227132024,
                0.010983214409407803
            ],
            [
                0.0005369966450501322,
                0.004756166097007413,
                0.12945790903313664,
                0.8652489282248058
            ],
            [
                0.0017160008989078018,
                0.39773657643144406,
                0.015820364556926404,
                0.5847270581127214
            ],
            [
                5.5076863798126464e-05,
                0.010054668170561444,
                0.0021250581965274666,
                0.9877651967691128
            ],
            [
                0.0018577641654521737,
                0.6302798142410411,
                0.0052653517135750495,
                0.3625970698799318
            ],
            [
                0.0037183587720711385,
                0.006564497349836379,
                0.48158742097812335,
                0.508129722899969
            ],
            [
                0.5432596888615296,
                0.137415795405858,
                0.01816976112593005,
                0.3011547546066822
            ],
            [
                1.1665748393181116e-05,
                0.0032863924998052124,
                0.0032967036293279715,
                0.9934052381224736
            ],
            [
                0.0001304485434354997,
                0.0002581329281218529,
                0.2694600948208941,
                0.7301513237075482
            ],
            [
                0.3749195263746927,
                0.40039385431537367,
                0.023305438334683785,
                0.20138118097525007
            ],
            [
                0.9999680963109133,
                1.049041051718946e-05,
                1.4026150642978254e-05,
                7.387127926602248e-06
            ],
            [
                0.00039620811012710985,
                0.023655714397976434,
                0.005324436322814634,
                0.9706236411690816
            ],
            [
                0.008312187648097798,
                0.013873968834905385,
                0.4533395716158595,
                0.5244742719011373
            ],
            [
                1.404631827867656e-06,
                2.6526066528108248e-05,
                0.002035199430400378,
                0.9979368698712439
            ],
            [
                0.19432875911642356,
                0.14650029000519896,
                0.08615966392545851,
                0.5730112869529187
            ],
            [
                1.5036513668778769e-06,
                1.7024774765681379e-06,
                2.3568137384119732e-06,
                0.9999944370574181
            ],
            [
                0.0004669407465195233,
                0.00348152383805706,
                0.07372322117706925,
                0.922328314238354
            ],
            [
                0.012972696024438811,
                0.014717779883739915,
                0.24928822529164774,
                0.7230212988001734
            ],
            [
                0.02281305288400632,
                0.9650954486606533,
                0.0006529965701464843,
                0.011438501885193898
            ],
            [
                0.0005241121465797588,
                0.003540574246869077,
                0.03358029925473726,
                0.9623550143518139
            ],
            [
                0.0006506886782719907,
                0.0007605313950198499,
                0.9444067801893191,
                0.0541819997373891
            ],
            [
                0.0637914149841383,
                0.42706109335576675,
                0.01129683083199064,
                0.4978506608281046
            ],
            [
                1.651698391665374e-05,
                0.0001498660675521843,
                0.0862828244487878,
                0.9135507924997436
            ],
            [
                3.27181039682168e-05,
                0.002023824086494327,
                0.00868211090183388,
                0.9892613469077034
            ],
            [
                0.0002511010777185527,
                0.0009544638450262606,
                0.7558208336341296,
                0.2429736014431258
            ],
            [
                7.303029477658597e-07,
                1.195337381865112e-06,
                1.2453397660131392e-06,
                0.9999968290199044
            ],
            [
                4.692543983861947e-06,
                0.0015330838608114306,
                0.0006563796926225614,
                0.9978058439025821
            ],
            [
                0.0028936957088187627,
                0.011454726652322321,
                0.0434073108261925,
                0.942244266812666
            ],
            [
                0.0014263049718169969,
                0.9718124773504893,
                0.0003954395037961417,
                0.026365778173897753
            ],
            [
                0.36575177818808774,
                0.06618511734633517,
                0.017699018541217443,
                0.5503640859243599
            ],
            [
                0.0004432832443608459,
                0.007503061801209379,
                0.017816900938226146,
                0.9742367540162038
            ],
            [
                0.5534797809005452,
                0.2418626925641039,
                0.007591738475572112,
                0.19706578805977898
            ],
            [
                3.5872607919499857e-06,
                0.0013326228984385966,
                0.0016124667891994026,
                0.9970513230515704
            ],
            [
                0.03736135273751154,
                0.028914633246793175,
                0.7660353603224592,
                0.16768865369323593
            ],
            [
                2.646471178992947e-05,
                0.0056903970472936315,
                0.0011050510905285472,
                0.993178087150388
            ],
            [
                0.9716314845219128,
                0.009148826478370394,
                0.001320835373533013,
                0.01789885362618372
            ],
            [
                3.2601142457807305e-05,
                0.00016259528093753988,
                0.12236175479170956,
                0.8774430487848948
            ],
            [
                5.392779531218553e-05,
                0.009853077133187147,
                0.0021027300455378132,
                0.987990265025963
            ],
            [
                0.0003471397879670622,
                0.0010144280660288523,
                0.6188961611033136,
                0.37974227104269065
            ],
            [
                0.0003257787361547203,
                0.0020266063811816017,
                0.07184459767258072,
                0.925803017210083
            ],
            [
                0.028842668980219886,
                0.049209848115917096,
                0.36568401199413764,
                0.556263470909725
            ],
            [
                0.002946803178078909,
                0.009935242652929882,
                0.3539255769595784,
                0.6331923772094129
            ],
            [
                0.9966597463482845,
                0.0003069820987892527,
                0.0008291847304837495,
                0.0022040868224423604
            ],
            [
                0.9991004451688745,
                2.8621503638066802e-06,
                0.0001265302665296797,
                0.0007701624142320829
            ],
            [
                0.9943985397136064,
                0.004153466485730237,
                0.0007095564471316561,
                0.000738437353531819
            ],
            [
                0.0033302072578488785,
                0.9635979532771365,
                0.0004339523261624519,
                0.03263788713885212
            ],
            [
                0.9736268366748204,
                0.01946295702325362,
                0.0013924008054839211,
                0.005517805496442107
            ],
            [
                3.56877611260661e-05,
                0.00040559418004513864,
                0.13634719496182987,
                0.863211523096999
            ],
            [
                0.9999278384114257,
                1.8766273517939986e-05,
                3.064367530022486e-05,
                2.2751639756008243e-05
            ],
            [
                0.6254045980605422,
                0.3491215033720634,
                0.003712884610908757,
                0.021761013956485428
            ],
            [
                0.00029111035818196805,
                0.050806549911688204,
                0.004493478016521699,
                0.9444088617136079
            ],
            [
                0.1409165579612782,
                0.06520156296540675,
                0.028826592221064165,
                0.7650552868522507
            ],
            [
                0.0012378013708302992,
                0.7343692751254082,
                0.008621056478473792,
                0.2557718670252876
            ],
            [
                0.9675149539337227,
                0.021647209564269843,
                0.0024020994307441257,
                0.008435737071263433
            ],
            [
                2.269439551205182e-05,
                0.000265004574251788,
                0.1063057333731894,
                0.8934065676570467
            ],
            [
                8.901808418254905e-05,
                0.00027444363495835795,
                0.0169270780010005,
                0.9827094602798585
            ],
            [
                0.9990484321259389,
                1.5595766024306857e-06,
                7.689798850487009e-05,
                0.0008731103089537383
            ],
            [
                0.005501228659905343,
                0.07888653864790333,
                0.0046732852146547195,
                0.9109389474775367
            ],
            [
                0.9529272197299193,
                0.03506262249435048,
                0.0015438374639660992,
                0.010466320311764025
            ],
            [
                0.0007784089795643509,
                0.003408345723502543,
                0.599759037763556,
                0.39605420753337683
            ],
            [
                1.2236401233653376e-05,
                0.004272721336970679,
                0.0011992105885968432,
                0.9945158316731988
            ],
            [
                0.0007372470023144488,
                0.12218449258923533,
                0.00903814919915416,
                0.868040111209296
            ],
            [
                1.1891750386844279e-05,
                0.0039052970863696058,
                0.0007454252430316897,
                0.9953373859202119
            ],
            [
                0.003303736327395171,
                0.051153344632039216,
                0.02074989317355962,
                0.924793025867006
            ],
            [
                0.001965336571820049,
                0.49008477081791646,
                0.006345207211257416,
                0.5016046853990059
            ],
            [
                7.543421841747816e-05,
                0.012234832550843797,
                0.002832744977662477,
                0.9848569882530763
            ],
            [
                3.211236632080131e-05,
                0.0024597809708643533,
                0.019171497232538037,
                0.978336609430277
            ],
            [
                0.0005588416814919843,
                0.7843915143888037,
                0.0037875239280032546,
                0.21126212000170116
            ],
            [
                0.11201856861883633,
                0.7923774340314471,
                0.005244836859661692,
                0.0903591604900549
            ],
            [
                6.689368093612007e-05,
                0.0009476565411276485,
                0.0023776503970491343,
                0.996607799380887
            ],
            [
                0.1848631137785233,
                0.09773680374270893,
                0.012408359687403421,
                0.7049917227913641
            ],
            [
                0.99996676813911,
                1.7019105626991135e-07,
                2.027182575418891e-05,
                1.2789844079615315e-05
            ],
            [
                0.00044967764209892297,
                0.00023853319006680775,
                0.9931702001857282,
                0.006141588982106052
            ],
            [
                1.1458264741785434e-05,
                0.0038892318935718744,
                0.0011768813088874625,
                0.9949224285327987
            ],
            [
                0.8503588270089432,
                0.14542854307989697,
                0.0016065611122288747,
                0.002606068798931055
            ],
            [
                4.6478791259625236e-05,
                0.00031078847007552293,
                0.7822825153396122,
                0.21736021739905295
            ],
            [
                0.0013175428124758688,
                0.05152308802821742,
                0.005214616556878196,
                0.9419447526024284
            ],
            [
                0.00011013247793921797,
                0.00041349872756689577,
                0.5476089015593901,
                0.4518674672351039
            ],
            [
                0.9056435845609399,
                0.02307290111413187,
                0.005901787358539467,
                0.0653817269663887
            ],
            [
                3.394214343052719e-07,
                3.894079900724643e-07,
                5.343490338613125e-07,
                0.9999987368215418
            ],
            [
                0.0004941770124793106,
                0.034469057120093224,
                0.0031165869154060467,
                0.9619201789520215
            ],
            [
                0.0020365478445492995,
                0.026587376463874077,
                0.006189092745562091,
                0.9651869829460148
            ],
            [
                0.0002590510549014063,
                0.028406447281462934,
                0.002661987929990308,
                0.9686725137336455
            ],
            [
                0.9813440428577986,
                0.009931352299907818,
                0.0013310941751953054,
                0.007393510667098005
            ],
            [
                0.8316920376696012,
                0.05137651738345617,
                0.005168825899368619,
                0.11176261904757367
            ],
            [
                0.0003265640411594129,
                0.002053393091223801,
                0.006857553554032242,
                0.9907624893135846
            ],
            [
                0.44740810098906175,
                0.21160440082525075,
                0.00934997309352781,
                0.33163752509215944
            ],
            [
                0.9896653056372533,
                0.001735815862799924,
                0.001029144394684004,
                0.007569734105262885
            ],
            [
                0.9472204394006154,
                0.010209611317582579,
                0.003553423545918257,
                0.03901652573588356
            ],
            [
                0.00026204541545944243,
                0.0005578817852673276,
                0.029833837994353737,
                0.9693462348049197
            ],
            [
                0.2776830134593109,
                0.1295624375056414,
                0.02388586779797249,
                0.5688686812370752
            ],
            [
                4.603087754509375e-06,
                0.0033837946860595363,
                0.0005273282138631091,
                0.9960842740123229
            ],
            [
                0.00024933976544658465,
                0.011675204857858024,
                0.004344186684856261,
                0.9837312686918392
            ],
            [
                0.9985539638006415,
                0.0009784417381355005,
                0.00025570566434283785,
                0.0002118887968799947
            ],
            [
                0.9977683817214074,
                0.00031905757341748144,
                0.0003732586247816076,
                0.0015393020803936488
            ],
            [
                0.0011362602956156668,
                0.0011014448361193463,
                0.7003230900802319,
                0.29743920478803326
            ],
            [
                5.1085084062067904e-05,
                0.00030193323672419255,
                0.7808481035916464,
                0.2187988780875675
            ],
            [
                3.05562389921396e-06,
                0.0022400786499638336,
                0.0004914501459236476,
                0.9972654155802135
            ],
            [
                0.0003008154264186861,
                0.0015093995917664085,
                0.3436907131700032,
                0.6544990718118116
            ],
            [
                9.216297765595317e-06,
                0.00012838930256230843,
                0.06625375365845311,
                0.9336086407412192
            ],
            [
                0.0007813037287568141,
                0.005143663935893072,
                0.012954155468793173,
                0.9811208768665569
            ],
            [
                0.00752085869850077,
                0.026880572233594482,
                0.00920284236414822,
                0.9563957267037565
            ],
            [
                0.959487340950859,
                0.0151686118512447,
                0.0021853093336524124,
                0.023158737864243672
            ],
            [
                0.0019086438846685882,
                0.08397153078391777,
                0.005350323145651838,
                0.9087695021857616
            ],
            [
                0.00010193204878104435,
                0.05528283016305083,
                0.00860609559525636,
                0.936009142192912
            ],
            [
                0.6765037208982353,
                0.02972406412190487,
                0.011820905373180977,
                0.2819513096066789
            ],
            [
                0.9998114396733464,
                0.00013458414464194272,
                4.018732451392422e-05,
                1.3788857497837349e-05
            ],
            [
                0.002558751106128663,
                0.023037820996669775,
                0.02207709590497981,
                0.9523263319922218
            ],
            [
                0.9990238894980973,
                0.00041102469491710684,
                0.0002323285980398951,
                0.0003327572089458063
            ],
            [
                0.002129033820104311,
                0.05270133973059062,
                0.007102407073621622,
                0.9380672193756834
            ],
            [
                0.21934357752173536,
                0.3645194047757844,
                0.016307202967718818,
                0.3998298147347619
            ],
            [
                0.00047595049102699933,
                0.0017347083253587772,
                0.6743931048963885,
                0.3233962362872258
            ],
            [
                2.923645045870398e-06,
                0.0024398503128249785,
                0.0004950319833088756,
                0.9970621940588204
            ],
            [
                5.258824913385359e-06,
                0.000150232099498004,
                0.04257612931932862,
                0.9572683797562601
            ],
            [
                0.00039566947481107264,
                0.028647349959273035,
                0.023017484749122703,
                0.9479394958167932
            ],
            [
                0.762639181110835,
                0.07676459893562519,
                0.007884933644856908,
                0.15271128630868314
            ],
            [
                5.870324026098215e-06,
                0.00028409747240861925,
                0.004174066880468419,
                0.9955359653230967
            ],
            [
                1.300320186227246e-06,
                0.0012180228289744271,
                0.000303736327108232,
                0.9984769405237311
            ],
            [
                0.002763492153452142,
                0.7440494922016289,
                0.004385218656331326,
                0.24880179698858743
            ],
            [
                0.003082328540616179,
                0.04457954450382608,
                0.008041683737742618,
                0.9442964432178153
            ],
            [
                0.31769724173155744,
                0.6305298600563504,
                0.003938834984722021,
                0.047834063227370036
            ],
            [
                8.325429219399307e-08,
                1.0365509424394075e-07,
                1.347261529751512e-07,
                0.9999996783644606
            ],
            [
                0.9999642230127889,
                1.035262607293599e-07,
                1.5012155444118394e-05,
                2.0661305506201704e-05
            ],
            [
                0.00016681161422894502,
                0.0206396622686268,
                0.003738709509557438,
                0.975454816607587
            ],
            [
                5.413184660611909e-07,
                6.372142230167113e-07,
                8.603882556730311e-07,
                0.9999979610790554
            ],
            [
                0.0010735777094919795,
                0.004070045496557986,
                0.13802157138323856,
                0.8568348054107112
            ],
            [
                0.9987161234681193,
                0.00013855514700719643,
                0.00038480893586291873,
                0.0007605124490106465
            ],
            [
                0.0022235623181482765,
                0.3439432232743695,
                0.013079625678464523,
                0.6407535887290176
            ],
            [
                0.7936981775670532,
                0.12415498278373072,
                0.007009519069362772,
                0.07513732057985344
            ],
            [
                0.5119195291692836,
                0.21901575080918217,
                0.012636743830663051,
                0.2564279761908713
            ],
            [
                0.003018129995317937,
                0.011623370927772195,
                0.024425091334414197,
                0.9609334077424958
            ],
            [
                1.1864275468545156e-07,
                1.5411823615902733e-07,
                1.944720750576856e-07,
                0.9999995327669341
            ],
            [
                0.010146048489835946,
                0.04193913622508451,
                0.116658525495061,
                0.8312562897900186
            ],
            [
                1.56617734576629e-05,
                0.001047876746152698,
                0.004848909620171368,
                0.9940875518602186
            ],
            [
                0.12006666130712836,
                0.8752815582116424,
                0.0007419796658062369,
                0.003909800815423078
            ],
            [
                0.06105181806940971,
                0.36399463520786957,
                0.012738339150773827,
                0.5622152075719471
            ],
            [
                0.9993749374139671,
                0.00011421402496959855,
                0.00013203172400625104,
                0.0003788168370570907
            ],
            [
                0.011523989341706462,
                0.9864426730168879,
                0.0001854326978509159,
                0.0018479049435544417
            ],
            [
                0.9999957807631075,
                1.0008000266966102e-07,
                2.88260652843701e-06,
                1.2365503613573613e-06
            ],
            [
                1.2742867221140454e-05,
                0.0034603293605987165,
                0.001029978223256889,
                0.9954969495489233
            ],
            [
                0.00038808499299107453,
                0.11112941956849318,
                0.004762366002531719,
                0.8837201294359844
            ],
            [
                5.5218678601370665e-05,
                0.04543801044921835,
                0.0030913233460406787,
                0.9514154475261396
            ],
            [
                0.9991906707790664,
                0.00033263134083785984,
                0.00023590419601941863,
                0.00024079368407613417
            ],
            [
                0.9987253481350475,
                0.0008714243286030933,
                0.00025478619896399844,
                0.00014844133738552853
            ],
            [
                0.0010645414725911962,
                0.005009437424533593,
                0.03353368294339043,
                0.9603923381594848
            ],
            [
                0.00026137922033236195,
                0.00040134662999737503,
                0.029815282834014974,
                0.9695219913156553
            ],
            [
                0.9597863909264428,
                0.027327849979692787,
                0.0021561079689233716,
                0.010729651124941139
            ],
            [
                0.00028605473175670644,
                0.024172396124397807,
                0.006920178522975091,
                0.9686213706208705
            ],
            [
                0.9439332037266926,
                0.035789813949303896,
                0.0022308622459493864,
                0.018046120078053833
            ],
            [
                6.979553975474981e-05,
                0.0006070067967176481,
                0.0727103346805774,
                0.9266128629829501
            ],
            [
                1.0644684893311131e-07,
                1.3449564034804172e-07,
                1.7305958652015515e-07,
                0.9999995859979243
            ],
            [
                0.9999581667299077,
                6.037918677707668e-06,
                3.076432322941042e-05,
                5.031028185112892e-06
            ],
            [
                0.15967816415662336,
                0.34905537189082947,
                0.013805304059814392,
                0.4774611598927326
            ],
            [
                3.0197475483097003e-05,
                0.00637684614743514,
                0.0012663113608587914,
                0.9923266450162229
            ],
            [
                6.190067338184875e-07,
                0.0009701698828261271,
                0.00022314925076101106,
                0.9988060618596791
            ],
            [
                1.0579412449710305e-05,
                1.1308892939049964e-05,
                0.9959446796279522,
                0.0040334320666590325
            ]
        ],
        "y_pred_decoded": [
            "normal",
            "normal",
            "low",
            "normal",
            "normal",
            "low",
            "high",
            "normal",
            "normal",
            "high",
            "low",
            "heavy",
            "high",
            "normal",
            "low",
            "heavy",
            "high",
            "high",
            "high",
            "normal",
            "normal",
            "high",
            "heavy",
            "low",
            "low",
            "normal",
            "normal",
            "heavy",
            "normal",
            "heavy",
            "heavy",
            "normal",
            "low",
            "low",
            "normal",
            "normal",
            "normal",
            "low",
            "high",
            "high",
            "high",
            "low",
            "normal",
            "low",
            "heavy",
            "low",
            "high",
            "normal",
            "high",
            "low",
            "heavy",
            "normal",
            "low",
            "high",
            "heavy",
            "normal",
            "low",
            "normal",
            "high",
            "normal",
            "normal",
            "low",
            "high",
            "normal",
            "low",
            "high",
            "normal",
            "normal",
            "low",
            "normal",
            "normal",
            "normal",
            "high",
            "heavy",
            "normal",
            "heavy",
            "normal",
            "low",
            "normal",
            "heavy",
            "low",
            "normal",
            "low",
            "normal",
            "low",
            "low",
            "heavy",
            "heavy",
            "heavy",
            "high",
            "heavy",
            "low",
            "heavy",
            "heavy",
            "normal",
            "normal",
            "high",
            "heavy",
            "normal",
            "normal",
            "heavy",
            "normal",
            "heavy",
            "low",
            "normal",
            "normal",
            "normal",
            "normal",
            "high",
            "normal",
            "normal",
            "high",
            "high",
            "normal",
            "normal",
            "heavy",
            "low",
            "normal",
            "heavy",
            "low",
            "normal",
            "low",
            "heavy",
            "normal",
            "normal",
            "normal",
            "normal",
            "heavy",
            "heavy",
            "normal",
            "heavy",
            "heavy",
            "heavy",
            "normal",
            "heavy",
            "normal",
            "normal",
            "heavy",
            "heavy",
            "low",
            "low",
            "normal",
            "low",
            "normal",
            "normal",
            "normal",
            "heavy",
            "normal",
            "normal",
            "heavy",
            "heavy",
            "normal",
            "heavy",
            "normal",
            "high",
            "low",
            "normal",
            "normal",
            "normal",
            "heavy",
            "normal",
            "normal",
            "high",
            "normal",
            "high",
            "normal",
            "heavy",
            "normal",
            "normal",
            "low",
            "heavy",
            "high",
            "heavy",
            "heavy",
            "normal",
            "normal",
