[
    {
        "accuracy": 0.8488241881298992,
        "classification_report": "              precision    recall  f1-score   support\n\n           0       0.96      0.99      0.97       546\n           1       0.52      0.89      0.66       208\n           2       0.65      0.93      0.76       341\n           3       0.97      0.78      0.86      1584\n\n    accuracy                           0.85      2679\n   macro avg       0.77      0.90      0.81      2679\nweighted avg       0.89      0.85      0.86      2679\n",
        "y_score": [
            [
                5.093543775517007e-06,
                0.0003623557791932733,
                0.0038643197519590443,
                0.995768230925072
            ],
            [
                0.001028755494897791,
                0.019415822215149967,
                0.005398177420862579,
                0.9741572448690899
            ],
            [
                0.9999399708160751,
                1.1340365429080821e-07,
                6.616541767853597e-08,
                5.984961485282971e-05
            ],
            [
                0.00034391739908223146,
                0.03426159229883995,
                0.0027912228475902726,
                0.9626032674544875
            ],
            [
                0.99980260297523,
                2.5363528685614293e-07,
                1.0283397220192851e-07,
                0.0001970405555108907
            ],
            [
                0.956769449618187,
                0.0074885078201881675,
                0.00011939644183104805,
                0.03562264611979362
            ],
            [
                8.898855980507385e-06,
                0.002624518833517862,
                0.00020049287876669432,
                0.9971660894317351
            ],
            [
                0.00012990275732907208,
                0.00010527808191765718,
                0.8831574586439813,
                0.11660736051677206
            ],
            [
                2.8775962313538586e-08,
                3.082821637979436e-08,
                0.9997899833273852,
                0.00020995706843616766
            ],
            [
                1.0360949139631953e-05,
                0.0028634477233653575,
                0.0016141923356642748,
                0.9955119989918307
            ],
            [
                0.0007872710614310365,
                0.403415349326281,
                7.012378324389678e-05,
                0.5957272558290441
            ],
            [
                8.48811273015431e-05,
                0.012945800747462344,
                0.05070338616499219,
                0.9362659319602442
            ],
            [
                9.653317498063894e-06,
                9.053837323669267e-05,
                0.7686573565269696,
                0.23124245178229577
            ],
            [
                0.9503555883313788,
                0.011314365488535138,
                0.0006931012836211411,
                0.03763694489646466
            ],
            [
                0.9984824374132765,
                7.0039675244805935e-06,
                3.1461497330006303e-06,
                0.001507412469466194
            ],
            [
                2.234461255177931e-05,
                0.004969487971935193,
                0.0008536680035722699,
                0.9941544994119408
            ],
            [
                0.009267720911594009,
                0.02935132918351271,
                0.04648307388893208,
                0.9148978760159614
            ],
            [
                0.00014627405819804518,
                0.4306200551508923,
                0.0005725535933157943,
                0.5686611171975938
            ],
            [
                0.00024068878261783043,
                0.605928080136397,
                8.510095057925968e-05,
                0.39374613013040616
            ],
            [
                0.00931034990659285,
                0.0022539209663793086,
                0.7971662178531183,
                0.19126951127390973
            ],
            [
                0.00013474244469074276,
                0.0006224744528937542,
                0.43484347109066745,
                0.5643993120117478
            ],
            [
                0.4503436259291937,
                0.12500709221819725,
                0.0010484646130188959,
                0.4236008172395901
            ],
            [
                1.436686901258185e-05,
                0.0009458385098778638,
                0.07113438234923848,
                0.9279054122718711
            ],
            [
                0.31752979595346525,
                0.3772910122161798,
                0.004537089736273796,
                0.3006421020940812
            ],
            [
                0.04502428975384066,
                0.7356384206923868,
                0.004295743399741639,
                0.21504154615403107
            ],
            [
                3.3779200108348914e-06,
                0.0015779151936177558,
                0.00047777338330428444,
                0.9979409335030673
            ],
            [
                0.9811338961716762,
                0.002433866651696921,
                7.687823973772954e-05,
                0.016355358936889376
            ],
            [
                3.991388467551472e-05,
                0.003166458784587868,
                0.1326691462755438,
                0.864124481055193
            ],
            [
                0.9984968188771041,
                3.0297193506992296e-06,
                0.0005538162261963945,
                0.0009463351773490304
            ],
            [
                0.8794845990734265,
                0.009730471420237901,
                0.0019768315503717977,
                0.10880809795596383
            ],
            [
                0.98726898887677,
                0.0020615132357874174,
                0.00022744098441925597,
                0.010442056903023201
            ],
            [
                0.00038852633628119493,
                0.6080731354266463,
                0.0002431859821422564,
                0.3912951522549298
            ],
            [
                0.01227464181845312,
                0.1598185376340923,
                0.00906013219068567,
                0.8188466883567688
            ],
            [
                1.3618444740670322e-05,
                0.0031496830203778035,
                0.002335641149151652,
                0.9945010573857298
            ],
            [
                0.9240534386081074,
                0.0015948256282899463,
                0.0039115159079707645,
                0.07044021985563215
            ],
            [
                0.0012127180160169996,
                0.004450158677562058,
                0.010789873233797157,
                0.9835472500726241
            ],
            [
                6.856419172180907e-05,
                9.278453594692516e-05,
                0.19755030167976614,
                0.8022883495925655
            ],
            [
                0.12699458893582405,
                0.0914443971638975,
                0.008937238057503306,
                0.7726237758427751
            ],
            [
                2.674918052352222e-05,
                0.0002803771028906138,
                0.009115775928636227,
                0.9905770977879496
            ],
            [
                2.9772484910156786e-05,
                0.005246286203750046,
                0.004552442280822746,
                0.990171499030517
            ],
            [
                0.9999363130662463,
                1.1128643047183926e-07,
                1.3805442657333553e-06,
                6.219510305751861e-05
            ],
            [
                0.9998730986326598,
                1.4620143041983336e-07,
                5.014471701499497e-08,
                0.00012670502119259468
            ],
            [
                0.002730663960097532,
                0.027685331733233863,
                0.07999816483654437,
                0.8895858394701242
            ],
            [
                0.9442374682993817,
                0.005495727055837776,
                0.008749535333709592,
                0.0415172693110708
            ],
            [
                3.7277568884475633e-06,
                0.0013429624878496642,
                0.002094300169177893,
                0.9965590095860839
            ],
            [
                3.450025334948845e-05,
                8.479047964742866e-05,
                0.6284271721840204,
                0.3714535370829824
            ],
            [
                0.0002488217615272571,
                0.00023543621830201893,
                0.8595274608928865,
                0.13998828112728431
            ],
            [
                0.002219818748084927,
                0.02038758411692603,
                0.012189971622351173,
                0.9652026255126378
            ],
            [
                9.739733801832079e-06,
                0.002848032839005443,
                0.0005220626242838081,
                0.9966201648029089
            ],
            [
                4.5842086841737224e-05,
                0.008530598867476955,
                0.0019218539097793027,
                0.9895017051359019
            ],
            [
                0.9464387223343448,
                0.008812182500021885,
                0.0010144488450024665,
                0.043734646320630795
            ],
            [
                4.966321837553823e-05,
                6.160981700397496e-05,
                0.910435413879518,
                0.08945331308510221
            ],
            [
                0.9964357965326543,
                2.3900414507755256e-05,
                1.8439543399031868e-05,
                0.0035218635094388323
            ],
            [
                0.0012272801904627169,
                0.05405385482067049,
                0.009820917251291805,
                0.9348979477375748
            ],
            [
                1.3617008829503448e-06,
                0.0009382337081383907,
                0.0007110217900998878,
                0.9983493828008789
            ],
            [
                1.8450954559298366e-06,
                6.988264290565405e-05,
                0.05730035643163338,
                0.9426279158300049
            ],
            [
                3.502044291619228e-05,
                0.1065125528534558,
                0.007376765745976413,
                0.8860756609576519
            ],
            [
                0.9764372810060453,
                0.00357028391273505,
                0.00013192597177254063,
                0.01986050910944713
            ],
            [
                3.276280738162057e-05,
                0.00024333006416063272,
                0.010117495098756734,
                0.989606412029701
            ],
            [
                0.0031593003464037294,
                0.04018633428394048,
                0.024413147144789687,
                0.9322412182248662
            ],
            [
                0.006688027398140848,
                0.014263824159063547,
                0.011539253575413532,
                0.9675088948673822
            ],
            [
                0.00032359752911107734,
                0.03339625156672151,
                0.002272938799205033,
                0.9640072121049624
            ],
            [
                0.03127962761357179,
                0.8831686705188287,
                4.427624048341596e-05,
                0.08550742562711601
            ],
            [
                0.0033203027132852297,
                0.039126014604345824,
                0.04215604965690733,
                0.9153976330254617
            ],
            [
                0.044710719931112475,
                0.5356787060052106,
                0.0017446855641679298,
                0.41786588849950884
            ],
            [
                3.125216125757443e-05,
                0.005321219985582223,
                0.0005863838647400363,
                0.9940611439884202
            ],
            [
                3.8459050182031625e-05,
                0.0054970344114397334,
                0.00016617213497965998,
                0.9942983344033985
            ],
            [
                0.9851085681737624,
                0.00012687481565349463,
                0.0034800550298331743,
                0.011284501980751023
            ],
            [
                7.157690289033273e-06,
                0.0023551734396465357,
                0.00020019507097263173,
                0.9974374737990918
            ],
            [
                3.4453307370221476e-05,
                0.12830853816930393,
                0.0056818550122759775,
                0.86597515351105
            ],
            [
                0.00040306780942688214,
                0.011571893594406236,
                0.24618484783924072,
                0.7418401907569262
            ],
            [
                0.9998498869788298,
                1.7561194520676875e-07,
                1.118297244916737e-07,
                0.0001498255795005174
            ],
            [
                1.0365435183902984e-05,
                0.00038349360084626884,
                0.005586382555994894,
                0.994019758407975
            ],
            [
                0.9198861836432202,
                0.02570492899044008,
                0.001514710058841852,
                0.052894177307498146
            ],
            [
                1.3366664894386904e-05,
                0.00036051799108231493,
                0.006375412436247149,
                0.9932507029077762
            ],
            [
                1.683570749112229e-06,
                0.0006389784819821,
                0.0018363662751527453,
                0.9975229716721161
            ],
            [
                0.9146973366937079,
                0.011082083781891378,
                0.00016294822409614748,
                0.07405763130030443
            ],
            [
                0.0002769876456796683,
                0.0005480001072719486,
                0.030765491135146417,
                0.968409521111902
            ],
            [
                2.0973863773328073e-06,
                0.0010718070670326146,
                0.0013308343345392044,
                0.9975952612120509
            ],
            [
                0.012415644563845201,
                0.3909226709037068,
                0.0007777861110948749,
                0.5958838984213533
            ],
            [
                0.00013041873285946892,
                0.6943207086106146,
                5.590403414566123e-05,
                0.3054929686223807
            ],
            [
                0.9878661785487245,
                0.00043724027089834855,
                0.00014113723694698246,
                0.011555443943430272
            ],
            [
                5.884656759708482e-05,
                0.00970154346491096,
                0.10253447900446151,
                0.8877051309630305
            ],
            [
                2.6304836736414694e-05,
                0.005382430172531323,
                0.0009679931679694416,
                0.9936232718227626
            ],
            [
                4.660032376523702e-06,
                0.0013056294456259038,
                0.0028612248353141823,
                0.9958284856866831
            ],
            [
                0.0006560493027798935,
                0.10297114758324728,
                0.0035189658951299036,
                0.8928538372188428
            ],
            [
                0.9999230601315889,
                1.1381337989342469e-07,
                2.4458546338017178e-06,
                7.4380200397298e-05
            ],
            [
                0.0003534708702273476,
                0.3922794134222473,
                0.00033628435172772725,
                0.6070308313557976
            ],
            [
                2.133169403712728e-05,
                0.0003289758226090956,
                0.00811168783251617,
                0.9915380046508376
            ],
            [
                0.00023316400281779714,
                0.102555434110942,
                0.0023533133687633793,
                0.894858088517477
            ],
            [
                1.604817809423565e-06,
                9.549684132250036e-05,
                0.054986391608882225,
                0.9449165067319859
            ],
            [
                6.187295431885741e-05,
                0.0007268965624401261,
                0.660994754409196,
                0.33821647607404515
            ],
            [
                0.000259770210684517,
                0.00020936584104345635,
                0.8578803458092866,
                0.14165051813898547
            ],
            [
                0.00023893533442417153,
                0.007380696047153107,
                0.023981412987426058,
                0.9683989556309965
            ],
            [
                0.6206922015875735,
                0.020186772137260427,
                0.03983954459142898,
                0.31928148168373716
            ],
            [
                0.0015175863196430672,
                0.10788799385421106,
                0.01775223721621902,
                0.8728421826099271
            ],
            [
                0.9997434308743771,
                3.537772149182883e-07,
                1.1671922150789358e-07,
                0.0002560986291864807
            ],
            [
                7.629085957593861e-06,
                0.0003263446807276237,
                0.004781668761091163,
                0.9948843574722234
            ],
            [
                0.00013882548271801194,
                0.013855205891409704,
                0.002792040958244246,
                0.9832139276676279
            ],
            [
                0.00012794632833838443,
                0.002428185272800644,
                0.30735756363251626,
                0.6900863047663447
            ],
            [
                0.0002961411043946656,
                0.12188054025185717,
                0.003535698908619921,
                0.8742876197351283
            ],
            [
                2.370864832752119e-05,
                0.004518420871022126,
                0.0004205289445973778,
                0.9950373415360529
            ],
            [
                0.00013725564900107405,
                0.00012640979303479497,
                0.31634881466780124,
                0.683387519890163
            ],
            [
                0.9337926452916341,
                0.00839141765828955,
                0.0002182198974980165,
                0.05759771715257824
            ],
            [
                0.996003801293323,
                5.224611323667295e-05,
                1.668687748784724e-05,
                0.003927265715952533
            ],
            [
                1.2049828602312163e-05,
                0.003104017760895526,
                0.00046040721560605837,
                0.9964235251948962
            ],
            [
                7.876448898667623e-05,
                0.0008908939021673658,
                0.6061295067888456,
                0.3929008348200003
            ],
            [
                0.9328173203732874,
                0.018727763547129742,
                0.0010290003194382358,
                0.047425915760144606
            ],
            [
                0.0021938038996196572,
                5.168261216885221e-05,
                0.9527065983562841,
                0.04504791513192715
            ],
            [
                1.8183336313242749e-06,
                0.0011244898861220698,
                0.000590839795863253,
                0.9982828519843833
            ],
            [
                0.00023680748727456297,
                0.011861733732066797,
                0.07487743836635433,
                0.9130240204143043
            ],
            [
                3.5530797734118814e-05,
                0.04683579756472216,
                0.0029879891562517866,
                0.9501406824812919
            ],
            [
                0.9269415100379237,
                0.013426221470519256,
                0.0005227077449390688,
                0.05910956074661811
            ],
            [
                0.0001473931524144051,
                0.000273178631902059,
                0.31331639923019977,
                0.686263028985484
            ],
            [
                1.9889513759071454e-05,
                0.003951352560423343,
                0.0001760768306972098,
                0.9958526810951203
            ],
            [
                0.9997371358708439,
                3.6819936457230167e-07,
                2.6316505076224334e-07,
                0.00026223276474081505
            ],
            [
                0.7756521730976226,
                0.07740729294267124,
                0.0015441059248694454,
                0.14539642803483685
            ],
            [
                8.200799931278853e-05,
                0.003021171831940877,
                0.19725156115277198,
                0.7996452590159747
            ],
            [
                5.1292209830018686e-05,
                0.0002716167861774823,
                0.012735386606178093,
                0.9869417043978146
            ],
            [
                0.0010645208803603675,
                0.34344932311723847,
                0.0003011288452190221,
                0.6551850271571823
            ],
            [
                2.9000148456362126e-05,
                0.004786499267260579,
                0.0001821814257937717,
                0.9950023191584894
            ],
            [
                0.000892183654039241,
                0.04419615499154451,
                0.022836769237627112,
                0.9320748921167893
            ],
            [
                0.00014260236784261086,
                0.0008666058655058931,
                0.2589354929951747,
                0.7400552987714766
            ],
            [
                6.913477318139479e-06,
                0.0022987893193286,
                0.00021972932148901583,
                0.9974745678818642
            ],
            [
                2.5891571489483797e-06,
                0.0005349301629788411,
                0.0025737117091141994,
                0.9968887689707577
            ],
            [
                0.9999706906488134,
                1.0246071632787013e-07,
                7.861223319089499e-07,
                2.8420768138249766e-05
            ],
            [
                0.00032933086035757486,
                0.563127539025387,
                0.0004915604735172837,
                0.43605156964073816
            ],
            [
                0.9994616015230363,
                1.1304141532271615e-06,
                1.931697281220604e-06,
                0.0005353363655292802
            ],
            [
                5.284521374193472e-05,
                0.008190532779549998,
                0.10738816223930722,
                0.8843684597674007
            ],
            [
                0.9245704129508446,
                0.008544577480689193,
                0.0003437784800136816,
                0.06654123108845257
            ],
            [
                0.00011536135081649938,
                0.00033903830185748053,
                0.019378887460776085,
                0.9801667128865499
            ],
            [
                2.1703444794102954e-06,
                0.0012192210824841204,
                0.0007248834945427535,
                0.9980537250784937
            ],
            [
                0.9997921135922757,
                2.4502457333224065e-07,
                7.944876180833751e-08,
                0.0002075619343891941
            ],
            [
                3.756982399062995e-05,
                0.24344517312866804,
                0.0011214199894895428,
                0.7553958370578517
            ],
            [
                6.824397310396292e-05,
                0.0006005948748901944,
                0.5632534886808148,
                0.4360776724711913
            ],
            [
                0.02195902534340608,
                0.3609975872748256,
                0.0018385179239014187,
                0.615204869457867
            ],
            [
                0.00024024103776474387,
                0.02549683146392327,
                0.004541047882521328,
                0.9697218796157908
            ],
            [
                0.9998069434555317,
                1.9652170359354335e-07,
                5.802007570658687e-07,
                0.0001922798220076561
            ],
            [
                0.9991101258442344,
                1.2818367075054275e-06,
                3.8962316073087724e-05,
                0.0008496300029848209
            ],
            [
                1.4104250909409356e-05,
                9.027466767787735e-06,
                0.6877835161298598,
                0.3121933521524628
            ],
            [
                0.030675291602107663,
                0.8131910314458829,
                0.0002724852658107461,
                0.155861191686199
            ],
            [
                4.1689509879638185e-05,
                0.10059366556374358,
                0.0010799942192758522,
                0.8982846507071007
            ],
            [
                0.00047134165052872227,
                0.41901295911695857,
                0.00022111668182942028,
                0.5802945825506834
            ],
            [
                6.7939459628206775e-06,
                0.06883113331120588,
                0.0005278550236633802,
                0.930634217719168
            ],
            [
                1.629003809432883e-06,
                0.0008750427796750965,
                0.001330830475152758,
                0.9977924977413626
            ],
            [
                2.4771233729795776e-05,
                0.0002672169505545955,
                0.008765389700996773,
                0.990942622114719
            ],
            [
                0.999999775076057,
                9.455194011129386e-08,
                5.604827587931931e-08,
                7.432372711815105e-08
            ],
            [
                0.94458319800813,
                0.010210772942466733,
                0.0004401335345708508,
                0.04476589551483243
            ],
            [
                1.953948159537375e-06,
                0.0011282404472474593,
                0.0008591782820862171,
                0.9980106273225064
            ],
            [
                0.00010941012212542987,
                8.917628365322255e-05,
                0.888655221463695,
                0.11114619213052625
            ],
            [
                0.9998948870146964,
                1.197597002077729e-07,
                1.6539612658843957e-06,
                0.0001033392643373963
            ],
            [
                8.066951222089504e-05,
                0.649491713576622,
                4.011641023755209e-05,
                0.35038750050091977
            ],
            [
                5.597488658989949e-05,
                0.00946926813565015,
                0.019328933369575554,
                0.9711458236081845
            ],
            [
                6.138734818284735e-06,
                0.0021578808406794055,
                0.00016866227880667908,
                0.9976673181456953
            ],
            [
                2.2937778130565374e-05,
                0.0052144051964449975,
                0.001537300601843747,
                0.9932253564235808
            ],
            [
                6.149737590718753e-06,
                0.001957193453628522,
                0.0022344999602778946,
                0.9958021568485027
            ],
            [
                1.404153606911681e-06,
                0.0008601521179564677,
                0.0010904038693325883,
                0.998048039859104
            ],
            [
                0.00032271377829582175,
                0.6564997329933597,
                6.422159601197948e-05,
                0.34311333163233243
            ],
            [
                8.475878885136778e-06,
                0.0025909316544052616,
                0.0014608758592719292,
                0.9959397166074375
            ],
            [
                0.0020940746571738054,
                0.06295788698258105,
                0.011847670958675532,
                0.9231003674015699
            ],
            [
                0.0002499631372566628,
                0.003069574838670972,
                0.3365415804962861,
                0.6601388815277867
            ],
            [
                0.00039422756956584813,
                0.0007929276857413745,
                0.6957674025742936,
                0.3030454421703992
            ],
            [
                0.002282984510378627,
                0.04781821093949741,
                0.01454124395159332,
                0.9353575605985305
            ],
            [
                0.9719982008343651,
                0.0034181763442884747,
                0.0017904800951180847,
                0.022793142726228496
            ],
            [
                6.894522383488685e-05,
                0.0005892315871494873,
                0.5656046967905091,
                0.43373712639850676
            ],
            [
                2.9582044457133074e-06,
                0.001476470537807593,
                0.0004438748784881362,
                0.9980766963792584
            ],
            [
                0.0005411321710579614,
                0.9498603862129855,
                1.2222239418375674e-06,
                0.049597259392014745
            ],
            [
                2.607393977375869e-05,
                0.05748333294308304,
                0.0031228739824079796,
                0.9393677191347353
            ],
            [
                1.662345235519846e-05,
                0.00016379752368242227,
                0.6777629910171095,
                0.3220565880068531
            ],
            [
                0.002216377693604066,
                0.5763317655414011,
                0.0005679194123161646,
                0.4208839373526787
            ],
            [
                4.068832459936587e-05,
                0.0005113193696204528,
                0.15635952160568778,
                0.8430884707000922
            ],
            [
                0.32480296093264205,
                0.05218854077208166,
                0.0027070607023204204,
                0.6203014375929556
            ],
            [
                0.00033745798211529175,
                0.001787033521854386,
                0.21665563192107426,
                0.7812198765749562
            ],
            [
                1.324864270047946e-05,
                0.0001641986610444662,
                0.6953139128548871,
                0.30450863984136817
            ],
            [
                0.001613581402353799,
                0.8100795165301182,
                5.135059753701958e-05,
                0.1882555514699909
            ],
            [
                0.9990266084547419,
                2.9084204094287217e-06,
                3.3280018441549326e-06,
                0.0009671551230043385
            ],
            [
                0.0008662214017816659,
                0.6849545063379305,
                0.00015598670808865829,
                0.31402328555219894
            ],
            [
                8.668514984247059e-05,
                0.06033768170915186,
                0.010916242179212908,
                0.928659390961793
            ],
            [
                0.999135610625485,
                2.928923926985969e-06,
                9.589622992196365e-07,
                0.0008605014882888492
            ],
            [
                0.0005346741613551825,
                0.007007577289794245,
                0.06670284751618435,
                0.9257549010326662
            ],
            [
                0.1291594873237502,
                0.09366017181726062,
                0.013633946275133117,
                0.763546394583856
            ],
            [
                0.9001999871924424,
                0.010818308637075802,
                0.00036731022886416864,
                0.0886143939416177
            ],
            [
                1.6109242825492943e-05,
                0.003527680648117785,
                0.00017066611132261856,
                0.9962855439977342
            ],
            [
                0.011872320751789888,
                0.046566120035410545,
                0.014838631216046935,
                0.9267229279967528
            ],
            [
                4.114047642425433e-06,
                3.5706657151666336e-06,
                0.7476264237965837,
                0.2523658914900587
            ],
            [
                1.3778778543766614e-07,
                1.4759458204533488e-07,
                0.9995402891422954,
                0.00045942547533712796
            ],
            [
                6.542193374024788e-05,
                0.011286375258303102,
                0.005770287794394281,
                0.9828779150135627
            ],
            [
                0.9247470233476794,
                0.00807396857247769,
                0.0001661002516644288,
                0.06701290782817823
            ],
            [
                3.6000149816961326e-06,
                0.0016364400325763295,
                0.00034330822349540395,
                0.9980166517289463
            ],
            [
                0.8024896140022211,
                0.08852890459810454,
                0.003754536419902422,
                0.10522694497977218
            ],
            [
                9.430796048662545e-06,
                0.0027024343354662556,
                0.0001654086068213398,
                0.9971227262616638
            ],
            [
                0.00019469416276123437,
                0.02391852431949719,
                0.004529580206287699,
                0.9713572013114536
            ],
            [
                0.0001298485248830495,
                0.00012410584301710134,
                0.5242552892169045,
                0.47549075641519517
            ],
            [
                2.0800950295780033e-06,
                0.0007370688036180576,
                0.0020094277337389423,
                0.9972514233676133
            ],
            [
                3.717872655662398e-05,
                0.00031361736554456703,
                0.010789798302934204,
                0.9888594056049649
            ],
            [
                0.0001074768778076941,
                9.657841028199483e-05,
                0.9265782780680838,
                0.07321766664382658
            ],
            [
                8.587635520470483e-06,
                0.00031891489973007414,
                0.005084786796666512,
                0.9945877106680829
            ],
            [
                2.4902271913778876e-06,
                0.047126963478739556,
                0.0015622483638520477,
                0.9513082979302171
            ],
            [
                0.0016569347630589926,
                0.028707143943079272,
                0.02291092750512679,
                0.946724993788735
            ],
            [
                5.431880183174746e-05,
                0.06874897883066626,
                0.00936623150082611,
                0.921830470866676
            ],
            [
                7.676546611433893e-06,
                0.0004697275182923551,
                0.00475006142310753,
                0.9947725345119888
            ],
            [
                3.1845945622942317e-06,
                0.0015441912274121656,
                0.0002974044931310668,
                0.9981552196848944
            ],
            [
                0.0003180476636275691,
                0.000590017088101079,
                0.03313292423900101,
                0.9659590110092704
            ],
            [
                7.396535700533366e-06,
                0.00037319714121724615,
                0.004692117598346185,
                0.9949272887247362
            ],
            [
                1.4663466628854322e-06,
                0.0008937765908244796,
                0.0010679637523784173,
                0.9980367933101342
            ],
            [
                1.5991996857417746e-06,
                0.000980441452628437,
                0.0009456303341092159,
                0.9980723290135765
            ],
            [
                0.00026815322524342534,
                0.19564047195539577,
                0.00074935486681819,
                0.8033420199525426
            ],
            [
                8.024526113573766e-05,
                0.000321886197479919,
                0.01604560451160902,
                0.9835522640297754
            ],
            [
                0.00013131564225668104,
                0.35023510482713616,
                0.00020871109194322215,
                0.649424868438664
            ],
            [
                0.9818605135234315,
                0.002166169303988129,
                0.00010679976219891095,
                0.015866517410381392
            ],
            [
                0.003997106750543793,
                0.008761431587860679,
                0.03266709672663424,
                0.9545743649349611
            ],
            [
                2.7341769432154697e-05,
                5.210861950076885e-05,
                0.6471485969186086,
                0.3527719526924585
            ],
            [
                4.497973699329864e-05,
                0.08787130168297148,
                0.006872060619643616,
                0.9052116579603915
            ],
            [
                8.443518850035824e-06,
                0.0016427195256913981,
                0.0040646587398096195,
                0.9942841782156487
            ],
            [
                0.00017483817497513548,
                0.44891181056388535,
                0.00014310990243653881,
                0.5507702413587031
            ],
            [
                1.3816760576051083e-05,
                0.003426778626503045,
                0.0015263336584582245,
                0.9950330709544628
            ],
            [
                5.169087092393847e-05,
                0.006630535644772573,
                0.0005353169334511383,
                0.9927824565508523
            ],
            [
                0.0004998409243831723,
                0.279388112365105,
                0.0009432566424023244,
                0.7191687900681096
            ],
            [
                0.00043550813236227634,
                0.0031413053888552137,
                0.030061247395993647,
                0.966361939082789
            ],
            [
                0.00012026138017731697,
                0.00012781862567916728,
                0.9859740168799112,
                0.013777903114232482
