{
    "accuracy": 0.7984322508398656,
    "classification_report": "              precision    recall  f1-score   support\n\n           0       0.87      0.94      0.90       546\n           1       0.47      0.89      0.61       208\n           2       0.60      0.90      0.72       341\n           3       0.96      0.72      0.82      1584\n\n    accuracy                           0.80      2679\n   macro avg       0.72      0.86      0.76      2679\nweighted avg       0.86      0.80      0.81      2679\n",
    "y_score": [
        [
            0.00038902600974404845,
            0.0018723180387962594,
            0.00750683733597468,
            0.9902318186154851
        ],
        [
            0.0017750378196551965,
            0.002236236686751458,
            0.005265295591511912,
            0.9907234299020816
        ],
        [
            0.9896512683157924,
            0.0016338739561599469,
            4.480834943766419e-05,
            0.008670049378609851
        ],
        [
            0.0015704221664063502,
            0.0033400991674760665,
            0.003654031109037301,
            0.9914354475570802
        ],
        [
            0.9716209706102166,
            0.0007171165118556934,
            0.00026330517299570465,
            0.02739860770493194
        ],
        [
            0.9116678177129692,
            0.006916639027377199,
            0.000522882796558169,
            0.08089266046309547
        ],
        [
            0.0002998020939603883,
            0.0022058041279887997,
            0.00014580131510708505,
            0.9973485924629436
        ],
        [
            0.0016918862472738879,
            0.0006184472582107448,
            0.8827240022661871,
            0.11496566422832834
        ],
        [
            0.0001258894500662561,
            0.00013236903704353566,
            0.9857498432403936,
            0.013991898272496603
        ],
        [
            0.0008561846466488658,
            0.0015873562581672463,
            0.0038380309801305293,
            0.9937184281150532
        ],
        [
            0.019436767457212685,
            0.4264758070331386,
            0.0049513252949896416,
            0.549136100214659
        ],
        [
            0.0019407083293490942,
            0.033942757282767695,
            0.08433259830362685,
            0.8797839360842566
        ],
        [
            0.0022933487961918075,
            0.000597415526902275,
            0.55622222752245,
            0.4408870081544558
        ],
        [
            0.9037674233827118,
            0.03138662749487072,
            0.002090382152050877,
            0.06275556697036679
        ],
        [
            0.9919881206468132,
            0.002724156570139823,
            4.3893202573538254e-05,
            0.005243829580473547
        ],
        [
            0.0008091021530332057,
            0.002933524906974742,
            0.004370869505833024,
            0.991886503434159
        ],
        [
            0.003013826015392097,
            0.009548437142397842,
            0.1352997107297817,
            0.8521380261124284
        ],
        [
            0.011543423452275627,
            0.5839963605178794,
            0.0027788053717076404,
            0.40168141065813723
        ],
        [
            0.02117635458176709,
            0.7673760401012892,
            0.002868312560915524,
            0.20857929275602835
        ],
        [
            0.0014736901162886874,
            0.00018295072182957574,
            0.8334729199001856,
            0.1648704392616962
        ],
        [
            0.0005623785425086453,
            0.01616113393327042,
            0.10588709809661502,
            0.8773893894276058
        ],
        [
            0.5213293000480231,
            0.32042068730019174,
            0.00242653703448374,
            0.15582347561730117
        ],
        [
            0.0014454134728656477,
            0.001566464708889923,
            0.018783379612493094,
            0.9782047422057512
        ],
        [
            0.09841572670023925,
            0.0630991874354039,
            0.004501600091640617,
            0.8339834857727167
        ],
        [
            0.02777976466472121,
            0.6268972835171923,
            0.0007619231530120583,
            0.3445610286650745
        ],
        [
            0.00015610070636934642,
            0.0014673695566701308,
            0.00023595164989877114,
            0.9981405780870618
        ],
        [
            0.9830135013670424,
            0.006344231855296045,
            8.883519484325386e-05,
            0.01055343158281851
        ],
        [
            0.0001375653186545823,
            0.0014009872522220488,
            0.06646711458945395,
            0.9319943328396695
        ],
        [
            0.9072842036056052,
            0.0122567005024187,
            0.0003303130704820258,
            0.08012878282149395
        ],
        [
            0.7770091708145257,
            0.018943737694915693,
            0.0011216458702377249,
            0.202925445620321
        ],
        [
            0.5106352082394946,
            0.004848755237830507,
            0.0017101515501336945,
            0.48280588497254096
        ],
        [
            0.025511501270051508,
            0.8136322199085204,
            0.0034386884306324365,
            0.15741759039079575
        ],
        [
            0.058421537754709624,
            0.7459737965738382,
            0.0019284762834033283,
            0.19367618938804868
        ],
        [
            0.0007166581829361558,
            0.0009232031353164313,
            0.004272841305528335,
            0.9940872973762189
        ],
        [
            0.9152066194615619,
            0.0006143242417174571,
            0.0004592821564089389,
            0.08371977414031177
        ],
        [
            0.0018939308428611783,
            0.0031037289490806427,
            0.005246067066326755,
            0.9897562731417314
        ],
        [
            0.000688946668519336,
            0.0021145296245157486,
            0.10634723146844488,
            0.8908492922385198
        ],
        [
            0.5896137031523713,
            0.12789104758761188,
            0.027225694709126596,
            0.25526955455089007
        ],
        [
            0.00040155389753933286,
            0.002034678781042187,
            0.016554675346309156,
            0.9810090919751091
        ],
        [
            0.00022983939646363936,
            0.00456885538647895,
            0.009255986593948471,
            0.9859453186231089
        ],
        [
            0.9953364249779463,
            9.489915394759671e-05,
            2.658657849655273e-05,
            0.0045420892896094285
        ],
        [
            0.9995773800326173,
            7.35518289820057e-06,
            1.1816323631351424e-06,
            0.0004140831521213618
        ],
        [
            0.0009428238912790051,
            0.006280639777249464,
            0.048174612999616805,
            0.9446019233318547
        ],
        [
            0.9052015236446352,
            0.009153972739550443,
            0.0010361157330380487,
            0.08460838788277596
        ],
        [
            0.0018068453495214882,
            0.004569653774675931,
            0.0039008956839571337,
            0.9897226051918455
        ],
        [
            0.0002257532576830781,
            0.006306138686487016,
            0.15623895026351917,
            0.837229157792311
        ],
        [
            0.0013155989029389318,
            0.0011929161894588581,
            0.7645435990235486,
            0.23294788588405355
        ],
        [
            0.03218658387031166,
            0.002296653829746431,
            0.004027409933489484,
            0.9614893523664522
        ],
        [
            0.00148758173325791,
            0.003541208278442723,
            0.004364261527649262,
            0.99060694846065
        ],
        [
            0.0018140612970274914,
            0.003582698804124576,
            0.004705165486866838,
            0.9898980744119812
        ],
        [
            0.3080627356728834,
            0.10731579241138396,
            0.0007129152696570821,
            0.5839085566460753
        ],
        [
            0.00015280603576837197,
            0.00013596002768930538,
            0.39171492540868813,
            0.6079963085278541
        ],
        [
            0.9825063112225345,
            0.004579626853115367,
            0.00018044965530516745,
            0.012733612269045022
        ],
        [
            0.0008731296785687586,
            0.08972301833919034,
            0.004392276950538782,
            0.9050115750317024
        ],
        [
            0.0002681989560903198,
            0.0019938199360386463,
            0.0006492384335128892,
            0.9970887426743582
        ],
        [
            0.0006829490731487844,
            0.002088454147898388,
            0.12034379066013821,
            0.8768848061188144
        ],
        [
            0.0007966542794247215,
            0.017721585092724607,
            0.0011663728178520447,
            0.9803153878099988
        ],
        [
            0.9217265313882997,
            0.020407266523922992,
            0.0003930447868514835,
            0.05747315730092577
        ],
        [
            0.00036385479914966207,
            0.0023737251495842574,
            0.00966758280838644,
            0.9875948372428791
        ],
        [
            0.002965110642581947,
            0.04525295249628071,
            0.05456719088361708,
            0.8972147459775203
        ],
        [
            0.0019010528292593928,
            0.0019369497211371646,
            0.022173219594168316,
            0.9739887778554353
        ],
        [
            0.0009985343618006978,
            0.0013856526313410188,
            0.00341862815840899,
            0.9941971848484492
        ],
        [
            0.07667708766633058,
            0.8699842303922553,
            0.00014697105569276187,
            0.05319171088572156
        ],
        [
            0.002785964916193387,
            0.007686950419658833,
            0.1581193634936102,
            0.8314077211705374
        ],
        [
            0.08471427815712891,
            0.8078342696980663,
            0.002569527077096071,
            0.10488192506770866
        ],
        [
            0.0007309673037330877,
            0.0033197086127282308,
            0.004225784455762469,
            0.991723539627776
        ],
        [
            0.0005681067439240355,
            0.0023667881498931646,
            0.00025112299351595467,
            0.9968139821126669
        ],
        [
            0.8201215027462679,
            0.011174695542568324,
            0.002460711927846811,
            0.16624308978331687
        ],
        [
            0.0006048192688810761,
            0.002501349674510985,
            0.0003443438699399866,
            0.9965494871866682
        ],
        [
            0.0011931969581792836,
            0.0408372231961277,
            0.007219544314564311,
            0.9507500355311288
        ],
        [
            0.0009020443760026601,
            0.011477751000769698,
            0.04585209042210276,
            0.941768114201125
        ],
        [
            0.9976891197435065,
            0.0013679379121638046,
            1.0552516695968748e-05,
            0.0009323898276335745
        ],
        [
            0.0008561851165709772,
            0.0026200253181257673,
            0.020834482652390594,
            0.9756893069129127
        ],
        [
            0.8323897112425834,
            0.12732261612251422,
            0.0010501767892918303,
            0.03923749584561055
        ],
        [
            0.0003772282091543492,
            0.001794926758342457,
            0.0030455645053994716,
            0.9947822805271038
        ],
        [
            0.0003782291185346826,
            0.002420570454683226,
            0.0031118227354434355,
            0.9940893776913386
        ],
        [
            0.9368948089734701,
            0.018466228243002397,
            0.0004215110565145904,
            0.04421745172701291
        ],
        [
            0.00025513558987225697,
            0.0022464198959885632,
            0.008748767515728931,
            0.9887496769984103
        ],
        [
            0.0006347710191028122,
            0.0031902148404758636,
            0.0035134869997112722,
            0.9926615271407101
        ],
        [
            0.016686410670894377,
            0.6717525186006718,
            0.002574635972607866,
            0.30898643475582604
        ],
        [
            0.025011733982754053,
            0.8490314288891445,
            0.002787781474976609,
            0.12316905565312514
        ],
        [
            0.956919056178493,
            0.010399664541953808,
            0.0004937024123190198,
            0.03218757686723413
        ],
        [
            0.0020061309799828606,
            0.0024334536619299765,
            0.08391246064808537,
            0.9116479547100017
        ],
        [
            0.0015499282010810222,
            0.004035398283461412,
            0.003603453702379052,
            0.9908112198130785
        ],
        [
            0.00043366564514100525,
            0.0035829127976386857,
            0.003888936390201892,
            0.9920944851670181
        ],
        [
            0.0029720887468939897,
            0.05589402612095881,
            0.037101617927795885,
            0.9040322672043511
        ],
        [
            0.9993702013956904,
            6.30232131090654e-06,
            1.4152324511872732e-06,
            0.0006220810505474717
        ],
        [
            0.02919528392925839,
            0.6249352292296333,
            0.00665091736224922,
            0.33921856947885914
        ],
        [
            0.00047337612236751495,
            0.0020982178692213753,
            0.009817165518038684,
            0.9876112404903724
        ],
        [
            0.015895917202092595,
            0.5569305647333629,
            0.00403077383661687,
            0.42314274422792725
        ],
        [
            0.0006464459778672272,
            0.0020296030968430623,
            0.06562854425131213,
            0.9316954066739777
        ],
        [
            0.00012399200010719462,
            0.029453227284458303,
            0.0407868451426861,
            0.9296359355727484
        ],
        [
            0.001217214492146541,
            0.0005122029951166365,
            0.7704414827336,
            0.22782909977913685
        ],
        [
            0.0031555805261262162,
            0.05684136562859882,
            0.30142960193157664,
            0.6385734519136985
        ],
        [
            0.5033471863580998,
            0.06366844090070183,
            0.0032578719903468504,
            0.42972650075085156
        ],
        [
            0.01715253957120076,
            0.06927914890459545,
            0.0032027656655692206,
            0.9103655458586345
        ],
        [
            0.9950460092476148,
            0.0007561188876149879,
            3.5003312474819454e-05,
            0.0041628685522956226
        ],
        [
            0.00026563803839233733,
            0.0023316740442598954,
            0.004581988337699499,
            0.9928206995796485
        ],
        [
            0.0021336712885411968,
            0.004559035032728178,
            0.004437090886958155,
            0.9888702027917724
        ],
        [
            0.001121341819215742,
            0.005312728201995483,
            0.4161635463341472,
            0.5774023836446419
        ],
        [
            0.002901864159023504,
            0.02805156770380897,
            0.024815216425701416,
            0.9442313517114661
        ],
        [
            0.0007565658213051049,
            0.004318600867176143,
            0.003412048791763993,
            0.9915127845197548
        ],
        [
            0.0015572875597401365,
            0.0016787063298693233,
            0.4322568822515063,
            0.5645071238588844
        ],
        [
            0.3428969984935579,
            0.0706325122093471,
            0.0065226436073494145,
            0.5799478456897454
        ],
        [
            0.9749612832642903,
            0.006189830910219143,
            0.0002199402146271704,
            0.018628945610863354
        ],
        [
            0.0014564662186298664,
            0.0045829505221771346,
            0.0033326148701093633,
            0.9906279683890837
        ],
        [
            0.00031608311253623477,
            0.0010614645252623965,
            0.32436612657681335,
            0.6742563257853881
        ],
        [
            0.8761276752318643,
            0.05007791629043534,
            0.0037587277000618495,
            0.07003568077763854
        ],
        [
            0.002257420045532713,
            0.0004459074904577804,
            0.8290321283016557,
            0.16826454416235376
        ],
        [
            0.00034268426760212487,
            0.0021421079632878604,
            0.000576200705778842,
            0.9969390070633308
        ],
        [
            0.001010718828763417,
            0.0005265972034623237,
            0.3903734880726705,
            0.6080891958951039
        ],
        [
            0.0030270132098845553,
            0.060979366797465184,
            0.0028516642125130734,
            0.9331419557801373
        ],
        [
            0.9134316881694311,
            0.0272215738104677,
            0.0005620463713967295,
            0.0587846916487045
        ],
        [
            0.0019495269314463428,
            0.0010887118913228684,
            0.41065371261806327,
            0.5863080485591675
        ],
        [
            0.00028864109978755405,
            0.0014910808763369807,
            6.0424864024782544e-05,
            0.9981598531598506
        ],
        [
            0.9929174526029115,
            0.00035818086016216197,
            7.731706880947767e-05,
            0.006647049468116666
        ],
        [
            0.49953771555841586,
            0.45016867559209983,
            0.0008024252266131804,
            0.04949118362287092
        ],
        [
            0.0004424382874224162,
            0.0028058296370110777,
            0.08927208352615759,
            0.9074796485494092
        ],
        [
            0.00047314782050928285,
            0.0017817285327307783,
            0.014928252974338465,
            0.9828168706724214
        ],
        [
            0.03723260370646806,
            0.610806338585796,
            0.014949248136151439,
            0.33701180957158433
        ],
        [
            0.00033345706724624335,
            0.0024622610719116545,
            5.3348541893772684e-05,
            0.997150933318948
        ],
        [
            0.0019401535070198747,
            0.009117291380847457,
            0.05809854977354457,
            0.9308440053385884
        ],
        [
            0.0022151100460456657,
            0.001305129322909373,
            0.6979370456885213,
            0.29854271494252343
        ],
        [
            0.000261743320197054,
            0.00172810978429744,
            0.0002624000315810932,
            0.9977477468639245
        ],
        [
            0.0002840552858342786,
            0.002101647763887253,
            0.0010313567603244828,
            0.9965829401899542
        ],
        [
            0.9921847552177054,
            0.0013827638002080036,
            1.2823588241881636e-05,
            0.006419657393844618
        ],
        [
            0.01921187360225798,
            0.6725746213684377,
            0.002137871062295501,
            0.3060756339670091
        ],
        [
            0.9988011165214619,
            0.000604665543624133,
            2.917163191914492e-06,
            0.0005913007717222226
        ],
        [
            0.0012278341636105556,
            0.05084454186518787,
            0.07029197908474245,
            0.8776356448864593
        ],
        [
            0.6674880346963231,
            0.08360538491775378,
            0.001597420387014842,
            0.24730915999890846
        ],
        [
            0.000511925030212524,
            0.002534722444530106,
            0.01985661643038406,
            0.9770967360948737
        ],
        [
            0.00025003858267644866,
            0.0012997625535928106,
            0.0003004755837817295,
            0.9981497232799489
        ],
        [
            0.98943377221281,
            0.006685916411738609,
            2.6567561916639024e-05,
            0.003853743813534865
        ],
        [
            0.007636719043447358,
            0.3397121607726012,
            0.0023591117181670992,
            0.6502920084657843
        ],
        [
            0.00045012341477599705,
            0.002329443475094116,
            0.1582623916008769,
            0.838958041509253
        ],
        [
            0.015273555388730138,
            0.26616066935898464,
            0.003280689627230058,
            0.715285085625055
        ],
        [
            0.0010424106008421446,
            0.002017602358504453,
            0.003869382981956345,
            0.9930706040586972
        ],
        [
            0.9988254111246145,
            3.2959587996013445e-05,
            5.484955779221951e-06,
            0.0011361443316102373
        ],
        [
            0.9804967637686104,
            0.0034387975989113523,
            0.00011390373332370777,
            0.015950534899154687
        ],
        [
            0.0019975029821828224,
            0.0009163626694147425,
            0.7607048088869269,
            0.23638132546147533
        ],
        [
            0.032911390973268624,
            0.8530086543904605,
            0.004374135660878264,
            0.10970581897539247
        ],
        [
            0.0076287278978731275,
            0.31777049458584755,
            0.0011351282288246684,
            0.6734656492874544
        ],
        [
            0.01556221321157918,
            0.6000095218076806,
            0.002290125040239271,
            0.3821381399405012
        ],
        [
            0.004211493322215163,
            0.06762269567687668,
            0.0030406486226596313,
            0.9251251623782487
        ],
        [
            0.0005978461830685693,
            0.002682349218688949,
            0.009452063959516248,
            0.9872677406387261
        ],
        [
            0.0004448158810819267,
            0.002554306524504123,
            0.009761658587929621,
            0.9872392190064841
        ],
        [
            0.9999910568666062,
            7.712305727653933e-08,
            4.170594730903757e-08,
            8.82430438943283e-06
        ],
        [
            0.8385848283479668,
            0.02227661529483653,
            0.0005217323550441317,
            0.13861682400215247
        ],
        [
            0.00022002356040981165,
            0.0015830689257109204,
            0.000548352789424278,
            0.9976485547244548
        ],
        [
            0.0015234481981251822,
            0.0004386172225664482,
            0.9459804212704042,
            0.05205751330890412
        ],
        [
            0.9982360509002831,
            4.455965876049458e-05,
            3.033858680669294e-06,
            0.0017163555822756534
        ],
        [
            0.016375366480431915,
            0.8304888836923202,
            0.0006755598364907291,
            0.1524601899907573
        ],
        [
            0.0023590882400127983,
            0.0022325004794078256,
            0.18149406571184917,
            0.8139143455687299
        ],
        [
            0.00029307959622306643,
            0.0022939691883286776,
            0.00018731038120884216,
            0.9972256408342394
        ],
        [
            0.0016064418164795904,
            0.004050593069052333,
            0.0037418819633616225,
            0.9906010831511064
        ],
        [
            0.00109343976571984,
            0.0020115922889145715,
            0.004195710385498422,
            0.9926992575598674
        ],
        [
            0.0002619997995024395,
            0.0021132689249901337,
            0.0002278940472216004,
            0.9973968372282862
        ],
        [
            0.024281630538771946,
            0.8762476259689853,
            0.0035327406404636152,
            0.09593800285177918
        ],
        [
            0.00040328267925197805,
            0.0005956664886045166,
            0.004307475916515714,
            0.9946935749156278
        ],
        [
            0.0364768033443894,
            0.1204096959414895,
            0.006049021308491754,
            0.8370644794056293
        ],
        [
            0.0007090043926628465,
            0.0035501240908074193,
            0.4613312568785201,
            0.5344096146380094
        ],
        [
            0.0002179341683573942,
            0.00014949426556750588,
            0.6664234540800281,
            0.3332091174860474
        ],
        [
            0.003407111702786468,
            0.03893949645857067,
            0.006840692398969456,
            0.9508126994396734
        ],
        [
            0.3988982745953499,
            0.2948233407636942,
            0.014310511517650757,
            0.29196787312330524
        ],
        [
            0.00016739446287219678,
            0.0005546318440864351,
            0.4880541766265713,
            0.51122379706647
        ],
        [
            0.0003020947871435266,
            0.0017407227099892706,
            0.00030313892446697037,
            0.9976540435784004
        ],
        [
            0.026481682888143735,
            0.7231392194457896,
            0.002996242187258955,
            0.247382855478808
        ],
        [
            0.0007702049063237193,
            0.03211850465363093,
            0.006861760075711887,
            0.9602495303643332
        ],
        [
            0.00020081248130979833,
            0.024858879532890007,
            0.031946582132594915,
            0.9429937258532054
        ],
        [
            0.01324696831317704,
            0.39601536696613304,
            0.0028025247874424266,
            0.5879351399332475
        ],
        [
            0.0016379367609697104,
            0.0013863990899269576,
            0.6269370877433353,
            0.37003857640576804
        ],
        [
            0.40623496998476205,
            0.000981195894295263,
            0.0020432449597020436,
            0.5907405891612405
        ],
        [
            0.002618738744025336,
            0.0016134082100847627,
            0.7613975745877953,
            0.23437027845809463
        ],
        [
            7.912083023795932e-05,
            0.0004910366818520945,
            0.07934137066517336,
            0.9200884718227368
        ],
        [
            0.009115896520106637,
            0.8291086354377731,
            0.00016061777625272486,
            0.16161485026586753
        ],
        [
            0.9924372796163808,
            0.003568508933146516,
            1.7977582887768218e-05,
            0.0039762338675848686
        ],
        [
            0.01596555870464506,
            0.7510129735092504,
            0.001692164339109095,
            0.23132930344699573
        ],
        [
            0.0002728360454982848,
            0.012948949301269856,
            0.0020119136394969165,
            0.9847663010137347
        ],
        [
            0.995678647294217,
            0.0028295785749569095,
            1.029142135162108e-05,
            0.0014814827094744884
        ],
        [
            0.0020322111023542673,
            0.0011914258905966933,
            0.11606374457256798,
            0.8807126184344811
        ],
        [
            0.7182881879537357,
            0.03445727354866256,
            0.003128607299665595,
            0.24412593119793635
        ],
        [
            0.7440827137873421,
            0.020419007780128288,
            0.0006064817488424788,
            0.23489179668368734
        ],
        [
            0.00026072097893680416,
            0.001773987224530294,
            0.00017841587648183467,
            0.9977868759200509
        ],
        [
            0.09695254877180425,
            0.2555150681527603,
            0.006243564531517019,
            0.6412888185439186
        ],
        [
            0.0021809500806951733,
            0.0007254144263854482,
            0.8993770662146786,
            0.09771656927824056
        ],
        [
            0.0002967919924379978,
            0.0003090500176890418,
            0.9778120669590253,
            0.021582091030847763
        ],
        [
            0.003718862632144189,
            0.06001454591087314,
            0.010596963259182152,
            0.9256696281978003
        ],
        [
            0.8466468471960463,
            0.009158254742344565,
            0.001082553423263761,
            0.1431123446383453
        ],
        [
            0.0002544896579403902,
            0.0021752445518398084,
            0.000622734348344586,
            0.9969475314418753
        ],
        [
            0.8334100714273581,
            0.06764827196631788,
            0.0016553922592031111,
            0.0972862643471208
        ],
        [
            0.00019494576807991044,
            0.0018688270037547638,
            7.819581975607974e-05,
            0.997858031408409
        ],
        [
            0.00011448107464080129,
            0.0006361052977692299,
            0.00644389295889423,
            0.9928055206686958
        ],
        [
            0.0022359340799270565,
            0.0010036825754018146,
            0.4021453891195646,
            0.594614994225107
        ],
        [
            0.00031219477518178217,
            0.001951920396334421,
            0.004328247699171614,
            0.9934076371293119
        ],
        [
            0.00030770304098980236,
            0.002028075051033812,
            0.004655109655194779,
            0.9930091122527815
        ],
        [
            0.002406255696396393,
            0.0007551201916804006,
            0.31208925627114514,
            0.6847493678407782
        ],
        [
            0.0006142318212245364,
            0.0024368312703587436,
            0.007526625471589066,
            0.9894223114368276
        ],
        [
            0.0008866667049124805,
            0.007163363541439038,
            0.003078260533326938,
            0.9888717092203215
        ],
        [
            0.0341222540168271,
            0.07974990932921126,
            0.0607890665798507,
            0.8253387700741112
        ],
        [
            0.003375283997996535,
            0.12014291904732984,
            0.01786586792656526,
            0.8586159290281086
        ],
        [
            0.0003547078932297337,
            0.002507913559816483,
            0.006462026699868946,
            0.9906753518470846
        ],
        [
            0.00028838224057165803,
            0.0018046527607545938,
            0.0005265859683013101,
            0.9973803790303726
        ],
        [
            0.0006926433048560991,
            0.0024813335039767506,
            0.034343588845948986,
            0.9624824343452183
        ],
        [
            0.0005449725995547922,
            0.0019920045901876057,
            0.004576654733575927,
            0.9928863680766816
        ],
        [
            0.00028467299705453635,
            0.0023641028905055767,
            0.0007301032650625541,
            0.9966211208473772
        ],
        [
            0.00018575500798781816,
            0.001457758618850087,
            0.0007251956919383976,
            0.9976312906812239
        ],
        [
            0.001897897216636309,
            0.027107852481005883,
            0.002398734914036247,
            0.9685955153883216
        ],
        [
            0.00035531071574616585,
            0.0022902966846629087,
            0.0028249396713916587,
            0.9945294529281995
        ],
        [
            0.01591067719661256,
            0.6329438537534348,
            0.0019146874497493944,
            0.349230781600203
        ],
        [
            0.9360715543608431,
            0.007030306813263242,
            0.0002513706751040773,
            0.056646768150789735
        ],
        [
            0.004832002139126957,
            0.0024421415040786518,
            0.47225446533531296,
            0.5204713910214814
        ],
        [
            0.0014677116308240582,
            0.0009185984518534292,
            0.18659165386171792,
            0.811022036055605
        ],
        [
            0.002315976858440078,
            0.03743195291114206,
            0.15335030540414335,
            0.8069017648262745
        ],
        [
            0.0007818361550519248,
            0.0006534440580175504,
            0.004936161369248095,
            0.9936285584176822
        ],
        [
            0.01877995499760849,
            0.842847261219352,
            0.003030755146201115,
            0.13534202863683836
        ],
        [
            0.0009296648375899235,
            0.0018780667444871127,
            0.0037954306332877714,
            0.9933968377846352
        ],
        [
            0.0006295161900468801,
            0.0030240492684225706,
            0.0046366007835566955,
            0.9917098337579738
        ],
        [
            0.012518021528467286,
            0.39930508915533397,
            0.0025074378366652986,
            0.5856694514795336
        ],
        [
            0.0009366225111956348,
            0.004378964423615159,
            0.02979810873562504,
            0.9648863043295639
        ],
        [
            0.0009979643607149619,
            6.574944148490183e-05,
            0.8324153600173394,
            0.16652092618046077
        ],
        [
            0.00023458773180850883,
            0.0015760022274504681,
            0.0015900883259973738,
            0.9965993217147439
        ],
        [
            0.0012283006013491908,
            0.023664235346023303,
            0.22527855626749735,
            0.7498289077851302
        ],
        [
            0.0016033004939693318,
            0.003356968192779247,
            0.0336447293958315,
            0.96139500191742
        ],
        [
            0.0014531391321945003,
            0.001009542973414572,
            0.7348038110049004,
            0.2627335068894906
        ],
        [
            0.00027469013029767685,
            0.002048727673599005,
            0.00020181210289593732,
            0.9974747700932074
        ],
        [
            0.000346667393167063,
            0.0020329119486953303,
            0.014875722006962236,
            0.982744698651175
        ],
        [
            0.00026810339850603194,
            0.001503456341444659,
            8.533524740720506e-05,
            0.9981431050126421
        ],
        [
            0.0011407627019863705,
            0.01515578590038906,
            0.04177343268865934,
            0.941930018708965
        ],
        [
            0.8261442221298025,
            0.010077949710902359,
            0.0003218012734988362,
            0.16345602688579655
        ],
        [
            0.0031715807063839806,
            0.0006986845707507914,
            0.7618738924562494,
            0.23425584226661594
        ],
        [
            0.00037730521755358537,
            0.0009264980187870247,
            0.07446948159389094,
            0.9242267151697682
        ],
        [
            0.00029927813481191086,
            0.0018729767600621004,
            0.003676037205873476,
            0.9941517078992527
        ],
        [
            0.000571556713055706,
            0.0024201494414236406,
            0.0014147723784691175,
            0.9955935214670514
        ],
        [
            0.009120966764993835,
            0.04775996342173673,
            0.03895264213753269,
            0.9041664276757366
        ],
        [
            5.543881871101959e-05,
            3.7563653349691636e-05,
            0.9137478118289243,
            0.08615918569901491
        ],
        [
            0.011160406067369042,
            0.26376367469569545,
            0.0020083745249164075,
            0.7230675447120195
        ],
        [
            0.0032420869780493185,
            0.16303225164915855,
            0.0019245788237933987,
            0.831801082548999
        ],
        [
            0.00793384053324513,
            0.005001522153490301,
            0.007018158047781208,
            0.9800464792654834
        ],
        [
            0.0004086052714991464,
            0.002255102169691377,
            0.011204061326296423,
            0.9861322312325131
        ],
        [
            0.9074166274606047,
            0.012771448918971792,
            0.00028824228399378034,
            0.07952368133642951
        ],
        [
            0.0008834693095261948,
            0.0013768630886133466,
            0.003949291204488832,
            0.9937903763973716
        ],
        [
            0.04591252869629548,
            0.2529238857846316,
            0.0013009451628113694,
            0.6998626403562613
        ],
        [
            0.006737527340426264,
            0.1406929052222481,
            0.0030664850888027554,
            0.8495030823485226
        ],
        [
            0.001862552054845229,
            0.0033492221214696874,
            0.6760487878159773,
            0.31873943800770776
        ],
        [
            0.0024243798246324604,
            0.0018269544885838069,
            0.004187558217388222,
            0.9915611074693956
        ],
        [
            0.00038919377431559263,
            0.003961596058719764,
            0.03075633506948646,
            0.964892875097478
        ],
        [
            0.010512427413791514,
            0.2428050768869,
            0.0041627598158011205,
            0.7425197358835077
        ],
        [
            0.01938185350979921,
            0.6486850260391621,
            0.002816524210118647,
            0.3291165962409203
        ],
        [
            0.0003577504971779826,
            0.0023380836961159625,
            0.00011395449455460471,
            0.9971902113121516
        ],
        [
            0.001733076370532195,
            0.0006625239415590837,
            0.5279533667485466,
            0.4696510329393621
        ],
        [
            0.2393720080050839,
            0.5471673050513539,
            0.0049250066676659,
            0.20853568027589675
        ],
        [
            0.023143674588692507,
            0.5623296240677195,
            0.003051024176311484,
            0.4114756771672768
        ],
        [
            0.0009320711018294625,
            0.0030283566651502533,
            0.007148269378114018,
            0.9888913028549065
        ],
        [
            0.940325219742075,
            0.029601055765039727,
            0.0009387363727447271,
            0.029134988120140655
        ],
        [
            0.9992093785026945,
            2.347058260976821e-05,
            3.4724162441725563e-06,
            0.0007636784984516579
        ],
        [
            0.022077736612419574,
