{
    "accuracy": 0.8353863381858903,
    "classification_report": "              precision    recall  f1-score   support\n\n           0       0.89      0.96      0.92       546\n           1       0.51      0.88      0.64       208\n           2       0.65      0.96      0.78       341\n           3       0.98      0.76      0.86      1584\n\n    accuracy                           0.84      2679\n   macro avg       0.76      0.89      0.80      2679\nweighted avg       0.88      0.84      0.84      2679\n",
    "y_score": [
        [
            1.6641708368152454e-05,
            0.0005778369417200126,
            0.0031317618818956358,
            0.9962737594680161
        ],
        [
            0.0007558616926106999,
            0.0018618293938350312,
            0.0021476990431841397,
            0.99523460987037
        ],
        [
            0.9978879896061346,
            0.00018220480049507536,
            4.693328115026638e-05,
            0.0018828723122203536
        ],
        [
            0.0004470346220433811,
            0.0035607639362340423,
            0.00020445015151220882,
            0.9957877512902106
        ],
        [
            0.9961605829614272,
            0.0003269639349073948,
            9.205451180713402e-05,
            0.003420398591858507
        ],
        [
            0.9603788115465293,
            0.007150815141205625,
            0.000539660471156323,
            0.0319307128411089
        ],
        [
            4.312327779400966e-05,
            0.0038247092407436355,
            0.0008002189771420042,
            0.9953319485043206
        ],
        [
            3.4233235223076215e-05,
            1.3602543058367068e-05,
            0.96151291199874,
            0.03843925222297839
        ],
        [
            7.2009224425510625e-06,
            7.699620166247485e-06,
            0.9966511215239018,
            0.0033339779334894642
        ],
        [
            7.302363328093244e-07,
            1.5812371665169094e-06,
            9.201976008945622e-07,
            0.9999967683288997
        ],
        [
            0.012847261209927067,
            0.4277173636575842,
            0.001840437426510489,
            0.5575949377059783
        ],
        [
            0.00025124847859538287,
            0.018932570094166355,
            0.052624730296450956,
            0.9281914511307873
        ],
        [
            0.0004035114065215862,
            6.009233691530466e-05,
            0.759609625021788,
            0.23992677123477515
        ],
        [
            0.9326930525808248,
            0.026997893958107838,
            0.001243950906638239,
            0.039065102554429174
        ],
        [
            0.9960995180118273,
            0.0021649793459767234,
            6.69713462005687e-05,
            0.0016685312959953894
        ],
        [
            6.418444496804086e-07,
            1.2352343166148542e-06,
            1.0412652369651642e-06,
            0.9999970816559968
        ],
        [
            0.004773708393114169,
            0.00889272430318911,
            0.06341065976010062,
            0.922922907543596
        ],
        [
            0.0005197126542038095,
            0.6098444603086531,
            0.0007057735051939422,
            0.38893005353194904
        ],
        [
            0.0007993857026641684,
            0.7916486104342865,
            0.0001696826970976387,
            0.20738232116595204
        ],
        [
            0.0007071734028978011,
            0.0006160852934547604,
            0.8464315861119027,
            0.15224515519174456
        ],
        [
            5.655612782457854e-06,
            0.0006072134296851575,
            0.05123080489566539,
            0.9481563260618667
        ],
        [
            0.7295593031986656,
            0.12749581701163176,
            0.0030248888579407153,
            0.1399199909317617
        ],
        [
            0.00024162772531514118,
            0.0007474991886368486,
            0.023047460328104254,
            0.9759634127579437
        ],
        [
            0.25217558841339766,
            0.16820415488500082,
            0.006562754979821662,
            0.5730575017217799
        ],
        [
            0.022055278101228287,
            0.7314653702982767,
            0.00030814234267072845,
            0.2461712092578244
        ],
        [
            1.8098779236236306e-05,
            0.0012293933222760698,
            0.00020190522428867362,
            0.9985506026741989
        ],
        [
            0.9854541819359554,
            0.0061317469084437625,
            0.00026996595184752636,
            0.008144105203753181
        ],
        [
            7.500042401223408e-05,
            0.0005331897945132938,
            0.10971858050839117,
            0.8896732292730833
        ],
        [
            0.9693185225130564,
            0.003744516485452134,
            0.0001936069871323838,
            0.0267433540143589
        ],
        [
            0.8184060480916528,
            0.010285413461108632,
            0.0013142977715127056,
            0.16999424067572583
        ],
        [
            0.8528078363213015,
            0.0029261982702684626,
            0.0007758624634651011,
            0.1434901029449649
        ],
        [
            0.003912054180843998,
            0.8400459036933541,
            0.0005136985385442633,
            0.15552834358725753
        ],
        [
            0.04010735075426857,
            0.6123464506520421,
            0.0026652211857348053,
            0.34488097740795426
        ],
        [
            4.577458367552132e-05,
            0.00038637334233484474,
            0.0010385432737900458,
            0.9985293088001995
        ],
        [
            0.9232847738789526,
            0.00051143437020328,
            0.0010395276693894965,
            0.07516426408145466
        ],
        [
            0.0005105021238163653,
            0.002325822200701838,
            0.004498025261437251,
            0.9926656504140449
        ],
        [
            3.901289851599966e-05,
            0.00012839825845986104,
            0.12013559393567701,
            0.8796969949073471
        ],
        [
            0.5039614447786939,
            0.09856131827080551,
            0.006891787218912054,
            0.3905854497315885
        ],
        [
            5.273569351268044e-05,
            0.0002025667503355873,
            0.011140939206949424,
            0.9886037583492023
        ],
        [
            5.482225161421696e-05,
            0.004932345941642513,
            0.00541621515678846,
            0.9895966166499549
        ],
        [
            0.9982409527752479,
            3.751224249368043e-05,
            2.9531804585674e-05,
            0.0016920031776726902
        ],
        [
            0.9985846276699013,
            0.00013311176175306099,
            4.818846944055483e-05,
            0.00123407209890507
        ],
        [
            0.000653073017166791,
            0.01669148290891768,
            0.08284011545205452,
            0.8998153286218609
        ],
        [
            0.9444747961269783,
            0.003783797115707396,
            0.0010510137284091838,
            0.050690393028905045
        ],
        [
            0.00011738863317344118,
            0.0008269916827544052,
            0.0028114046811800754,
            0.9962442150028918
        ],
        [
            9.199529918049073e-05,
            0.0006289352389769574,
            0.215146642744842,
            0.7841324267170005
        ],
        [
            0.00024081345128419303,
            0.0002087072524753007,
            0.8863961296419887,
            0.1131543496542517
        ],
        [
            0.01014941941222705,
            0.0018026606126587822,
            0.0034639969056325945,
            0.9845839230694815
        ],
        [
            7.705302618945787e-07,
            1.3170905291077842e-06,
            1.2586516820558239e-06,
            0.9999966537275269
        ],
        [
            0.0002172945672712412,
            0.0014144231986394872,
            0.0006676277502665487,
            0.9977006544838226
        ],
        [
            0.6377779356405142,
            0.09303712986656783,
            0.0009308234828020106,
            0.2682541110101158
        ],
        [
            1.8476444284212427e-05,
            2.437630016173063e-05,
            0.6866331574157427,
            0.31332398983981147
        ],
        [
            0.9883568238629207,
            0.0027194113824773043,
            0.0003397948843391971,
            0.008583969870263126
        ],
        [
            0.00014394297556998258,
            0.10747627988069909,
            0.0019168276201696538,
            0.8904629495235613
        ],
        [
            1.7534201880735485e-05,
            0.0013064251258831769,
            0.000311245471546594,
            0.9983647952006895
        ],
        [
            3.455301159373479e-05,
            0.00019331545971094363,
            0.10143621185378433,
            0.898335919674911
        ],
        [
            0.0003606004693615745,
            0.03289789702232873,
            0.00131444165088617,
            0.9654270608574235
        ],
        [
            0.9656798884431718,
            0.007755203362660462,
            0.000430641016739213,
            0.026134267177428977
        ],
        [
            9.254627148411902e-06,
            0.00019680100736932978,
            0.002968730708693883,
            0.9968252136567886
        ],
        [
            0.00042509834498332533,
            0.015085103605253301,
            0.01399790291589224,
            0.970491895133871
        ],
        [
            0.0006604951814620465,
            0.0008194265440211497,
            0.004770724724815077,
            0.9937493535497017
        ],
        [
            0.0001874951060597196,
            0.0018192916504992413,
            0.00014569987610308957,
            0.9978475133673379
        ],
        [
            0.06653372470339713,
            0.8994526554375118,
            0.0003240110654866794,
            0.03368960879360413
        ],
        [
            0.00038687014147574403,
            0.004623923757856949,
            0.03992451716579301,
            0.955064688934874
        ],
        [
            0.07597184089282977,
            0.8479723274018501,
            0.0022328380123937813,
            0.07382299369292622
        ],
        [
            6.694931716027505e-07,
            1.2936808798209486e-06,
            1.082745258147507e-06,
            0.9999969540806903
        ],
        [
            5.5684589299311454e-05,
            0.0076403510004987366,
            0.0014468111701061801,
            0.9908571532400957
        ],
        [
            0.9138775581277848,
            0.005325742872896931,
            0.0006812094238784208,
            0.08011548957543989
        ],
        [
            2.4509071799227766e-05,
            0.002678014498878039,
            0.0004793917366068828,
            0.996818084692716
        ],
        [
            0.0001128676284561609,
            0.05174056643201331,
            0.003821387295468332,
            0.9443251786440621
        ],
        [
            4.813973363054533e-05,
            0.002616042827474912,
            0.05932135996660077,
            0.9380144574722938
        ],
        [
            0.9983783116087129,
            0.000946768495021601,
            3.592029914243353e-05,
            0.000638999597122954
        ],
        [
            1.1790253174173634e-05,
            0.00036748762384169147,
            0.00441300016831547,
            0.9952077219546684
        ],
        [
            0.8428060292839936,
            0.13432747442161075,
            0.0008126313425610931,
            0.022053864951834583
        ],
        [
            1.0529643548174474e-05,
            0.000403195002251427,
            0.001467561298308947,
            0.9981187140558917
        ],
        [
            1.3404112358893949e-05,
            0.0008152436804271038,
            0.00112329226058283,
            0.9980480599466311
        ],
        [
            0.9519058536509762,
            0.011656663824559103,
            0.0007376140481388706,
            0.035699868476325745
        ],
        [
            6.822225283747251e-06,
            0.00021165200354723458,
            0.002370435711090589,
            0.9974110900600784
        ],
        [
            1.308563612744604e-06,
            1.8021169683632647e-06,
            2.1721833880644194e-06,
            0.9999947171360308
        ],
        [
            0.02485324338010825,
            0.6052126026174313,
            0.002165456508149271,
            0.3677686974943111
        ],
        [
            0.0010084812238760825,
            0.8985918926403391,
            0.0001241067981213793,
            0.10027551933766346
        ],
        [
            0.9860537545674173,
            0.0036803006612606973,
            0.00029866162887085657,
            0.0099672831424512
        ],
        [
            0.0008007288887644668,
            0.0012528258508656537,
            0.17530269485906938,
            0.8226437504013007
        ],
        [
            0.00026148726201113417,
            0.0016126510028124299,
            0.00047432219999445405,
            0.997651539535182
        ],
        [
            3.9536860519996625e-05,
            0.0024509982101859834,
            0.0014532633626924568,
            0.9960562015666015
        ],
        [
            0.0012244042365575055,
            0.04413762968413476,
            0.013943638503515694,
            0.9406943275757921
        ],
        [
            0.9988509257564551,
            1.8845269863314017e-05,
            3.379234109999419e-05,
            0.001096436632581676
        ],
        [
            0.007808520171864794,
            0.609618391800247,
            0.0024389372250792547,
            0.38013415080280893
        ],
        [
            1.670071134870304e-05,
            0.0003277137494700201,
            0.0050778754715174864,
            0.9945777100676638
        ],
        [
            0.0030629976099613085,
            0.3440613760027665,
            0.002999251148819358,
            0.6498763752384527
        ],
        [
            1.6608871012653954e-05,
            0.00012321801061137462,
            0.06570330781820882,
            0.9341568653001671
        ],
        [
            6.787421805823672e-05,
            0.013810287658978048,
            0.17423849520692983,
            0.8118833429160339
        ],
        [
            0.0004423848241614732,
            0.00018626520866910534,
            0.87316855951724,
            0.12620279044992955
        ],
        [
            0.00022508860837350625,
            0.01071023705263289,
            0.02146558377883542,
            0.9675990905601584
        ],
        [
            0.48156063516190545,
            0.040995954151913115,
            0.0028070237441338544,
            0.47463638694204735
        ],
        [
            0.0019306951852160793,
            0.10272675919956357,
            0.00237505823560784,
            0.8929674873796125
        ],
        [
            0.9978606743745352,
            0.0006792933179363474,
            8.852645858759269e-05,
            0.0013715058489406132
        ],
        [
            1.3250911975369793e-05,
            0.0004385840882336699,
            0.003193800479515727,
            0.9963543645202753
        ],
        [
            0.0005532505508727923,
            0.0028321184408223107,
            0.00026539529352349536,
            0.9963492357147814
        ],
        [
            0.00021942981690970323,
            0.001397428798911255,
            0.4621365660593949,
            0.536246575324784
        ],
        [
            0.000532248927856221,
            0.03112664688640803,
            0.004456549991119857,
            0.963884554194616
        ],
        [
            6.635995313874719e-05,
            0.0015212341409957249,
            0.0004831012752924194,
            0.997929304630573
        ],
        [
            0.00012442585070441468,
            0.00013121839796806744,
            0.5690464187392273,
            0.4306979370121
        ],
        [
            0.7946511157518706,
            0.043919632366283275,
            0.0020590205263905452,
            0.15937023135545564
        ],
        [
            0.9916594180147004,
            0.002688858319502917,
            0.00024298411318737274,
            0.005408739552609246
        ],
        [
            0.00023167600266660906,
            0.0018112606625304555,
            0.000598439764251179,
            0.9973586235705519
        ],
        [
            0.00010125934060194664,
            0.00026439450131196746,
            0.7424066392791356,
            0.25722770687895036
        ],
        [
            0.8941912343036534,
            0.055892906149367594,
            0.0022874113441709765,
            0.047628448202808475
        ],
        [
            0.0006591401461214962,
            5.2949169040001375e-05,
            0.9390754563108865,
            0.06021245437395179
        ],
        [
            2.863120337907645e-05,
            0.0015107433240078864,
            0.00010912635313950822,
            0.9983514991194734
        ],
        [
            0.0002723048071313528,
            0.0006175693574006814,
            0.21459901653078525,
            0.7845111093046828
        ],
        [
            0.0006240236226811406,
            0.03388960164241887,
            0.0011712437426305755,
            0.9643151309922692
        ],
        [
            0.9651566893940396,
            0.011126224875303634,
            0.00041369299879414153,
            0.023303392731862632
        ],
        [
            0.0007155840083469689,
            0.0003671340492068845,
            0.43052261514048384,
            0.5683946668019623
        ],
        [
            5.3779019710511124e-05,
            0.004553841063728782,
            0.0009555805742934326,
            0.9944367993422673
        ],
        [
            0.9966583872854553,
            0.0003610378303989188,
            8.596971172408043e-05,
            0.002894605172421756
        ],
        [
            0.5116441147461108,
            0.4291786869736461,
            0.0005482230604808654,
            0.05862897521976218
        ],
        [
            5.9937389337298084e-05,
            0.0006484351639395512,
            0.1411676139101959,
            0.8581240135365273
        ],
        [
            6.97028241974101e-05,
            0.00038782268314251013,
            0.01360133992652634,
            0.9859411345661336
        ],
        [
            0.009662598303637191,
            0.6161144141930721,
            0.0029998112587110186,
            0.37122317624458
        ],
        [
            6.866243649790428e-05,
            0.007205689427538344,
            0.0014392345946930927,
            0.9912864135412707
        ],
        [
            0.0005313580522181283,
            0.011772719667542734,
            0.06737391083347759,
            0.9203220114467613
        ],
        [
            0.000579228640900078,
            0.0016954770726539902,
            0.5475304701174695,
            0.4501948241689764
        ],
        [
            3.9510583377715696e-05,
            0.002732012632166883,
            0.0005509456662898166,
            0.9966775311181656
        ],
        [
            9.208256414584164e-07,
            1.0100444354179127e-06,
            1.4219994507624887e-06,
            0.9999966471304724
        ],
        [
            0.9990016450063248,
            4.952567265691533e-05,
            1.889252788259644e-05,
            0.0009299367931355614
        ],
        [
            0.0005654727145412031,
            0.7988067515876741,
            7.949105188001827e-05,
            0.20054828464590466
        ],
        [
            0.997635001464473,
            0.0010093531660263031,
            6.795658569993775e-05,
            0.0012876887838006443
        ],
        [
            9.106155240684606e-05,
            0.011340172017414064,
            0.05299343404072115,
            0.9355753323894577
        ],
        [
            0.8232738615418934,
            0.02243753433332962,
            0.0014158461104217463,
            0.15287275801435543
        ],
        [
            3.3707042802324355e-05,
            0.0003088736630745659,
            0.008672383553077062,
            0.9909850357410458
        ],
        [
            2.0815829404706905e-05,
            0.001313390553870242,
            7.373085082903086e-05,
            0.998592062765896
        ],
        [
            0.9929253460729333,
            0.0049019343324175155,
            3.776813338389617e-05,
            0.002134951461265311
        ],
        [
            0.000354317918261039,
            0.3455235652012128,
            0.0011881386467997828,
            0.6529339782337261
        ],
        [
            1.6420707013444933e-05,
            0.00017148486472383387,
            0.08929580482389163,
            0.910516289604371
        ],
        [
            0.010499709239855966,
            0.28512852344811357,
            0.0007941722389777085,
            0.7035775950730531
        ],
        [
            0.0001170930344974514,
            0.002240363107690128,
            0.0002654107298761916,
            0.9973771331279363
        ],
        [
            0.998998388775827,
            3.9350602892382896e-05,
            4.2829598248950676e-05,
            0.0009194310230315312
        ],
        [
            0.9915609924682895,
            0.001181172222959907,
            7.714233693466677e-05,
            0.007180692971815914
        ],
        [
            6.0846737167658926e-05,
            4.279833244655847e-05,
            0.7596279632054561,
            0.24026839172492953
        ],
        [
            0.03240636381832584,
            0.848534722539374,
            0.0013335531018047032,
            0.11772536054049598
        ],
        [
            0.00022831032426193603,
            0.16236905745755928,
            0.0007148985140697056,
            0.8366877337041093
        ],
        [
            0.004132231947065609,
            0.6446825587569425,
            0.0010732156154597769,
            0.35011199368053225
        ],
        [
            0.0010583769894523505,
            0.08697467975569328,
            0.0004398788117557183,
            0.9115270644430982
        ],
        [
            1.4520170330735461e-05,
            0.0009447825315615504,
            0.0012519103892076238,
            0.9977887869088999
        ],
        [
            9.66140889053819e-06,
            0.000271273036456662,
            0.0021133865614346957,
            0.9976056789932178
        ],
        [
            0.9969847710803647,
            8.527084251567927e-05,
            9.204025743438767e-05,
            0.002837917819685142
        ],
        [
            0.9042165608538293,
            0.02550637004412151,
            0.0007039632199857623,
            0.06957310588206364
        ],
        [
            1.4962980632154508e-05,
            0.000907310352826957,
            0.00017417589451385873,
            0.998903550772027
        ],
        [
            0.00019196489660266658,
            0.0002036286846942832,
            0.9821004690096575,
            0.017503937409045416
        ],
        [
            0.9981186798203622,
            5.270082328940371e-05,
            3.6073361391330535e-05,
            0.0017925459949570724
        ],
        [
            0.006796006858630317,
            0.7373781852516808,
            0.000810945693618903,
            0.25501486219606984
        ],
        [
            0.0003854121584270345,
            0.002367262151529633,
            0.07719031443341073,
            0.9200570112566323
        ],
        [
            3.0358337718179563e-05,
            0.002405581170666541,
            0.0004363184907367204,
            0.9971277420008785
        ],
        [
            0.00020503602809114992,
            0.002111596806381978,
            0.000532504370572816,
            0.9971508627949538
        ],
        [
            8.599239182062853e-05,
            0.0007766046227816168,
            0.001307522160178487,
            0.9978298808252192
        ],
        [
            1.9206353928176055e-05,
            0.0012054263061769773,
            0.00014076039648817072,
            0.9986346069434067
        ],
        [
            0.001713596275941556,
            0.8443399157061215,
            0.00021347849013287528,
            0.15373300952780405
        ],
        [
            4.5407268062962063e-07,
            9.76247878310335e-07,
            6.451352463543307e-07,
            0.9999979245441947
        ],
        [
            0.005314116100544199,
            0.05868823199568261,
            0.007820015273175395,
            0.9281776366305978
        ],
        [
            0.00030675012885681693,
            0.0007918183829379631,
            0.46110813683087754,
            0.5377932946573276
        ],
        [
            6.536119563274451e-05,
            6.898437640077837e-05,
            0.8038192441829135,
            0.19604641024505304
        ],
        [
            0.002038523961316253,
            0.017633891599818645,
            0.00635466492048719,
            0.9739729195183782
        ],
        [
            0.7757438015790814,
            0.12202097522844393,
            0.0025915979649861775,
            0.09964362522748842
        ],
        [
            3.0477571784807734e-05,
            0.00015780031453389918,
            0.7644981192503029,
            0.2353136028633784
        ],
        [
            3.290765621646797e-05,
            0.001922792576431116,
            0.0003383249759568169,
            0.9977059747913957
        ],
        [
            0.02108693122593935,
            0.9209237860028923,
            0.0016152572288939272,
            0.05637402554227457
        ],
        [
            0.0003259312291878758,
            0.031206184210448573,
            0.0017469729601956134,
            0.966720911600168
        ],
        [
            5.5418689463921915e-06,
            0.004805784999076631,
            0.02299037376329859,
            0.9721982993686785
        ],
        [
            0.008907823816122977,
            0.6275969677101751,
            0.001302546336776229,
            0.3621926621369257
        ],
        [
            0.0002345162681601012,
            0.0007272601543675052,
            0.4691542415484185,
            0.5298839820290536
        ],
        [
            0.41700880382357625,
            0.001856526283541855,
            0.00184627504051248,
            0.5792883948523693
        ],
        [
            0.0005661408410696139,
            0.0006466433683042013,
            0.7588684028191496,
            0.2399188129714766
        ],
        [
            4.3786293773483185e-05,
            0.00013381267987265812,
            0.15291984482388976,
            0.8469025562024642
        ],
        [
            0.004458189131034844,
            0.883076517037558,
            0.00010377993098133111,
            0.11236151390042572
        ],
        [
            0.9946476983867901,
            0.0026295635882967712,
            5.11787595866126e-05,
            0.0026715592653265043
        ],
        [
            0.0022147223584007905,
            0.832567653080349,
            0.0003440703341717075,
            0.16487355422707842
        ],
        [
            6.179438590825298e-05,
            0.013059614366932632,
            0.0012476440637275489,
            0.9856309471834315
        ],
        [
            0.9929484328884728,
            0.005564539700862489,
            7.078726318992612e-05,
            0.001416240147474711
        ],
        [
            0.0012334179654193012,
            0.0009349010229174817,
            0.09661384708300905,
            0.901217833928654
        ],
        [
            0.650887720689228,
            0.027819655391338675,
            0.004259264127627818,
            0.3170333597918056
        ],
        [
            0.7839157032867629,
            0.017197030100326003,
            0.0005952408712648183,
            0.19829202574164637
        ],
        [
            7.830973698427416e-05,
            0.0027430840752702226,
            0.0005352568339108627,
            0.9966433493538346
        ],
        [
            0.038158680042519974,
            0.14865149686228024,
            0.00579496216131692,
            0.8073948609338829
        ],
        [
            6.517631307793341e-05,
            3.062269856892392e-05,
            0.9200683967788533,
            0.07983580420949989
        ],
        [
            3.4419245858069142e-06,
            3.6821984902924723e-06,
            0.9976910100950395,
            0.0023018657818845967
        ],
        [
            0.0005598934999077303,
            0.031562027116509996,
            0.005362740051391918,
            0.9625153393321904
        ],
        [
            0.8696978155704748,
            0.006156848524847727,
            0.0016182584144443155,
            0.12252707749023323
        ],
        [
            2.3059753420552343e-05,
            0.001422373219293577,
            0.00018279533576631327,
            0.9983717716915194
        ],
        [
            0.8518131580061643,
            0.0785049238688686,
            0.0033367613910759483,
            0.06634515673389138
        ],
        [
            3.9643883823015316e-05,
            0.004029438188924868,
            0.0008430637491044835,
            0.9950878541781476
        ],
        [
            2.0078708951218962e-05,
            0.0029006202938879166,
            0.0017395909234799928,
            0.9953397100736808
        ],
        [
            0.001662303413190334,
            0.00026083069836819973,
            0.5594267232239356,
            0.43865014266450564
        ],
        [
            3.025573273635087e-05,
            0.0005040199629964303,
            0.002107677621606202,
            0.997358046682661
        ],
        [
            1.0685427555754505e-05,
            0.0003381801073500949,
            0.0016608290119825213,
            0.9979903054531115
        ],
        [
            0.001546869715976892,
            0.00023374103684819687,
            0.5622728806250369,
            0.43594650862213796
        ],
        [
            6.745178111638347e-06,
            0.0002651191047556329,
            0.001579949709650281,
            0.9981481860074823
        ],
        [
            0.00018872071890054068,
            0.012308346298872739,
            0.00022932126443513408,
            0.9872736117177914
        ],
        [
            0.009229496672813012,
            0.021285678103693105,
            0.02358690152538606,
            0.945897923698108
        ],
        [
            0.00024255717777979074,
            0.06175915290004883,
            0.010608369811874067,
            0.9273899201102973
        ],
        [
            1.3786987827829302e-06,
            1.4999854174048076e-06,
            2.1272341195410282e-06,
            0.9999949940816802
        ],
        [
            2.93490290795175e-05,
            0.0018799806588047964,
            0.00015545173189313995,
            0.9979352185802226
        ],
        [
            9.047534461291251e-05,
            0.00028134064496784095,
            0.016424691317419263,
            0.9832034926929999
        ],
        [
            1.0470201262803374e-05,
            0.0003890032169838322,
            0.0022194094097445815,
            0.9973811171720092
        ],
        [
            1.2970488652524395e-05,
            0.0007483533157822803,
            0.00012747085032093644,
            0.9991112053452441
        ],
        [
            3.078707818028588e-05,
            0.0006822053628948512,
            0.00034344818975995135,
            0.9989435593691649
        ],
        [
            0.0008067844965544367,
            0.06717471164672686,
            0.0009250621913469971,
            0.9310934416653714
        ],
        [
            4.824898306819176e-06,
            0.00016479522698098836,
            0.001420863804450774,
            0.9984095160702614
        ],
        [
            0.0025122377980919767,
            0.6217488798342017,
            0.0007530364148087569,
            0.3749858459528981
        ],
        [
            0.9792688822586988,
            0.004931193344198166,
            0.0004633207070703808,
            0.015336603690032936
        ],
        [
            0.0028753801850477908,
            0.0026683758603568758,
            0.06960042259090626,
            0.9248558213636894
        ],
        [
            0.0002645896684701397,
            0.00014985283422653468,
            0.42182709662574813,
            0.5777584608715552
        ],
        [
            0.00033289657417398647,
            0.04870538950242529,
            0.04414944870994796,
            0.9068122652134529
        ],
        [
            7.614688984842125e-05,
            0.0002594469396553248,
            0.0025615808960946186,
            0.9971028252744017
        ],
        [
            0.0015229151203962762,
            0.7506400193406944,
            0.0008522913490493925,
            0.24698477418985978
        ],
        [
            8.218067780438592e-07,
            1.770323505499793e-06,
            1.0036691055653107e-06,
            0.9999964042006109
        ],
        [
            7.386082582481773e-07,
            1.5106604654528611e-06,
            1.1584191626042414e-06,
            0.9999965923121137
        ],
        [
            0.0018156374003762694,
            0.4206502147043357,
            0.00042436998650144565,
            0.5771097779087863
        ],
        [
            0.00011732402095704277,
            0.00565235525782884,
            0.017158673892330858,
            0.9770716468288833
        ],
        [
            0.0006485125064900183,
            2.138784614048937e-05,
            0.8400517167494553,
            0.15927838289791435
        ],
        [
            2.13994751474325e-05,
            0.0009775329014564944,
            0.00015061835666616867,
            0.9988504492667302
        ],
        [
            0.00022087924968627336,
            0.006501604835676181,
            0.25246087655055977,
            0.7408166393640776
        ],
        [
            7.563704392370467e-05,
            0.007013141174481173,
            0.007805996624715433,
            0.9851052251568798
        ],
        [
            3.968687882979971e-05,
            1.564343060891393e-05,
            0.7580484025769146,
            0.24189626711364653
        ],
        [
            1.1031817280339635e-05,
            0.0007884570305608486,
            5.826052309556795e-05,
            0.9991422506290635
        ],
        [
            2.5353696291594355e-05,
            0.00018324114672622143,
            0.007935219841834725,
            0.9918561853151474
        ],
        [
            0.00011664008557504521,
            0.0035849761059755765,
            0.0002660359229649967,
            0.9960323478854847
        ],
        [
            4.578907500161006e-05,
            0.012381106627374839,
            0.021399368620503793,
            0.9661737356771197
        ],
        [
            0.8952566235825946,
            0.013508577146710657,
            0.00036993779957330143,
            0.09086486147112145
        ],
        [
            0.0011518686134682936,
            0.00011869309184921908,
            0.8224736058382479,
            0.17625583245643472
        ],
        [
            0.0001542436581802681,
            0.00040803200633536725,
            0.02244697303964275,
            0.9769907512958417
        ],
        [
            1.243986226098194e-05,
            0.00033040005586753023,
            0.0020799847030345477,
            0.9975771753788369
        ],
        [
            1.7446465083158263e-05,
            0.0018020266624332577,
            0.0003423196290798475,
            0.9978382072434038
        ],
        [
            0.0025394068217556754,
            0.010812918282422524,
            0.017854299660963913,
            0.9687933752348575
        ],
        [
            0.00021768170555154018,
            0.00023079687880659522,
            0.9808846388345683,
            0.01866688258107361
        ],
        [
            0.0040140023191862825,
            0.4730034841012282,
            0.00032197685008199435,
            0.5226605367295033
        ],
        [
            5.787176292019881e-05,
            0.12094219914463963,
            0.001124399643129551,
            0.8778755294493107
        ],
        [
            0.003632047958304343,
            0.009932418828770417,
            0.0027800564460455546,
            0.9836554767668798
        ],
        [
            7.772916807849047e-06,
            0.0001756626340895617,
            0.0031030123687110114,
            0.9967135520803916
        ],
        [
            0.9670730186830933,
            0.006494213107900674,
            0.00037021360498728736,
            0.02606255460401897
        ],
        [
            7.767597261976216e-07,
            1.6819894022310132e-06,
            9.612701971752778e-07,
            0.9999965799806744
        ],
        [
            0.18913991003962846,
            0.2621835234963343,
            0.005313664921115993,
            0.5433629015429213
        ],
        [
            0.0021630942674075943,
            0.1489298492638913,
            0.0005100711827594852,
            0.8483969852859415
        ],
        [
            0.00024787999901105054,
            0.00042119597253818054,
            0.7578506733046171,
            0.2414802507238339
        ],
        [
            0.00033455188756889223,
            0.001226488779178488,
            0.0007971825815610816,
            0.9976417767516916
        ],
        [
            4.1403398652219894e-05,
            0.0006084274004175272,
            0.010796307317837713,
            0.9885538618830922
        ],
        [
            0.01835796682135297,
            0.217476970672502,
            0.002529518448084632,
            0.7616355440580603
        ],
        [
            0.014673097106913186,
            0.6638238911791261,
            0.0008248677474098438,
            0.3206781439665511
        ],
        [
            6.288293832225242e-05,
            0.006248127639200299,
            0.0013206272390862638,
            0.992368362183391
        ],
        [
            0.00041032030756895467,
            0.00020739935154478705,
            0.4943277261218415,
            0.5050545542190444
        ],
        [
            0.2301954684758538,
            0.5299611573975631,
            0.004952839008776044,
            0.23489053511780716
        ],
        [
            0.06763679630994926,
            0.551269870933216,
            0.004515127442790081,
            0.3765782053140447
        ],
        [
            7.077320460252928e-05,
            0.0001105704786361409,
            0.012970021069763674,
            0.9868486352469976
        ],
        [
            0.9519164158636942,
            0.02958948193891328,
            0.0004875389317583651,
            0.01800656326563394
        ],
        [
