{
    "accuracy": 0.435,
    "classification_report": "              precision    recall  f1-score   support\n\n           0       0.50      0.25      0.33        20\n           1       0.78      0.35      0.48        20\n           2       0.50      0.65      0.57        20\n           3       0.50      0.25      0.33        20\n           4       0.88      0.35      0.50        20\n           5       0.41      0.60      0.49        20\n           6       0.42      0.70      0.53        20\n           7       1.00      0.45      0.62        20\n           8       0.22      0.60      0.32        20\n           9       0.27      0.15      0.19        20\n\n    accuracy                           0.43       200\n   macro avg       0.55      0.43      0.44       200\nweighted avg       0.55      0.43      0.44       200\n",
    "y_score": [
        [
            0.026500416576632168,
            0.044629274440250666,
            0.07900460590925226,
            0.058194110893942136,
            0.07283992701803746,
            0.217642077614563,
            0.0104779749178237,
            0.14487673552902608,
            0.2407988885544779,
            0.10503598854599475
        ],
        [
            0.06889591914466357,
            0.09717797561951892,
            0.07796753927182716,
            0.03387229658061175,
            0.2285638750381985,
            0.05206059853001704,
            0.03455914513153506,
            0.02903740840856722,
            0.019826048959012642,
            0.3580391933160483
        ],
        [
            0.05054948028648804,
            0.06333883278535193,
            0.027799128775346106,
            0.049169058458391784,
            0.09234335287203722,
            0.16702219299692897,
            0.010459422993048232,
            0.08653914399797548,
            0.288825390820969,
            0.16395399601346358
        ],
        [
            0.01745700798611841,
            0.039202900629386,
            0.05109772217923039,
            0.018881598699601123,
            0.10953602660768053,
            0.4774891180094004,
            0.008705801857573178,
            0.03759167803217264,
            0.09419493302660005,
            0.14584321297223746
        ],
        [
            0.054991212745414866,
            0.06529719798311424,
            0.10499257593210777,
            0.16706071441684,
            0.05486220869219157,
            0.07432444135618958,
            0.009254890872780582,
            0.16363689564715844,
            0.2624549775967976,
            0.04312488475740519
        ],
        [
            0.024112135617895002,
            0.040259555659293254,
            0.020376710882605537,
            0.0853309438530929,
            0.07813724999174748,
            0.0088090729308459,
            0.6713587194544774,
            0.013255881718030499,
            0.008495576063026027,
            0.049864153828986006
        ],
        [
            0.022243473314218727,
            0.04185532093673928,
            0.12208851087881165,
            0.03980232724526295,
            0.09164438694980519,
            0.2152464703551795,
            0.010944435579281354,
            0.1476477881889824,
            0.1813629376575752,
            0.12716434889414363
        ],
        [
            0.010182034283276279,
            0.023732187716588967,
            0.5690262042179115,
            0.026140240057031052,
            0.11533853329112878,
            0.05272002463098178,
            0.010441568211925116,
            0.11013093239464854,
            0.024415405053647605,
            0.057872870142860765
        ],
        [
            0.028843216355556874,
            0.056691624679748365,
            0.1528450554303075,
            0.04850677492448602,
            0.471829069383747,
            0.027066386467391873,
            0.04735441451373635,
            0.06224558683222586,
            0.0121215425429447,
            0.09249632886985512
        ],
        [
            0.07368701621341808,
            0.05659328090234333,
            0.08602142794744072,
            0.07875564294540402,
            0.06207768810124521,
            0.5156828842051675,
            0.021469670085451947,
            0.016071510834800153,
            0.03665758979929804,
            0.05298328896543087
        ],
        [
            0.22712578351581478,
            0.13918679232826003,
            0.013129413688887802,
            0.27959456479700356,
            0.09522123992666655,
            0.01414950748343023,
            0.16772422965524952,
            0.014870780324965638,
            0.016785680062585052,
            0.032212008217137045
        ],
        [
            0.0722528776387546,
            0.1443726341791001,
            0.03786716405077194,
            0.10025264372131812,
            0.29362791989081266,
            0.04086260053132533,
            0.11521239582527955,
            0.03316929901255218,
            0.027522522592891934,
            0.13485994255719388
        ],
        [
            0.1283537535496576,
            0.06577083906242574,
            0.019727551662631165,
            0.15592853299981527,
            0.04926316769566222,
            0.049794936307385615,
            0.008312483340045864,
            0.10557827103496853,
            0.3645204865990202,
            0.052749977748387494
        ],
        [
            0.15691535498657055,
            0.05109486491888975,
            0.01156243731836842,
            0.1112192165428143,
            0.08293137082738461,
            0.039577898605499644,
            0.00996735634574196,
            0.03424767249736106,
            0.3465011414790165,
            0.1559826864783531
        ],
        [
            0.08752719461248021,
            0.20652829381307378,
            0.03347395305922877,
            0.17774949365658502,
            0.09609966784125147,
            0.0316745584978578,
            0.03082533618750414,
            0.02432652064815132,
            0.016412080421862405,
            0.2953829012620048
        ],
        [
            0.029008626925629194,
            0.05188696489858543,
            0.023665676406379302,
            0.15103262423540784,
            0.05366670165573832,
            0.008706712828036573,
            0.623804658450436,
            0.010343204299478203,
            0.011103679287545378,
            0.03678115101276369
        ],
        [
            0.031875895819553066,
            0.053273513649893744,
            0.0458199757612818,
            0.044140164107323965,
            0.07166006483256869,
            0.2570648958264471,
            0.009398802553135646,
            0.07323271657412338,
            0.2686199214553229,
            0.14491404942034977
        ],
        [
            0.10269982970510223,
            0.12299300705274402,
            0.028332385084335325,
            0.1382169452903373,
            0.08359454996839658,
            0.3023871922458424,
            0.02051610152469968,
            0.03586544199040795,
            0.07072553340332574,
            0.09466901373480911
        ],
        [
            0.17358196209147866,
            0.0583184281702761,
            0.010243471147658863,
            0.1426893607451228,
            0.05384469924272178,
            0.0474429635933425,
            0.008482349432414531,
            0.05362540813245056,
            0.36616233186041314,
            0.08560902558412117
        ],
        [
            0.025729460028063648,
            0.11729263878599394,
            0.12508322725745652,
            0.043678430898101896,
            0.03935755575052919,
            0.011936187652638259,
            0.565681411963615,
            0.016088250658190428,
            0.01467429721606828,
            0.04047853978934292
        ],
        [
            0.012210943376961096,
            0.024163164834356057,
            0.5314762389327855,
            0.03901473175383195,
            0.08526674484488055,
            0.06569217512304633,
            0.009674084419556923,
            0.13507287749166044,
            0.045683784301811074,
            0.05174525492111001
        ],
        [
            0.19319668357091738,
            0.13766177968488716,
            0.013317941895159445,
            0.1438523839071017,
            0.18329069233859163,
            0.020195278657704478,
            0.23150182767757893,
            0.015484837287494066,
            0.01337423458372608,
            0.04812434039683899
        ],
        [
            0.09100908013793761,
            0.2306431135775103,
            0.03010149981302551,
            0.4851005498433833,
            0.04201964632951123,
            0.012286732289345084,
            0.020820394856954114,
            0.020976185318170533,
            0.014507470651440871,
            0.052535327182721345
        ],
        [
            0.027026159246604453,
            0.07291138164416407,
            0.5577278571776378,
            0.012551370075110967,
            0.09151000231238651,
            0.024128783668499926,
            0.05640062565456413,
            0.01911999308042026,
            0.014285288584627104,
            0.12433853855598462
        ],
        [
            0.7104609799306771,
            0.0526157557820723,
            0.00521014136854258,
            0.10608869201899414,
            0.043763645373590676,
            0.011711301140477696,
            0.016534316712357076,
            0.012256782876150509,
            0.0217329787345991,
            0.019625406062537935
        ],
        [
            0.05389454195716068,
            0.5856512720683289,
            0.04518296359226862,
            0.0755870724835834,
            0.08523999266586225,
            0.017230168699716275,
            0.05258317954061324,
            0.031777155053271736,
            0.018886710464480178,
            0.0339669434747147
        ],
        [
            0.10105953243585648,
            0.05036069745449267,
            0.03029249251696649,
            0.11226850425635063,
            0.06438174166142639,
            0.07544160978345858,
            0.008154359863381429,
            0.11455311665978148,
            0.386867359018115,
            0.0566205863501712
        ],
        [
            0.14888344462474687,
            0.13731369032587995,
            0.018760216985432232,
            0.17086958211695263,
            0.07556041539752228,
            0.19828482723448732,
            0.019749337993348468,
            0.028527961697180457,
            0.07734627127314923,
            0.12470425235130032
        ],
        [
            0.07058784385454162,
            0.060054011265200165,
            0.03761894304859573,
            0.10525542893645899,
            0.06181431315956146,
            0.13594882650306664,
            0.009533801205919271,
            0.13590416238881836,
            0.30878911203156584,
            0.07449355760627183
        ],
        [
            0.01861820515691406,
            0.04272273565511912,
            0.13929226267408848,
            0.04244090382612095,
            0.07767282191329004,
            0.3124719198813602,
            0.00999879070946556,
            0.13506552402500985,
            0.12627698341722646,
            0.09543985274140528
        ],
        [
            0.024145705479259223,
            0.04853760515389046,
            0.029187972691392144,
            0.11581262654847105,
            0.05569063603260738,
            0.008824407331590758,
            0.6623770357842503,
            0.012140302223195756,
            0.010039076465622984,
            0.03324463228971993
        ],
        [
            0.023239538684022138,
            0.06493237211751479,
            0.5708785669563877,
            0.022063263149491346,
            0.12945879974274832,
            0.019503878797497477,
            0.05624251364221829,
            0.03006421368643496,
            0.009935757449541857,
            0.07368109577414256
        ],
        [
            0.016029139464644692,
            0.03176530281451383,
            0.4006111359168559,
            0.035316074118890366,
            0.14406568971739198,
            0.12083650311290717,
            0.012791826584706009,
            0.09259742632811056,
            0.028731222622479617,
            0.11725567931949987
        ],
        [
            0.5928306334775537,
            0.057057402408214594,
            0.04024806615505564,
            0.0646672672140529,
            0.11615829464476625,
            0.020678005432816324,
            0.03410583557797663,
            0.022068136282341812,
            0.015264923494278673,
            0.03692143531294366
        ],
        [
            0.08249872779596207,
            0.6319737575516768,
            0.042142144744809526,
            0.020992469069018957,
            0.0769910003709938,
            0.04508835910345251,
            0.013987135572629511,
            0.019587944626951882,
            0.022788167732801113,
            0.0439502934317039
        ],
        [
            0.034992313437543845,
            0.06224435792704454,
            0.014861933196283017,
            0.12010012990384254,
            0.09689326492473152,
            0.012034214974205266,
            0.574301300445652,
            0.012415963976133888,
            0.01107458311375721,
            0.06108193810080625
        ],
        [
            0.012199988601443565,
            0.03881694393588683,
            0.05013532334554167,
            0.015756362548382735,
            0.1138651980364887,
            0.011816731325322098,
            0.37298748453931196,
            0.011067984251040988,
            0.012948783311448553,
            0.36040520010513266
        ],
        [
            0.047629484697444956,
            0.05182281076642998,
            0.10689114678835124,
            0.08969998880316432,
            0.07993397173643815,
            0.053179506612534545,
            0.0074568514598702665,
            0.34178745441374886,
            0.1827679850755695,
            0.03883079964644886
        ],
        [
            0.015386955335300732,
            0.07222839450219308,
            0.508792753818838,
            0.02035509841334154,
            0.05967562814653577,
            0.013996548606216358,
            0.23887036052067065,
            0.01796945374354815,
            0.009628209539044185,
            0.04309659737431162
        ],
        [
            0.594962877581238,
            0.0846260830535888,
            0.005802344111428513,
            0.17648178384277774,
            0.05466181133189033,
            0.011292440809390085,
            0.015886954203371734,
            0.01082125791519477,
            0.02216118416176065,
            0.023303262989358912
        ],
        [
            0.03335795379387492,
            0.04717594862852803,
            0.08989689713725307,
            0.10903882257307397,
            0.08104452569613584,
            0.12329405890453436,
            0.009498657450942815,
            0.15995187324639823,
            0.26672682084798605,
            0.08001444172127246
        ],
        [
            0.21315561673106106,
            0.0597810946743256,
            0.01114133884104616,
            0.1626367385910852,
            0.06100062823954286,
            0.028596184143234976,
            0.010248251557217038,
            0.045650683601832824,
            0.3203401515681255,
            0.08744931205252919
        ],
        [
            0.07924144154226576,
            0.060389135542625504,
            0.03403093633545276,
            0.14251388766408657,
            0.07570825793034242,
            0.04877733153526905,
            0.006606543349446901,
            0.26974069395401645,
            0.24415348640569012,
            0.0388382857408045
        ],
        [
            0.2231150641273171,
            0.05646356502489207,
            0.016368277051046754,
            0.10659467735963069,
            0.04722402633160021,
            0.07496857865059504,
            0.007473634113044944,
            0.07175637039658338,
            0.32701959092089233,
            0.06901621602439731
        ],
        [
            0.04476006816587702,
            0.059490443954032815,
            0.026160530146687566,
            0.07464129167481359,
            0.06221108223453829,
            0.23189570965647466,
            0.008774702696748021,
            0.08193313145543621,
            0.304062997015721,
            0.1060700429996704
        ],
        [
            0.030563067166712064,
            0.040612668005169876,
            0.05398848630663321,
            0.05249591786097519,
            0.05752281859134774,
            0.3279198407189442,
            0.009142814683802784,
            0.10091957390033182,
            0.2508743272415695,
            0.0759604855245134
        ],
        [
            0.01606909333871131,
            0.04049411372318809,
            0.04066658256959397,
            0.05376513745064374,
            0.10173679222118472,
            0.011342910578972435,
            0.6488304601229383,
            0.013020182454632429,
            0.008061576123782149,
            0.06601315141635315
        ],
        [
            0.05953416413926981,
            0.6105307138922128,
            0.028678544314517496,
            0.08200809515637957,
            0.07323337168280009,
            0.018502236259734423,
            0.04515635528741528,
            0.027320054038625845,
            0.021532723923047958,
            0.03350374130599688
        ],
        [
            0.013234295491043636,
            0.03518522537885293,
            0.0740765535922862,
            0.020628080275792084,
            0.18393670833521983,
            0.011125252258253625,
            0.3027507794660504,
            0.01843408798554383,
            0.012096097757621273,
            0.3285329194593362
        ],
        [
            0.022588317871137065,
            0.04345689390289214,
            0.052397356935123145,
            0.036232486955663626,
            0.1341635714684931,
            0.012473912210135184,
            0.035218912262498014,
            0.6206808636153073,
            0.008368568768356056,
            0.03441911601039413
        ],
        [
            0.034104089403614486,
            0.07000507623893684,
            0.08393475371530602,
            0.03158905405815826,
            0.4282418146046378,
            0.035363194723319544,
            0.07744248914030567,
            0.03858840602198688,
            0.016595562545991822,
            0.1841355595477431
        ],
        [
            0.016781007601233962,
            0.032383399179212374,
            0.38631929349533,
            0.04311826945390395,
            0.08562841921915676,
            0.11099747199129956,
            0.01435794157475355,
            0.14676881278317322,
            0.07894346716619233,
            0.084701917535744
        ],
        [
            0.027518142556644875,
            0.05813115404608123,
            0.14133467570064542,
            0.05530921872932945,
            0.483685784625378,
            0.022699167261788052,
            0.06241964769980101,
            0.06022146462258283,
            0.011304504375037163,
            0.077376240382712
        ],
        [
            0.05070077165293204,
            0.06421429283753056,
            0.0367737674429437,
            0.07081722452735047,
            0.06151865578853097,
            0.19617272781761413,
            0.008370790922680144,
            0.143266697765312,
            0.27304906857435274,
            0.09511600267075357
        ],
        [
            0.11345218054343967,
            0.045855833926865056,
            0.014141384935159757,
            0.15711194403052423,
            0.04571227830598416,
            0.04647319198860019,
            0.006363326664618101,
            0.07525457788913996,
            0.4465378170387135,
            0.04909746467695584
        ],
        [
            0.04900206670849791,
            0.08160541233598298,
            0.03090058177824862,
            0.10504953248317365,
            0.1635961111796601,
            0.015301379545259505,
            0.4741740369269287,
            0.013105881988538405,
            0.01263252206434213,
            0.05463247498936857
        ],
        [
            0.023363277552505703,
            0.040912481819804,
            0.239767445983282,
            0.09928796254644473,
            0.08183643059791222,
            0.12766910452296573,
            0.011999319058338275,
            0.12955336370053996,
            0.1364612293646192,
            0.1091493848535885
        ],
        [
            0.03351922183921815,
            0.1493158748158956,
            0.14287153423530377,
            0.0591308659533549,
            0.0420238878645039,
            0.014388833899098532,
            0.48366323528533095,
            0.019309944633675278,
            0.01879375441193177,
            0.03698284706168749
        ],
        [
            0.09749719433065704,
            0.15588395675938874,
            0.013598670506487852,
            0.2824571832765437,
            0.08127358731186675,
            0.012831057652672765,
            0.2800472433533548,
            0.014617475788013297,
            0.017058773737041597,
            0.04473485728397394
        ],
        [
            0.09287399426325538,
            0.06236734850147863,
            0.11076071426846681,
            0.1401634917012731,
            0.08674925695970652,
            0.35660741750934705,
            0.021763551177025782,
            0.02174556502334687,
            0.05013075464071371,
            0.05683790595538605
        ],
        [
            0.08067246661868933,
            0.07201442394300409,
            0.02664110182722152,
            0.09360746001886769,
            0.0726014944340428,
            0.12124781338143607,
            0.00977619661199303,
            0.08687751127918203,
            0.324304848742391,
            0.11225668314317289
        ],
        [
            0.21445095173275147,
            0.05513169411049066,
            0.011325114384612853,
            0.15061993817902014,
            0.05331652840681625,
            0.03925145300337767,
            0.009156744271331382,
            0.05221169908069506,
            0.3540381830573208,
            0.06049769377358354
        ],
        [
            0.1380080635954825,
            0.047876802200717654,
            0.1254147925565678,
            0.04752979459952793,
            0.06633890912243025,
            0.4320025203438279,
            0.019704379294212072,
            0.014046707712880808,
            0.03968105314887382,
            0.069396977425479
        ],
        [
            0.08719474415899835,
            0.06834632460655712,
            0.032954470045446355,
            0.1366106063724962,
            0.05671250014632821,
            0.07384975891492505,
            0.00817990023627506,
            0.16547711723470812,
            0.3132946571525766,
            0.05737992113168824
        ],
        [
            0.18055914630495823,
            0.06089801540993778,
            0.013299732356865983,
            0.16333441335534182,
            0.0705672584222575,
            0.03492633461621253,
            0.008550239961335792,
            0.0612219502511449,
            0.3318070352639728,
            0.07483587405797237
        ],
        [
            0.07438681858810665,
            0.11565587593919521,
            0.06667549986171495,
            0.017678227160792162,
            0.2769364572611543,
            0.05253486928012659,
            0.018618698387561503,
            0.022486651024720992,
            0.05744063097024402,
            0.2975862715263839
        ],
        [
            0.018567119710162797,
            0.04375044465660843,
            0.1140175862343416,
            0.04393573833468259,
            0.08880510421389706,
            0.20405328413234108,
            0.010152334656107547,
            0.16987793234990262,
            0.15328161602651916,
            0.15355883968543735
        ],
        [
            0.09754614531273512,
            0.057829880417723106,
            0.021399674765352067,
            0.10702880931493748,
            0.06799278443234454,
            0.11008210734198062,
            0.008480352871348172,
            0.09934922948010588,
            0.35477506454922664,
            0.07551595151424642
        ],
        [
            0.12959929230329645,
            0.07490540992649486,
            0.014324308857357441,
            0.15202272967574645,
            0.07244183238226538,
            0.050924167847638487,
            0.007920117139053232,
            0.09275133051013755,
            0.319785558499811,
            0.08532525285819922
        ],
        [
            0.008077470417889287,
            0.019017314270868474,
            0.46534949914519963,
            0.019437887524577403,
            0.11309092622412514,
            0.0437850028425215,
            0.00787406695519444,
            0.2459670170229473,
            0.039448162924058006,
            0.03795265267261868
        ],
        [
            0.036756488893695274,
            0.08287012409495641,
            0.025698709142174984,
            0.08790811791670572,
            0.13945957654491856,
            0.01371563046370121,
            0.543359611396021,
            0.014007078683625343,
            0.00949846537086396,
            0.046726197493337215
        ],
        [
            0.12362320677021059,
            0.0498010189381436,
            0.012434381279209246,
            0.11048320044682987,
            0.06104148956999381,
            0.07007856629296091,
            0.009031596384374601,
            0.0626674509273466,
            0.41248610460643015,
            0.08835298478450083
        ],
        [
            0.04285972660769749,
            0.5284909925102879,
            0.06538385276107488,
            0.0792854369964705,
            0.10730824274388345,
            0.02123415495110542,
            0.0602533278362091,
            0.03341937334123116,
            0.017267171136845238,
            0.04449772111519509
        ],
        [
            0.06910664390553539,
            0.08852886785282434,
            0.014365979679383316,
            0.08274973985316487,
            0.11777518556011655,
            0.011947631252371124,
            0.026185549803265224,
            0.5498195043855635,
            0.01732275508142167,
            0.022198142626353952
        ],
        [
            0.02629794532188293,
            0.03885607084179923,
            0.24646940705728262,
            0.08618713260156419,
            0.07437306081232355,
            0.08775939947686483,
            0.010863682215466913,
            0.15658274567092256,
            0.19599222266667615,
            0.07661833333521674
        ],
        [
            0.06549218597531936,
            0.04634498753530198,
            0.02135499421217106,
            0.04591017322285359,
            0.1342792479385921,
            0.09334892118130815,
            0.01085721461730404,
            0.12695977370883593,
            0.29502724488494886,
            0.16042525672336566
        ],
        [
            0.5138865339287273,
            0.10544032500411948,
            0.004652514069371784,
            0.24320540020071152,
            0.051079301966166335,
            0.012673635812800855,
            0.02242695713127752,
            0.01220650571492787,
            0.01866220954381982,
            0.015766616628077202
        ],
        [
            0.027025825770959445,
            0.042286962355329666,
            0.14918669791721803,
            0.06875102359114578,
            0.08422328881011802,
            0.08559577239589951,
            0.009976823754361971,
            0.34733167416629357,
            0.13666708728778462,
            0.04895484395088908
        ],
        [
            0.04617762133528376,
            0.05515046705224464,
            0.01820113382888457,
            0.040266637879429946,
            0.11757179095107302,
            0.13015115620875348,
            0.010551784224319592,
            0.06721087412354187,
            0.2889589554977257,
            0.22575957889874368
        ],
        [
            0.03405892155277794,
            0.043890840180287695,
            0.22352386785856812,
            0.12692110771652906,
            0.057347347543555006,
            0.039711876157750396,
            0.009480734728090863,
            0.32428866936639045,
            0.11548567361702732,
            0.02529096127902268
        ],
        [
            0.057336474258263125,
            0.08328637102454559,
            0.07541187993325911,
            0.3046863396492504,
            0.06322281882205422,
            0.01569638320252692,
            0.32009980909617364,
            0.018739217495144615,
            0.01570323975727587,
            0.04581746676150674
        ],
        [
            0.08798659940276571,
            0.0879257212556121,
            0.01583268855471324,
            0.0866403155426811,
            0.10639107406359868,
            0.014579160972399067,
            0.02833991121767674,
            0.5226062327059021,
            0.017669409623982058,
            0.0320288866606696
        ],
        [
            0.08935032811772911,
            0.06414504580160064,
            0.03294958232306445,
            0.136816187029067,
            0.05254036269991667,
            0.07775775210894519,
            0.008215701860412386,
            0.13337013190893676,
            0.3556058448228457,
            0.049249063327482204
        ],
        [
            0.030793580281781616,
            0.05644329804212936,
            0.1590968911020093,
            0.05673909309160434,
            0.43903639638361913,
            0.019324100921910507,
            0.07669449600885558,
            0.06359738656672527,
            0.013587417252940303,
            0.08468734034842498
        ],
        [
            0.06944481262976779,
            0.06088816772828108,
            0.028473897068260742,
            0.1098271155114837,
            0.05214931896175988,
            0.1670980009197434,
            0.008611182119962238,
            0.11295164089340827,
            0.3185183590676646,
            0.07203750509966868
        ],
        [
            0.015057424579640126,
            0.037803071521149596,
            0.07977686833426792,
            0.02706700161913377,
            0.17397075768818707,
            0.014638266281126038,
            0.3006140009806573,
            0.015727708374091393,
            0.012549011764657378,
            0.32279588885708904
        ],
        [
            0.047879834717834815,
            0.06403402400274567,
            0.03181120294455718,
            0.09246942894954828,
            0.07213400682297655,
            0.14277556375611655,
            0.009567116035355426,
            0.11854025374369599,
            0.295384823655355,
            0.1254037453718144
        ],
        [
            0.03968304006029803,
            0.07103631718451638,
            0.12125843204471161,
            0.09079823293395334,
            0.4445857980304081,
            0.01829873586781582,
            0.08011405521475208,
            0.06811712094700846,
            0.01570808778757176,
            0.05040017992896421
        ],
        [
            0.023477616479995952,
            0.05976900262446556,
            0.10671291426345485,
            0.039756995665385354,
            0.08072523620327557,
            0.21474537877438785,
            0.01185184504444112,
            0.14744271520216257,
            0.18278573420078284,
            0.13273256154164859
        ],
        [
            0.020600257097496064,
            0.04191750934115768,
            0.027346962404423455,
            0.01613819246474719,
            0.09745799682587122,
            0.4376167436172754,
            0.009899997099097321,
            0.03180601904102619,
            0.1755428652324088,
            0.1416734568764966
        ],
        [
            0.0161553830944094,
            0.07471543014299561,
            0.03389561872392761,
            0.058463927220361575,
            0.07272221659435231,
            0.011524653256749503,
            0.6206755960798975,
            0.01159463160211465,
            0.011998738578061456,
            0.08825380470713114
        ],
        [
            0.02196192046504877,
            0.0479427609024996,
            0.15008859600148777,
            0.05312077572428646,
            0.09133852827300468,
            0.24722859839214048,
            0.015840178596681572,
            0.08391821250526145,
            0.14846685554480352,
            0.14009357359478558
        ],
        [
            0.019668656458996427,
            0.03923894385553398,
            0.03067006048643178,
            0.08270367699795254,
            0.06446673893448886,
            0.011016915998334598,
            0.6933087791006778,
            0.012156681876534665,
            0.009431621601822976,
            0.03733792468922669
        ],
        [
            0.2514108866206104,
            0.1349120635319058,
            0.007303414288342185,
            0.5195432754296552,
            0.015253935737707143,
            0.010473174501791343,
            0.011669465703932702,
            0.014859466662354803,
            0.017363185174938893,
            0.01721113234876169
        ],
        [
            0.018716824900468172,
            0.0706587683534491,
            0.06017837573043636,
            0.06776286088080243,
            0.17338591329604186,
            0.010991374265159556,
            0.4720782003264277,
            0.024215223885123427,
            0.014497232035012573,
            0.08751522632707916
        ],
        [
            0.022515816011703906,
            0.09707860981380846,
            0.034198809637996465,
            0.01574017719506712,
            0.11349068508821576,
            0.5056337669086124,
            0.007058991761583911,
            0.02947573784799285,
            0.052753861109031706,
            0.12205354462598728
        ],
        [
            0.023208161102396388,
            0.04625888398027459,
            0.1547134170421647,
            0.07929702241103741,
            0.06750845089723587,
            0.23518638334283332,
            0.010552307506708946,
            0.16364305888547762,
            0.14272484744508646,
            0.0769074673867847
        ],
        [
            0.015669822573050874,
            0.04417155630498729,
            0.15773245031302258,
            0.01633149788600929,
            0.1504011837832588,
            0.3192362370616238,
            0.008188222390256837,
            0.05165142976717918,
            0.04292096273256772,
            0.1936966371880434
        ],
        [
            0.020500185822014665,
            0.04518806597727221,
            0.06254568331036367,
            0.02005866611560548,
            0.11042357870033974,
            0.4447417583874757,
            0.009407213024956616,
            0.03643928397299083,
            0.10267558263499418,
            0.14801998205398728
        ],
        [
            0.06776648201813942,
            0.05827643211643962,
            0.01712639368686481,
            0.06887428392993405,
            0.11104429569454054,
            0.09494337438070537,
            0.009192536562483112,
            0.07159429844633858,
            0.31425523107996595,
            0.18692667208458838
        ],
        [
            0.04082626525572849,
            0.13734717024996765,
            0.052539391946710624,
            0.01632294891747731,
            0.24593872270246384,
            0.03397542556460897,
            0.03168230032460476,
            0.023767178386899106,
            0.02473909289957657,
            0.3928615037519626
        ],
        [
            0.19278234762665242,
            0.4910452056173029,
            0.040521578561206306,
            0.02762365898730992,
            0.08949646501079045,
            0.043917542383303004,
            0.018271119963023764,
            0.02137404345188984,
            0.02348947234047339,
            0.051478566058048104
        ],
        [
            0.023773399900282075,
            0.031304874302786216,
            0.38636008586611903,
            0.07817165731593136,
            0.07550089334595905,
            0.058704814817887994,
            0.012026830890060057,
            0.1822130511214127,
            0.11361141615818925,
            0.03833297628137174
        ],
        [
            0.03848956333838133,
            0.07142397110952735,
            0.021591551269620018,
            0.05743624994971509,
            0.10447776379689361,
            0.012949833525991513,
            0.030767683786379858,
            0.6286611011549842,
            0.011085239588227574,
            0.02311704248027893
        ],
        [
            0.03333921405703214,
            0.07050651340635818,
            0.060881068428607146,
            0.015987283813494513,
            0.17546086096542407,
            0.02282721304037263,
            0.11750182563572645,
            0.015024870389204597,
            0.033600353299436246,
            0.454870796964344
        ],
        [
            0.12170537532098297,
            0.08326504569623527,
            0.015082082489549536,
            0.29337981860068013,
            0.11082261016190263,
            0.015883637064686366,
            0.25912771580818256,
            0.017500692635852785,
            0.02126534322886685,
            0.061967678993061034
        ],
        [
            0.38450918664436623,
            0.0703300501524784,
            0.004762817719583401,
            0.44926023323900677,
            0.018403599540147607,
            0.010782709811482081,
            0.00962830865324525,
            0.01189278669902745,
            0.019981752471230678,
            0.0204485550694322
        ],
        [
            0.272877058906161,
            0.14781392354115797,
            0.009557878908226194,
            0.2335230566491611,
            0.13088806312524412,
            0.018865488852838442,
            0.1260101852498796,
            0.015715241829326314,
            0.015959008060201767,
            0.028790094877803356
        ],
        [
            0.018325534828669894,
            0.09983705399301908,
            0.03431086362403392,
            0.09533517630717184,
            0.054651209226571726,
            0.010764479150826171,
            0.619986896918608,
            0.01262999755906175,
            0.01281741929567171,
            0.041341369096366085
        ],
        [
            0.038781601971908,
            0.051490167204566416,
            0.11862442981833156,
            0.1943490368050972,
            0.050052368809339096,
            0.09321079536506657,
            0.009961524179579621,
            0.112243520921358,
            0.2702278574919376,
            0.06105869743281624
        ],
        [
            0.08933405006494946,
            0.05877229280665556,
            0.020130224797502212,
            0.18906508702188735,
            0.040004855313770904,
            0.06481449060648455,
            0.007055103236166882,
            0.11279541679871867,
            0.35494783674624564,
            0.06308064260761861
        ],
        [
            0.5613949811008981,
            0.10742938756747727,
            0.06834190435198392,
            0.03223144230990812,
            0.06647670845319903,
