[
    {
        "accuracy": 0.38,
        "classification_report": "              precision    recall  f1-score   support\n\n           0       0.80      0.20      0.32        20\n           1       1.00      0.35      0.52        20\n           2       0.41      0.45      0.43        20\n           3       0.33      0.15      0.21        20\n           4       0.64      0.35      0.45        20\n           5       0.31      0.50      0.38        20\n           6       0.41      0.70      0.52        20\n           7       1.00      0.35      0.52        20\n           8       0.17      0.55      0.27        20\n           9       0.40      0.20      0.27        20\n\n    accuracy                           0.38       200\n   macro avg       0.55      0.38      0.39       200\nweighted avg       0.55      0.38      0.39       200\n",
        "y_score": [
            [
                0.044632032691437847,
                0.0538007707857442,
                0.08466993972510126,
                0.07821748138324267,
                0.0873051240560271,
                0.20195290688837328,
                0.010162288874286876,
                0.10635893584393957,
                0.22441718632106444,
                0.10848333343078316
            ],
            [
                0.06637831681480097,
                0.20105786136081613,
                0.11924924691119991,
                0.02839822547986295,
                0.2203725636272485,
                0.04113378096213363,
                0.06902289201577214,
                0.02675412038146105,
                0.01862176959693532,
                0.20901122284976945
            ],
            [
                0.06488351414950104,
                0.06481665154036084,
                0.047327529968808714,
                0.0831575751477342,
                0.09846090179112606,
                0.16225699140775954,
                0.0113520737960338,
                0.10351225458528099,
                0.24807747899376187,
                0.11615502861963307
            ],
            [
                0.03186574790094458,
                0.05904311452404439,
                0.09403635430133711,
                0.02336789249428976,
                0.10397190499276777,
                0.30807484941578206,
                0.007549433178296464,
                0.06860145904811803,
                0.17403759111036118,
                0.12945165303405867
            ],
            [
                0.052505940055822806,
                0.05645670903122184,
                0.11546990320270345,
                0.13154461980683363,
                0.07561802804563839,
                0.14021195727291594,
                0.01147653059296542,
                0.12191359775114158,
                0.21728552576429402,
                0.0775171884764634
            ],
            [
                0.05024712302237149,
                0.05757633860596278,
                0.02447090583826943,
                0.109716935664482,
                0.09765319109632926,
                0.010951284808064638,
                0.5504867182600048,
                0.018688299794783262,
                0.011841610709460318,
                0.06836759220027175
            ],
            [
                0.043510893844762234,
                0.05615977029053966,
                0.10797678829360724,
                0.06267275779082528,
                0.10334756292524666,
                0.18599564286520012,
                0.00970888542769158,
                0.11213588789905966,
                0.20091277980315117,
                0.11757903085991635
            ],
            [
                0.016122277184253957,
                0.03565885463410258,
                0.33492260967216914,
                0.0449121707831695,
                0.09298241556145641,
                0.1403469386682958,
                0.00929641383077949,
                0.1836993443547774,
                0.07237456340562765,
                0.06968441190536795
            ],
            [
                0.03963276255854857,
                0.10189149604948436,
                0.25303868397004164,
                0.07270729190510236,
                0.24495806039744256,
                0.027527014759636186,
                0.09896758176512477,
                0.06432519155737347,
                0.013674338735626948,
                0.08327757830161944
            ],
            [
                0.10279422302017144,
                0.10389032576607948,
                0.11343754639964362,
                0.08824104135140762,
                0.09243853792091258,
                0.29324803244110165,
                0.03404041691457591,
                0.024745667865785033,
                0.03404211403945008,
                0.11312209428087247
            ],
            [
                0.1165759612294913,
                0.08954453880517065,
                0.023081303755014278,
                0.20101464903966676,
                0.13981199722462134,
                0.011584316635570194,
                0.3317406840253781,
                0.016702100939864722,
                0.013225827725880735,
                0.05671862061934182
            ],
            [
                0.15017939450914217,
                0.17718010603719536,
                0.04320530391725422,
                0.11579875868649875,
                0.1891190616546124,
                0.032143015263187684,
                0.09664754768774687,
                0.032392539912760476,
                0.02595408539297547,
                0.1373801869386264
            ],
            [
                0.06956345516049361,
                0.05102514960322226,
                0.052900153814685734,
                0.14757892324524396,
                0.07268890842110667,
                0.10706607844419483,
                0.01265802804271029,
                0.13725836059774724,
                0.27218424410160774,
                0.07707669856898854
            ],
            [
                0.10076013552850094,
                0.05333831462133205,
                0.017146240414158624,
                0.13123652310579154,
                0.0699642083412352,
                0.1009284833266409,
                0.01000800979289896,
                0.06963594760637995,
                0.340205313506212,
                0.1067768237568494
            ],
            [
                0.18883604957468755,
                0.2650218308521377,
                0.027657196205488045,
                0.1582272369970682,
                0.07782128511660213,
                0.023672040366552884,
                0.027877441900579652,
                0.0220470658243116,
                0.016360949288415697,
                0.19247890387415617
            ],
            [
                0.0491189237087498,
                0.07062594149283723,
                0.03551639874447362,
                0.15174376687919655,
                0.07864756338799436,
                0.011580331635387759,
                0.5238885782689826,
                0.015332658923918855,
                0.012038179589137912,
                0.05150765736932136
            ],
            [
                0.059013497444764834,
                0.0679670235628884,
                0.06020411610417601,
                0.06992650511837198,
                0.08973632259520568,
                0.1912824923864781,
                0.009039438251776645,
                0.08027426461222482,
                0.25151342399811616,
                0.12104291592599749
            ],
            [
                0.18260879219134402,
                0.08155591181830663,
                0.05502539803419597,
                0.18289046941983528,
                0.09421488444194069,
                0.20155842602134016,
                0.03816987141159252,
                0.03183274235785445,
                0.045930830254061555,
                0.08621267404952904
            ],
            [
                0.08724372234116956,
                0.05014254836336391,
                0.0253581173004588,
                0.1496795331514777,
                0.06405535062541348,
                0.1059433786428673,
                0.012039875383468788,
                0.10202201906580816,
                0.3108583373844713,
                0.09265711774150112
            ],
            [
                0.0525394221410965,
                0.11722665857140484,
                0.23099756222290613,
                0.07862072737946973,
                0.06663867433192307,
                0.014591804378427553,
                0.3300085353352598,
                0.027170998830508934,
                0.017704711058474015,
                0.06450090575052951
            ],
            [
                0.02086835012478181,
                0.03900208386663493,
                0.27960853791589835,
                0.06065694266500927,
                0.08565383853411676,
                0.1527289276243435,
                0.009550495013763993,
                0.16716356941467178,
                0.1080589522682576,
                0.07670830257252215
            ],
            [
                0.11443733974768001,
                0.09677222477270413,
                0.018103399867427476,
                0.13189133360448918,
                0.1779452049718796,
                0.013785373036476927,
                0.3429576368308176,
                0.016158110989442125,
                0.01285607001850445,
                0.07509330616057909
            ],
            [
                0.11707070527483425,
                0.17691616786391232,
                0.056113157644779255,
                0.4442307235535396,
                0.05038698112000478,
                0.015875227256180336,
                0.029622896986454948,
                0.022969687496599903,
                0.01308419616241753,
                0.07373025664127643
            ],
            [
                0.026757283600686518,
                0.13606987426555367,
                0.380704980425699,
                0.012150543088782273,
                0.11222853827723016,
                0.020063753532407833,
                0.1356645870811616,
                0.022455842238762826,
                0.01282631764584069,
                0.14107827984387564
            ],
            [
                0.7749283663157156,
                0.0279985631867194,
                0.004101946706957936,
                0.07994305924691855,
                0.02653428675792332,
                0.0074439083720061056,
                0.028248765934820817,
                0.0090692223286487,
                0.017433228086051952,
                0.024298653064237712
            ],
            [
                0.05977902850388786,
                0.6026268762941537,
                0.051320517208517824,
                0.07035520624683154,
                0.04973765720049705,
                0.014716287851622862,
                0.06044713528925765,
                0.025381963861152903,
                0.013119649036151497,
                0.05251567850792708
            ],
            [
                0.06576058555982586,
                0.046142763874579606,
                0.06047411114715177,
                0.12726551387001792,
                0.07610107801437047,
                0.12785941379512272,
                0.011911346942964396,
                0.11932332906434712,
                0.2873050643414638,
                0.07785679339015622
            ],
            [
                0.24607932904163263,
                0.08213778889928841,
                0.033225822067656764,
                0.20561857644161122,
                0.07648441285726361,
                0.16441199344810623,
                0.033654144207383774,
                0.024703980989871487,
                0.04926111330863143,
                0.08442283873855445
            ],
            [
                0.058187590247834826,
                0.05167880957500262,
                0.06486828203683014,
                0.11678659537310285,
                0.07975363134033076,
                0.15833495260703312,
                0.011828077721591203,
                0.12277810287915998,
                0.24540605078821057,
                0.09037790743090378
            ],
            [
                0.03635348183502573,
                0.056383034642499795,
                0.11596751375920474,
                0.06010583085912077,
                0.08994895444332138,
                0.24232474595187486,
                0.009600982564874702,
                0.11502508499334246,
                0.17051029365510426,
                0.10378007729563161
            ],
            [
                0.04167585227968814,
                0.0651638398345354,
                0.040822764427852695,
                0.13572118070897118,
                0.08140104141212645,
                0.011335327024740861,
                0.5499126610011675,
                0.017094384493549247,
                0.01104990986014971,
                0.045823038957219134
            ],
            [
                0.010209929956349608,
                0.053880519167525225,
                0.6170351881492245,
                0.021502560230977876,
                0.06293969664937134,
                0.008302344798825906,
                0.15942278341375568,
                0.02751479907176587,
                0.004765345396225442,
                0.03442683316597847
            ],
            [
                0.015851728422900578,
                0.03634551720979383,
                0.309575634122423,
                0.04614576582092236,
                0.08283568717072784,
                0.2000741408339723,
                0.010296219334939448,
                0.14886867400360798,
                0.07529748394772193,
                0.07470914913299105
            ],
            [
                0.56233014922756,
                0.07302297741444135,
                0.03950761409774997,
                0.06250566570565459,
                0.10121550048861082,
                0.017624628035896303,
                0.04034566696988507,
                0.021915751268441787,
                0.015029371901569746,
                0.0665026748901905
            ],
            [
                0.019338297776555484,
                0.7803655393532943,
                0.009095508634391476,
                0.0018703378772671705,
                0.03136306017589783,
                0.020304337722962248,
                0.01711917160573295,
                0.003579482972877256,
                0.011038127669332994,
                0.10592613621168795
            ],
            [
                0.05980542517687708,
                0.0677017924019139,
                0.01612995971194393,
                0.12150975885226707,
                0.0968213600313978,
                0.012285923434099967,
                0.5227160406746637,
                0.01554342615174169,
                0.012949635761311005,
                0.07453667780378406
            ],
            [
                0.03671074531576115,
                0.09495884724996645,
                0.04364715281625161,
                0.03178455997011442,
                0.21401625135948166,
                0.01408298861630732,
                0.22253595744604507,
                0.015539082512494851,
                0.013884568323214969,
                0.31283984639036216
            ],
            [
                0.043716726552539935,
                0.043502726661211584,
                0.12447840710019609,
                0.10432491753525659,
                0.09774436708360808,
                0.11462702214636904,
                0.011121060120736107,
                0.2170968070953475,
                0.17072208243849046,
                0.07266588326624439
            ],
            [
                0.028097237850251897,
                0.10664626434711837,
                0.3829144038693621,
                0.038294269787237774,
                0.07629483789648465,
                0.01501290616048408,
                0.2497129364548861,
                0.02797167060755131,
                0.011130053314133045,
                0.06392541971249086
            ],
            [
                0.20304447554306476,
                0.06561459431587192,
                0.004895711113798229,
                0.2550761867015939,
                0.09173181528981611,
                0.010063408335563297,
                0.29073572968524697,
                0.013504361680398003,
                0.019674853423681908,
                0.04565886391096465
            ],
            [
                0.047482114317162934,
                0.05497865915322275,
                0.09594989414463236,
                0.10446289938287692,
                0.09063727817092081,
                0.15486321451031962,
                0.010317620635524345,
                0.11514745443425298,
                0.23022477564879637,
                0.09593608960229112
            ],
            [
                0.09358829011453848,
                0.04995413630968239,
                0.019436720155054987,
                0.1589095900575988,
                0.06223249279087481,
                0.08557038369818709,
                0.011981104307450979,
                0.10708787992137991,
                0.3198104068529027,
                0.09142899579232959
            ],
            [
                0.04623139499104616,
                0.04193057656811401,
                0.07711957546173887,
                0.1295136194852254,
                0.08825600633184016,
                0.10906719154059343,
                0.010237140051179741,
                0.243818079058372,
                0.1818579087900552,
                0.07196850772183468
            ],
            [
                0.0968015172066395,
                0.0541016241230598,
                0.04308096415738601,
                0.12957786199880494,
                0.07305407548754701,
                0.12658895693640956,
                0.011132623986780854,
                0.10295098561766378,
                0.2729963937520969,
                0.08971499673361097
            ],
            [
                0.062375933409359256,
                0.06156344543348081,
                0.047828815751849614,
                0.09965101463396786,
                0.07940518448679537,
                0.1886398201790733,
                0.009841647040606855,
                0.09321945753351711,
                0.25437784406231173,
                0.10309683746903774
            ],
            [
                0.048905745154990264,
                0.05078208072629125,
                0.07155519789168747,
                0.08341279724432628,
                0.079467071685812,
                0.2296463564360606,
                0.009805900876694886,
                0.09683155693867318,
                0.23610117733538627,
                0.09349211571007777
            ],
            [
                0.02904030075755128,
                0.06900148785389906,
                0.05491626992591736,
                0.07004793306183532,
                0.10299549428165465,
                0.01310010645037102,
                0.563243801173601,
                0.016810633650133976,
                0.00903086384699458,
                0.071813108998042
            ],
            [
                0.07605468155700795,
                0.5967542941507533,
                0.03486746271480534,
                0.0798592660537865,
                0.04902522454321646,
                0.015554171075028763,
                0.05615737386913944,
                0.022301021976582264,
                0.01575225881978818,
                0.053674245239891595
            ],
            [
                0.02566306020457707,
                0.08179552603241728,
                0.07687918392665498,
                0.03369529299455157,
                0.23244723424989988,
                0.01248785518708965,
                0.25008612675761094,
                0.022621286602259105,
                0.011803424190743471,
                0.2525210098541958
            ],
            [
                0.03374104130897332,
                0.06023849126719463,
                0.09226815707280718,
                0.04706873696367102,
                0.11078320107312348,
                0.013794697437043223,
                0.04709663222059322,
                0.5289851658519792,
                0.008108760113144835,
                0.05791511669147027
            ],
            [
                0.08557771180375953,
                0.1564261715444178,
                0.07527645528220955,
                0.046074979946757307,
                0.2951013992236547,
                0.03320423708493888,
                0.0762343518937877,
                0.040758541091610555,
                0.01976897235825161,
                0.17157717977061254
            ],
            [
                0.030061818622028592,
                0.049357225568019275,
                0.20276274912497955,
                0.06406493530892471,
                0.08987273624170483,
                0.17809527693385535,
                0.012017318625590849,
                0.13912441557140962,
                0.13791880931956252,
                0.09672471468392498
            ],
            [
                0.04677693362648184,
                0.11387022456845494,
                0.2011000675075372,
                0.07454338547597211,
                0.26111223302826314,
                0.028005925267745563,
                0.10659707926096133,
                0.06264434734706403,
                0.01450923318306478,
                0.09084057073445542
            ],
            [
                0.05317192245073747,
                0.05607520876935243,
                0.06489391008392152,
                0.09933466093619446,
                0.07870011693062483,
                0.18660745916167532,
                0.010895218023547168,
                0.1196954632656482,
                0.23411186686694355,
                0.09651417351135506
            ],
            [
                0.0740916914138047,
                0.04308863050480912,
                0.04395351333387268,
                0.15536158676123887,
                0.0691920922550007,
                0.1049268638526126,
                0.010537320987000135,
                0.10944710834005257,
                0.31436429349648654,
                0.07503689905512226
            ],
            [
                0.08266224927985852,
                0.11760344960607921,
                0.04213862178022105,
                0.1213081624586143,
                0.20527667788559245,
                0.016515787580781004,
                0.3068112606420457,
                0.017202838372521394,
                0.013002395646519112,
                0.07747855674776734
            ],
            [
                0.03518866150416185,
                0.05603927785524695,
                0.16116876392358095,
                0.0869420238836942,
                0.0862680228045118,
                0.17691651877359826,
                0.01062926118504134,
                0.11134284495388483,
                0.17092357023876584,
                0.10458105487751317
            ],
            [
                0.056012740785235035,
                0.1269603584805455,
                0.2289838435261298,
                0.09154209511491393,
                0.06237461644445257,
                0.014772943334919573,
                0.317271265192578,
                0.027305730556597057,
                0.018662377755829032,
                0.0561140288087993
            ],
            [
                0.07667501211522293,
                0.06824694940629937,
                0.009872691510084164,
                0.18216753361294727,
                0.0647933973965449,
                0.010563437300216576,
                0.5096024960630113,
                0.014352516863824012,
                0.013976632373774752,
                0.0497493333580746
            ],
            [
                0.11609522841433954,
                0.10151081557102343,
                0.12635296520431202,
                0.12742551446732678,
                0.10320853899813104,
                0.21529992686372795,
                0.033685698064701904,
                0.02723794197008983,
                0.03881849541654507,
                0.11036487502980241
            ],
            [
                0.07176595085183897,
                0.06431272433736408,
                0.050609736164307244,
                0.11374330143127051,
                0.08207874401832131,
                0.14168894632956633,
                0.011694943793496611,
                0.1018128332945614,
                0.26351644147710607,
                0.09877637830216757
            ],
            [
                0.09392690365042891,
                0.04750048377544287,
                0.027392309915170554,
                0.1588442069521681,
                0.06612943831275306,
                0.09892712656404266,
                0.0123600584250255,
                0.10874027915452888,
                0.3090092323869208,
                0.07716996086351874
            ],
            [
                0.11745792723915818,
                0.11142585878003379,
                0.10785070170373766,
                0.05176383543616761,
                0.10978637495983898,
                0.27697413373572055,
                0.02971785083185849,
                0.01957338952069753,
                0.0383833009471347,
                0.1370666268456529
            ],
            [
                0.05573449131080713,
                0.049240307686348204,
                0.06985180257800937,
                0.13140406193407142,
                0.07726883139287166,
                0.1256167610637797,
                0.01265581017309695,
                0.1655149968389507,
                0.23060742373862447,
                0.08210551328344004
            ],
            [
                0.0781452540582951,
                0.047622442890175566,
                0.031523414305270336,
                0.15399430798189315,
                0.072835877771864,
                0.09576851305632716,
                0.011704067326464137,
                0.1353004829337937,
                0.28758369920173893,
                0.08552194047417808
            ],
            [
                0.08651870993393929,
                0.20813116232451492,
                0.024398361309864895,
                0.01051118036290719,
                0.2800009519298377,
                0.03741665059002217,
                0.03760601099441558,
                0.01659826263280507,
                0.021253016704312705,
                0.27756569321738045
            ],
            [
                0.0386134119111682,
                0.05597266445571055,
                0.10626025318568239,
                0.0632043148208615,
                0.09983584032554471,
                0.1815118451125717,
                0.00962107579807049,
                0.1361732668267388,
                0.18089791170976716,
                0.1279094158538845
            ],
            [
                0.0706830704540498,
                0.05148767505412755,
                0.05114547906633146,
                0.12410629874235204,
                0.08007720918650367,
                0.1395548763289642,
                0.01127514968546142,
                0.10731543048343359,
                0.2794414895802841,
                0.08491332141849166
            ],
            [
                0.07094207550873478,
                0.05367075602878229,
                0.038709436715443774,
                0.14297923887325517,
                0.07750863150062622,
                0.11297621638138713,
                0.011229320714177026,
                0.14051866806246985,
                0.25739982409327733,
                0.09406583212184617
            ],
            [
                0.020788081111293377,
                0.03639963750047497,
                0.251852235979872,
                0.04762733420406329,
                0.11004530034728323,
                0.13090956744116303,
                0.009151833779771733,
                0.22113923716770467,
                0.09610241487128879,
                0.07598435759708509
            ],
            [
                0.06570807528261786,
                0.11577763465623465,
                0.03900641477364638,
                0.10858982450026886,
                0.20110450576477282,
                0.01534865353044655,
                0.35236439642819495,
                0.018559502133942883,
                0.010829881044592033,
                0.0727111118852832
            ],
            [
                0.08082678596252475,
                0.05045094489649787,
                0.03305172674797656,
                0.1304172506838771,
                0.07433900512233654,
                0.11884175427944828,
                0.012598529576126937,
                0.09828800591894885,
                0.30967843445254845,
                0.09150756235971456
            ],
            [
                0.03768849588768677,
                0.600415986276856,
                0.07858057272493361,
                0.06455675458891477,
                0.049999101524694306,
                0.015988369181538124,
                0.06435458569880555,
                0.02571952910732111,
                0.011483997104729375,
                0.051212607904520674
            ],
            [
                0.0739861511718774,
                0.06475166906082971,
                0.0215744000318002,
                0.10469762366029517,
                0.09041322954033044,
                0.009925499372406103,
                0.04851045608332541,
                0.5341601349744625,
                0.012184320248509732,
                0.03979651585616334
            ],
            [
                0.03728349426502113,
                0.047008133836926196,
                0.16322887688014429,
                0.09596685560647139,
                0.08369876737075915,
                0.15323167366720394,
                0.011629583788701318,
                0.12034751769781646,
                0.19062901472042396,
                0.09697608216653159
            ],
            [
                0.06976786905795392,
                0.05473992712273017,
                0.04075039547220374,
                0.08166367642471908,
                0.10714898194219828,
                0.13382290432499816,
                0.010930504113674107,
                0.12157435087637979,
                0.26969243194895004,
                0.10990895871619273
            ],
            [
                0.1570380145535275,
                0.07422398161127734,
                0.007996715741942327,
                0.25970070351189517,
                0.10549604299019853,
                0.010729912177227654,
                0.3129430855497613,
                0.015961729611835684,
                0.01641880593290077,
                0.03949100831943373
            ],
            [
                0.036778439792068844,
                0.045515842642540556,
                0.13052299013404986,
                0.08578678162015785,
                0.10062502434161731,
                0.14944424877219836,
                0.011474551833246834,
                0.19764081069999503,
                0.1576735662675545,
                0.08453774389657089
            ],
            [
                0.07075812626613494,
                0.06283811973348119,
                0.02967572649063078,
                0.07055483768472712,
                0.10317121649839124,
                0.15783192970148419,
                0.009322034204661874,
                0.09207098236121708,
                0.2722557563327018,
                0.1315212707265702
            ],
            [
                0.0321896961893071,
                0.04050523192400681,
                0.1811884664945262,
                0.12048428215935503,
                0.07515201589131701,
                0.12141931855346376,
                0.011949098325381036,
                0.21066295256154222,
                0.1442378013290051,
                0.062211136572095836
            ],
            [
                0.03444926405018335,
                0.054990066559813616,
                0.09919658804482182,
                0.21661133943667144,
                0.04525016188032838,
                0.008736665427711647,
                0.4932618846203587,
                0.013857362246607791,
                0.007577959532476757,
                0.026068708201026282
            ],
            [
                0.09763799780022778,
                0.06948867535513904,
                0.023039049585032348,
                0.11261562143165071,
                0.08959975213034077,
                0.011820381287624854,
                0.049925449918877624,
                0.47981631294861765,
                0.013178103519586018,
                0.0528786560229031
            ],
            [
                0.06250930140430216,
                0.0546484284281275,
                0.06695269638370345,
                0.13804292929622186,
                0.07425849115662625,
                0.12784138846260198,
                0.012641996910609209,
                0.12541325114912716,
                0.2619030173106681,
                0.07578849949801236
            ],
            [
                0.061631266583986696,
                0.12207623006451175,
                0.17891461234868772,
                0.07715400092929216,
                0.2475478610015817,
                0.026885505553466638,
                0.09866859514731786,
                0.061578431493405306,
                0.0171859649622089,
                0.10835753191554132
            ],
            [
                0.05976436611494921,
                0.05506945738545372,
                0.055907503243000846,
                0.1213546835373846,
                0.07374915459093946,
                0.17861861905231313,
                0.01199507698231297,
                0.10763893754068793,
                0.2499441709003651,
                0.08595803065259353
            ],
            [
                0.02158942560343433,
                0.07616689243205675,
                0.09165701835986886,
                0.03836669081986805,
                0.19144060485315176,
                0.014375944314502476,
                0.31700583029222434,
                0.01914437540047817,
                0.01133070248733848,
                0.2189225154370764
            ],
            [
                0.060805472177038106,
                0.06075545621463846,
                0.05482808458928894,
                0.1061385891168112,
                0.08596878173974751,
                0.1516915245832412,
                0.010807520454182698,
                0.11152363738268867,
                0.24973794644102423,
                0.10774298730133855
            ],
            [
                0.07497953395458909,
                0.12865392328480305,
                0.13854481956305437,
                0.11073997538241771,
                0.2514947078193168,
                0.026458690949626548,
                0.09922175783609923,
                0.06266511525139173,
                0.01843970139116129,
                0.0888017745675402
            ],
            [
                0.045350811982292606,
                0.06726490284456069,
                0.10063758702397298,
                0.06337964376287687,
                0.09324610852722301,
                0.18609146776376972,
                0.010367061850207545,
                0.1176427662599798,
                0.19810605531101583,
                0.11791359467410117
            ],
            [
                0.05179564138033981,
                0.07146081824795095,
                0.04125560429956245,
                0.028389206639068673,
                0.10035633877301926,
                0.26048910338667786,
                0.007859219398358541,
                0.05684618327297181,
                0.24710202360166628,
                0.1344458610003845
            ],
            [
                0.05142570319780871,
                0.08313336608401647,
                0.030363135339568453,
                0.09792723296198776,
                0.13584232327937082,
                0.012378575948372439,
                0.39847464457534937,
                0.01619635553951238,
                0.01473781720096726,
                0.15952084587304557
            ],
            [
                0.038923244776408954,
                0.06712063411138308,
                0.13501128034709314,
                0.055864182249215605,
                0.08862461182768568,
                0.21899445282823907,
                0.011452617537871959,
                0.09064777926946276,
                0.18455118393116093,
                0.10881001312147898
            ],
            [
                0.03519798551770671,
                0.06256578250528942,
                0.045346275760228184,
                0.11041423328022373,
                0.08457744672626387,
                0.013784503500298759,
                0.5707567672550394,
                0.017359317371715074,
                0.01047814103164924,
                0.049519547051585656
            ],
            [
                0.2027845852619081,
                0.1255337326780712,
                0.013954890942040632,
                0.5094595979918902,
                0.02850644912299859,
                0.009856502294767783,
                0.02413755785940422,
                0.016862679557920212,
                0.014940919136600466,
                0.05396308515439886
            ],
            [
                0.05133693289174102,
                0.06629305328081347,
                0.04449479717376372,
                0.106517339863646,
                0.21226960048840465,
                0.011172109330641397,
                0.31401791408427887,
                0.024941172397501838,
                0.015723266390892908,
                0.15323381409831688
            ],
            [
                0.020419820254117635,
                0.06611870135345412,
                0.08963169179483273,
                0.009576199813955666,
                0.10260018948062855,
                0.4075945017510787,
                0.007441686221091908,
                0.046529077947755126,
                0.11189870196658828,
                0.13818942941649728
            ],
            [
                0.037180643744137105,
                0.0580926762589285,
                0.12047710012230442,
                0.08122551330339055,
                0.081386557620358,
                0.22203829753457302,
                0.009902964577465551,
                0.120426862808924,
                0.1757335946386391,
                0.09353578939127982
            ],
            [
                0.01895662472539279,
                0.0468561770885299,
                0.22765197602108614,
                0.01577088242049196,
                0.1162256691590416,
                0.24963076938964593,
                0.007144429180577351,
                0.10541711238119031,
                0.0954066183821062,
                0.11693974125193769
            ],
            [
                0.03637092573244012,
