[
    {
        "accuracy": 0.38,
        "classification_report": "              precision    recall  f1-score   support\n\n           0       0.80      0.20      0.32        20\n           1       1.00      0.35      0.52        20\n           2       0.41      0.45      0.43        20\n           3       0.33      0.15      0.21        20\n           4       0.64      0.35      0.45        20\n           5       0.31      0.50      0.38        20\n           6       0.41      0.70      0.52        20\n           7       1.00      0.35      0.52        20\n           8       0.17      0.55      0.27        20\n           9       0.40      0.20      0.27        20\n\n    accuracy                           0.38       200\n   macro avg       0.55      0.38      0.39       200\nweighted avg       0.55      0.38      0.39       200\n",
        "y_score": [
            [
                0.04530656303349923,
                0.053231891848024224,
                0.08330102379659125,
                0.0720649307024552,
                0.08714067405189065,
                0.2047228227057387,
                0.009716896965608972,
                0.1068871459768014,
                0.228007611077072,
                0.10962043984231831
            ],
            [
                0.06539775143288269,
                0.18905678417156974,
                0.11675876719991983,
                0.02608057056024777,
                0.24208650474121132,
                0.041851836255471724,
                0.06596972328696217,
                0.028567446692731452,
                0.018714387555337716,
                0.20551622810366557
            ],
            [
                0.06631147542152076,
                0.06402738165147581,
                0.045984806327726814,
                0.07702804447121918,
                0.09972585070083674,
                0.16252092817893973,
                0.010942355227742406,
                0.1045401656027186,
                0.25147578206458987,
                0.11744321035323013
            ],
            [
                0.031768187168380875,
                0.058570330982689295,
                0.0943466772931453,
                0.020377402439876974,
                0.10225772264563979,
                0.3117593872491918,
                0.007128596749701964,
                0.0683735450783161,
                0.1747620461202386,
                0.13065610427281954
            ],
            [
                0.05388019078898161,
                0.055640991105240435,
                0.11344546891052312,
                0.1264366648089963,
                0.07672941870691821,
                0.14041661205985298,
                0.011063855112344558,
                0.12376610054093043,
                0.22109266968304028,
                0.07752802828317158
            ],
            [
                0.051229947265463475,
                0.05995406215277436,
                0.02419826753820632,
                0.10580028596635357,
                0.09868671974412148,
                0.010993786407419819,
                0.5480687626976127,
                0.019291232161712524,
                0.012035705998310109,
                0.06974123006802552
            ],
            [
                0.044157515214325295,
                0.05624654202059234,
                0.10619701671975458,
                0.057126463424229064,
                0.10376649761089578,
                0.18792015349263957,
                0.009279022157675428,
                0.11350075685121626,
                0.20399853503065274,
                0.11780749747801923
            ],
            [
                0.016074878058081003,
                0.03577445274512303,
                0.3329014624037335,
                0.04127737395554642,
                0.09450638161113788,
                0.1415496766910957,
                0.008853918256299966,
                0.18615708721735985,
                0.0721799946334703,
                0.07072477442815218
            ],
            [
                0.03997239563849667,
                0.10522078637251253,
                0.25211246254724345,
                0.0704269325371694,
                0.24975318917037118,
                0.027644021499605265,
                0.09352659288405042,
                0.06575212110642667,
                0.012817245596954078,
                0.08277425264717027
            ],
            [
                0.10005520832913678,
                0.09830724440870237,
                0.11456548254678527,
                0.08213433458674997,
                0.09913853318228039,
                0.2999706201511838,
                0.0323237125104181,
                0.024515752586493328,
                0.03420300844501296,
                0.11478610325323756
            ],
            [
                0.11434107505210235,
                0.08991722711004813,
                0.02225750941349028,
                0.19912041628884722,
                0.14573095251870308,
                0.01121963073771943,
                0.331048221012368,
                0.017098982935886776,
                0.01280477261369996,
                0.05646121231713487
            ],
            [
                0.14953721281771984,
                0.16712303064221568,
                0.041544221493813205,
                0.11214251580492479,
                0.2090075753137376,
                0.0321214849625138,
                0.09229016382309703,
                0.03368371251924519,
                0.025621942222278336,
                0.13692814040045462
            ],
            [
                0.07231787610669767,
                0.05068341158829032,
                0.05144286230747154,
                0.14126588464867937,
                0.0742168281867449,
                0.10498241486226847,
                0.012287061321988656,
                0.14017764887857087,
                0.2760324290778221,
                0.07659358302146645
            ],
            [
                0.10269989176203638,
                0.05088177979742818,
                0.01665938867028881,
                0.12653491147512932,
                0.07005733910559135,
                0.09867173146818563,
                0.009773468931739466,
                0.07031829989720692,
                0.3441262609572168,
                0.11027692793517736
            ],
            [
                0.18721626297101124,
                0.2558327587695297,
                0.026079675534495972,
                0.14875069718897527,
                0.10382433742542813,
                0.022727608441350376,
                0.02594744788080062,
                0.02207513274074376,
                0.016569027591873543,
                0.19097705145579125
            ],
            [
                0.04982459189762809,
                0.07157904315299492,
                0.035408637998819714,
                0.14632849134756493,
                0.0796624385383237,
                0.011606950243338715,
                0.5261455465797026,
                0.015647227434032553,
                0.012148501044204379,
                0.05164857176339107
            ],
            [
                0.06005088172447964,
                0.066293446303077,
                0.05893527308760001,
                0.06389887983865902,
                0.08948030935889928,
                0.19301989525312577,
                0.00868931032735736,
                0.08071472160919059,
                0.2561765198126928,
                0.12274076268491824
            ],
            [
                0.18044500143089107,
                0.07657142445591246,
                0.05469309866947831,
                0.18026609186987033,
                0.10039942214876846,
                0.20689314551870072,
                0.03632250662611876,
                0.031777392458294786,
                0.04635998125537066,
                0.08627193556659456
            ],
            [
                0.08991402053799777,
                0.04845470955961084,
                0.02468486842630391,
                0.14454679043798377,
                0.0647615988418532,
                0.1038206559355176,
                0.011751185012635406,
                0.10347072424771711,
                0.3155127540644359,
                0.09308269293594407
            ],
            [
                0.05100884024675099,
                0.11418280633377426,
                0.23370980067706504,
                0.0783320511194926,
                0.07576054182316326,
                0.01502307565199168,
                0.31909209325316995,
                0.028162782175014663,
                0.01813335244423806,
                0.06659465627533916
            ],
            [
                0.020972718306737595,
                0.03885045858156084,
                0.2770113674572275,
                0.056564969091939754,
                0.08671218613725952,
                0.15471289513376926,
                0.00913423491704155,
                0.16977157880590169,
                0.10869781901374231,
                0.0775717725548203
            ],
            [
                0.11155889706751108,
                0.09695796762396586,
                0.017376394304654336,
                0.1297648599801199,
                0.18604043491898223,
                0.013664641367585445,
                0.3385353002019944,
                0.01708180504954998,
                0.01242147015994106,
                0.07659822932569524
            ],
            [
                0.1251181994319896,
                0.1747159653773266,
                0.05637887054795298,
                0.42762750904300706,
                0.06471083523555042,
                0.01553338205684074,
                0.029130394719513068,
                0.022784206055330183,
                0.01344980111505865,
                0.07055083641743011
            ],
            [
                0.02561782498961434,
                0.12867608803907893,
                0.3799507020449558,
                0.010839499351711527,
                0.1289415601245488,
                0.020470668764066068,
                0.1305895115501077,
                0.022791914768054956,
                0.012781004435406402,
                0.1393412259324555
            ],
            [
                0.6911066844865765,
                0.030522996619435326,
                0.0048241257622562055,
                0.13853813781444027,
                0.03791140518577741,
                0.008262926351918855,
                0.03061238907189594,
                0.010805144523450829,
                0.018566095078399382,
                0.028850095105849412
            ],
            [
                0.05237386240540157,
                0.5911524449556479,
                0.04907979728981476,
                0.07046242860693008,
                0.07708943559516876,
                0.013906612148958568,
                0.05751295511697305,
                0.02560604806974587,
                0.01257854734688356,
                0.05023786846447642
            ],
            [
                0.06798245360624246,
                0.04589499506321902,
                0.05885496470163085,
                0.12149398567456846,
                0.07708646782686822,
                0.12634866977516715,
                0.01153706559401221,
                0.12102761908809098,
                0.29099760195593144,
                0.07877617671426888
            ],
            [
                0.24107552061681367,
                0.07537256539215964,
                0.03294626769533199,
                0.20793936310486763,
                0.08434551260360686,
                0.16729860774397984,
                0.03200424262204719,
                0.024613696849145474,
                0.0499346447490083,
                0.08446957862303955
            ],
            [
                0.059823514065713776,
                0.051504459898668094,
                0.06331260183295558,
                0.11075133865493919,
                0.08094129374493902,
                0.15850250694839568,
                0.011409897435191576,
                0.1238277556694948,
                0.2491192497068407,
                0.09080738204286194
            ],
            [
                0.03644907513043609,
                0.05569894156392185,
                0.1153060470684574,
                0.05443802208758063,
                0.09016836916979544,
                0.24677494837804398,
                0.009145258891575218,
                0.11490297697636559,
                0.17236109855650947,
                0.10475526217731411
            ],
            [
                0.04264959449399466,
                0.067098713421866,
                0.040859132566118145,
                0.13046427613880585,
                0.08225159939497886,
                0.01138598108083372,
                0.5507438359211102,
                0.01741306015915208,
                0.011128709073099747,
                0.04600509775004084
            ],
            [
                0.009726271795261573,
                0.04916777280979776,
                0.6312687871877567,
                0.02051012316999559,
                0.06375262810456432,
                0.008270630118177743,
                0.15116825155366048,
                0.026898071208548723,
                0.004446486613800291,
                0.03479097743843653
            ],
            [
                0.01580110274062671,
                0.03602637880533168,
                0.30947969948557597,
                0.042201923683786835,
                0.0829999876264715,
                0.2037710180341836,
                0.009798268903918715,
                0.14934132359413493,
                0.07482225773706763,
                0.07575803938890227
            ],
            [
                0.520139850505526,
                0.07077689364380078,
                0.04015132913634905,
                0.08160836531951376,
                0.11920849626462145,
                0.018398672623183464,
                0.03945457430746849,
                0.023798380831110397,
                0.015444680548675788,
                0.07101875681974999
            ],
            [
                0.015575135893363819,
                0.7572418655904304,
                0.008392505345883912,
                0.0016131331793457471,
                0.06567172443647525,
                0.019983698175701198,
                0.015420876610965747,
                0.0032155855603271445,
                0.011086883276014519,
                0.10179859193149245
            ],
            [
                0.06068405776279925,
                0.06872132031656684,
                0.015930905235547656,
                0.11757625796136321,
                0.09809812814411233,
                0.012366278874939353,
                0.5211937415592887,
                0.016162346103593003,
                0.013204677436608506,
                0.07606228660518179
            ],
            [
                0.0371231517783628,
                0.0933557399446849,
                0.04254812445192998,
                0.028079040822316235,
                0.22122661226655818,
                0.01473895464620181,
                0.22106680825934022,
                0.01723324516270326,
                0.015037087657273069,
                0.30959123501062935
            ],
            [
                0.044751074335688715,
                0.044523423698611383,
                0.12040702439506412,
                0.09776763918030988,
                0.10197136536599968,
                0.11287401283992798,
                0.010622247033472882,
                0.22293498767568679,
                0.1718361149096281,
                0.07231211056561032
            ],
            [
                0.02703081176692721,
                0.1016981080177098,
                0.3896609058412975,
                0.03722668202353916,
                0.0846697455794855,
                0.0154538665419635,
                0.23901535029046714,
                0.0285926440671564,
                0.011112087150462841,
                0.0655397987209914
            ],
            [
                0.19611151230837792,
                0.0628893396706493,
                0.004758185480202315,
                0.2609397345035381,
                0.09662366162012631,
                0.009683063579791143,
                0.2909306892497754,
                0.013610107649338635,
                0.019382129713958914,
                0.045071576224242384
            ],
            [
                0.0487779203687639,
                0.05459119325663832,
                0.09387752906744494,
                0.09865798685928923,
                0.09129346455139015,
                0.15547168449766366,
                0.00988634236293543,
                0.1167873833288922,
                0.23356952094236055,
                0.09708697476462116
            ],
            [
                0.09648960111626413,
                0.048064412252633366,
                0.01888670058672426,
                0.1537161969224562,
                0.06313671938625344,
                0.08312392257944666,
                0.011746999912569092,
                0.10915398817321777,
                0.3243667563448095,
                0.0913147027256259
            ],
            [
                0.04778695810743831,
                0.042914213299876346,
                0.07440042510759608,
                0.12091703642681026,
                0.09282986190904254,
                0.10619466194019075,
                0.009846590394569798,
                0.2514682149495778,
                0.18296034753399962,
                0.0706816903308984
            ],
            [
                0.09915345615269175,
                0.0526575641840708,
                0.04185250712049239,
                0.12480416895167207,
                0.0739414079470412,
                0.12541438215755898,
                0.010761171114083486,
                0.10389061137303778,
                0.2768909716643258,
                0.0906337593350257
            ],
            [
                0.06366890893663257,
                0.060142813989609925,
                0.04663115848783048,
                0.09320700345845248,
                0.0796687574997703,
                0.19025988308547687,
                0.009486857499816904,
                0.09326273869168428,
                0.25855628869108427,
                0.10511558965964132
            ],
            [
                0.049724179594967076,
                0.050305919357833094,
                0.07037916876197568,
                0.07689603470502,
                0.07936023593948753,
                0.23250172795865373,
                0.009418787567337905,
                0.09615777992968204,
                0.2397075489676901,
                0.09554861721735271
            ],
            [
                0.029084266698234242,
                0.07155273867973067,
                0.05496572146495066,
                0.06714033273701775,
                0.10421900341150457,
                0.013446805664820715,
                0.5590447357213114,
                0.01761665115257635,
                0.009181629990005482,
                0.07374811447984839
            ],
            [
                0.06580895529052605,
                0.5916440642342029,
                0.03276356004162431,
                0.07977846655824186,
                0.07423792396541884,
                0.014569570266151504,
                0.05298496200468934,
                0.022270248489525066,
                0.015088642051334006,
                0.050853607098286
            ],
            [
                0.026316012172919866,
                0.08398357948922255,
                0.07598291021111894,
                0.030087115533367965,
                0.2400295072001047,
                0.013062696753913406,
                0.24384895734732817,
                0.024697349663448477,
                0.01243356013473639,
                0.24955831149383914
            ],
            [
                0.032176209498986266,
                0.06176058111497978,
                0.08513979508724423,
                0.0414265311093417,
                0.12457874409962318,
                0.012996436280473337,
                0.044703591563246,
                0.5315600925899585,
                0.007587788838364794,
                0.05807022981778223
            ],
            [
                0.08575809843688038,
                0.16145057537804539,
                0.07135663689736081,
                0.04259490196323474,
                0.30345107216349426,
                0.03313084138582835,
                0.07227779287391349,
                0.043094254434856975,
                0.019143390676919964,
                0.16774243578946563
            ],
            [
                0.030201641819309708,
                0.04869486171274535,
                0.20123136558687788,
                0.059373176374710415,
                0.09073820982485455,
                0.18058345272713888,
                0.011478094827888679,
                0.14099055791264037,
                0.13943459697064844,
                0.09727404224318559
            ],
            [
                0.04696566005381599,
                0.1179439051127652,
                0.19834910700949018,
                0.07194534789907817,
                0.26782277343677413,
                0.02801817021160967,
                0.10075539606606752,
                0.06436737502764465,
                0.013637466560688444,
                0.09019479862206632
            ],
            [
                0.05433506466078466,
                0.055519529391580814,
                0.06355493139409413,
                0.09318159274189353,
                0.07967669442061558,
                0.1877297025175923,
                0.010511031012102136,
                0.12009612443498391,
                0.23798158819639909,
                0.09741374122995408
            ],
            [
                0.07741214153565085,
                0.04278525175346013,
                0.04272391165355425,
                0.14945665323521093,
                0.06953324401489082,
                0.10240909149405202,
                0.010243866702835433,
                0.11133396893271025,
                0.3184923496803339,
                0.07560952099730178
            ],
            [
                0.08056136740062501,
                0.11908926566365723,
                0.04073478797975455,
                0.11763978221045877,
                0.21580119839303347,
                0.01645461908962012,
                0.30078807083072834,
                0.01823480400279274,
                0.012407125166934778,
                0.07828897926239528
            ],
            [
                0.035739638094529055,
                0.05480335942000652,
                0.15979578145537782,
                0.08191120010580255,
                0.08653072127531429,
                0.17971303741814448,
                0.010188921255680095,
                0.11270824806329713,
                0.17356173144650813,
                0.10504736146534023
            ],
            [
                0.05423706438628115,
                0.12411506829843222,
                0.23127934384838977,
                0.09139419922852218,
                0.07196654580703844,
                0.015134525292786888,
                0.3070566344454966,
                0.02814413977934925,
                0.01904860746648563,
                0.05762387144721831
            ],
            [
                0.07770057586403953,
                0.06671155517742619,
                0.009920517565998951,
                0.1766888751482991,
                0.06559312037771031,
                0.010567489418815069,
                0.5139730511378044,
                0.014645287781734512,
                0.014261689692186219,
                0.049937837835985995
            ],
            [
                0.11418660078157486,
                0.09637584601624911,
                0.1267376779340079,
                0.12159429516030253,
                0.110615271833746,
                0.22133391784726095,
                0.03197112737806467,
                0.02730913631130333,
                0.039105116666205815,
                0.11077101007128501
            ],
            [
                0.0738144982238424,
                0.0627584392088844,
                0.04925368121744105,
                0.10818142008693256,
                0.08330889250189799,
                0.14120759149970571,
                0.011299954950900378,
                0.10274914513909911,
                0.2671121814681392,
                0.10031419570315712
            ],
            [
                0.09735571970264785,
                0.04629375384054905,
                0.026632593474849923,
                0.15340215240821506,
                0.06712241459615317,
                0.0964985559120259,
                0.012065823712087989,
                0.11038757916072273,
                0.31274504025568406,
                0.07749636693706444
            ],
            [
                0.11446553697150148,
                0.10560799679846566,
                0.10822243260335662,
                0.04703215560077678,
                0.1185306933737052,
                0.2822018781874207,
                0.028092542799172456,
                0.019573325450830237,
                0.038561974319243075,
                0.13771146389552752
            ],
            [
                0.057585208007095066,
                0.0493144008602537,
                0.06798170427982653,
                0.1247654626001415,
                0.07930518286014528,
                0.12423087529479873,
                0.012208646850324524,
                0.16930358062302583,
                0.23391575324379457,
                0.0813891853805939
            ],
            [
                0.080898358211558,
                0.04690141974984071,
                0.030595683381684106,
                0.14794627042305053,
                0.07434124088817817,
                0.09341818996061808,
                0.011429957907546898,
                0.1382823333958199,
                0.2911445657216882,
                0.0850419803600157
            ],
            [
                0.08795588625277363,
                0.19964381052815794,
                0.022863019976729636,
                0.010616262238596016,
                0.29289832179453645,
                0.038128133669497855,
                0.035745059442761955,
                0.01799970430847967,
                0.021568662475408073,
                0.27258113931305855
            ],
            [
                0.03908562122304118,
                0.055557633908933715,
                0.10465642078245574,
                0.05727925964308284,
                0.10094876819055747,
                0.18333687946805619,
                0.009210532732876222,
                0.1388467007535711,
                0.1839857127761513,
                0.12709247052127456
            ],
            [
                0.07289290122397414,
                0.05109955706842696,
                0.0497437938549713,
                0.11859302158987732,
                0.08081044795512722,
                0.13867588826765104,
                0.010895273569560004,
                0.10814576472018789,
                0.2829674653582094,
                0.08617588639201455
            ],
            [
                0.07309933520843627,
                0.052926047395676884,
                0.03757286360348842,
                0.1370772512846141,
                0.07942733331318759,
                0.1112094372923507,
                0.010928528458323409,
                0.14341362675773314,
                0.2612582273012746,
                0.09308734938491443
            ],
            [
                0.02075958245209573,
                0.03731034640807846,
                0.2473589972437025,
                0.043421301908401835,
                0.1139368521445434,
                0.12988479753580975,
                0.008708611624123466,
                0.22572948020439387,
                0.09604334390557245,
                0.0768466865732788
            ],
            [
                0.06381385727367213,
                0.11754092920355545,
                0.0376817809437671,
                0.10498739959722095,
                0.21050683211879076,
                0.015291719665480472,
                0.34659515327147933,
                0.019651063622703527,
                0.010321799058856992,
                0.07360946524447373
            ],
            [
                0.08312254586861309,
                0.0493592856662015,
                0.03209245011037248,
                0.12521413806152265,
                0.07479602904605008,
                0.11710648792492657,
                0.01220879519698162,
                0.09940556992186407,
                0.3136332749699994,
                0.09306142323346876
            ],
            [
                0.03436926040799847,
                0.5856729547678697,
                0.07627159315046769,
                0.06421806819309406,
                0.07655652321961998,
                0.01536283475405704,
                0.0614780154874584,
                0.02594549721954322,
                0.010991342867315429,
                0.0491339099325759
            ],
            [
                0.07340364819257565,
                0.06547919435649474,
                0.01959229004941338,
                0.09369321558410257,
                0.10237968853830781,
                0.009130050463894356,
                0.046903368905372514,
                0.5382169662730896,
                0.01153726805712297,
                0.03966430957962686
            ],
            [
                0.037985817652593276,
                0.0466264306340772,
                0.16089663137956653,
                0.09100983416891054,
                0.08437638412454947,
                0.15483174857941334,
                0.011158729686292735,
                0.12194867319979187,
                0.19409460718982124,
                0.09707114338498367
            ],
            [
                0.07124080094101458,
                0.054350351627870844,
                0.039317302744893444,
                0.07540910649149511,
                0.10882042573432897,
                0.13271764335698402,
                0.010540019907929835,
                0.12386512997977064,
                0.2717727364091171,
                0.11196648280659569
            ],
            [
                0.1540252863545144,
                0.07191481105249023,
                0.007750727012522965,
                0.260106704121827,
                0.11033877570690394,
                0.010415740992758285,
                0.3145725038205722,
                0.01613037136189481,
                0.01610287875585864,
                0.03864220082065774
            ],
            [
                0.03730096430254898,
                0.0462334998521806,
                0.12715541169964079,
                0.0797742669921286,
                0.10378197899287862,
                0.14899617556705905,
                0.010941325942449214,
                0.2021834250109857,
                0.15902834794758022,
                0.08460460369254867
            ],
            [
                0.0720355174394945,
                0.06143249177115538,
                0.028672440705324685,
                0.06422052050597145,
                0.10384912362553375,
                0.157514788511306,
                0.00903417437901484,
                0.09357221229133089,
                0.276589822534366,
                0.13307890823650254
            ],
            [
                0.0329474495228306,
                0.040644701292714955,
                0.17760824977864836,
                0.11388695626012835,
                0.0777183524084449,
                0.12076729355981723,
                0.011498839251331237,
                0.2170798037522528,
                0.14615452094367876,
                0.06169383323015297
            ],
            [
                0.03563749390150929,
                0.0539151176765331,
                0.10219931542668334,
                0.20924887822593335,
                0.04563828135111852,
                0.008595828772905293,
                0.49775485275453496,
                0.013666202440144324,
                0.007613853261557471,
                0.02573017618908044
            ],
            [
                0.0969318059737081,
                0.06865191790132545,
                0.02099361022696904,
                0.10246487527870697,
                0.10054923012904544,
                0.010925340853947228,
                0.048244496885905146,
                0.48600616285333104,
                0.012691825493691609,
                0.05254073440337039
            ],
            [
                0.06468266278623881,
                0.05427855228514452,
                0.06531808051316347,
                0.132313848304879,
                0.07538686404189923,
                0.1265796959546309,
                0.012220399994488583,
                0.12744378562675374,
                0.2656845160257969,
                0.07609159446700527
            ],
            [
                0.06170899390714281,
                0.12476377439198388,
                0.1760180797372127,
                0.07452848845659955,
                0.25473348729033146,
                0.02695462809905162,
                0.09365445045427925,
                0.06337651535640795,
                0.016457954224472958,
                0.10780362808251776
            ],
            [
                0.06129917929728186,
                0.054364051322564985,
                0.05474438604446396,
                0.11534591232242612,
                0.07446609351007566,
                0.17972274299646457,
                0.01158532834263911,
                0.10763545551558847,
                0.2541039231152439,
                0.08673292753325094
            ],
            [
                0.022036268430650093,
                0.07682838805545274,
                0.09160148079531891,
                0.034607746120197534,
                0.1979730502182263,
                0.015052062160593856,
                0.31127457766525746,
                0.020697656812547493,
                0.011879790338321095,
                0.21804897940343473
            ],
            [
                0.06239311828443451,
                0.05969755603736239,
                0.05335301880220808,
                0.09993706444288517,
                0.08680374814530487,
                0.15190771078121357,
                0.010405565159094772,
                0.11304785940549789,
                0.2535689742344507,
                0.10888538470754851
            ],
            [
                0.0753512839647021,
                0.1321447080766421,
                0.13542610394829843,
                0.10752326657266532,
                0.25977354321989693,
                0.026267709849662882,
                0.09418851507252429,
                0.0641171990526121,
                0.01752159672982381,
                0.08768607351317229
            ],
            [
                0.045819448651005644,
                0.06595533466393566,
                0.0991763231391935,
                0.057893908869648354,
                0.09418875156539916,
                0.18817065188948529,
                0.009925771575619226,
                0.11918837274447402,
                0.2014891071570253,
                0.11819232974421369
            ],
            [
                0.05246875930673237,
                0.06973697071918034,
                0.04041708495565701,
                0.025277474530649373,
                0.09849265671209778,
                0.26156190663749085,
                0.0074731425316041915,
                0.05703029427695558,
                0.2506859543184163,
                0.136855756011216
            ],
            [
                0.051686490333764955,
                0.08133510352869384,
                0.029756313049377803,
                0.09240778349231751,
                0.14139664053011702,
                0.012639236951840247,
                0.3956146407878793,
                0.017302242637790302,
                0.015380952331811214,
                0.16248059635640785
            ],
            [
                0.03899832686141899,
                0.0651772192976434,
                0.1347758396390977,
                0.05090057058744654,
                0.08812293769452614,
                0.22277158922338774,
                0.01092887473298471,
                0.09101017596292561,
                0.1869931537485001,
                0.11032131225206887
            ],
            [
                0.0355530105345201,
                0.06465266069883605,
                0.04540296139622145,
                0.10606586285885473,
                0.08541897028287901,
                0.013957870039771962,
                0.5706252579673387,
                0.017787662812876002,
                0.01052631820718371,
                0.05000942520151833
            ],
            [
                0.22940390713063472,
                0.12272766904558774,
                0.01356404224512696,
                0.48413580457012345,
                0.03698113367646915,
                0.008986869120298663,
                0.022885087265781576,
                0.015494758541580538,
                0.014958596702763843,
                0.050862131701633014
            ],
            [
                0.05277021150962876,
                0.07089302462789679,
                0.04322588094625281,
                0.10046329563667906,
                0.2194949438106693,
                0.011178422779428484,
                0.30573416704873624,
                0.026403976695872192,
                0.01577592876226453,
                0.15406014818257185
            ],
            [
                0.019889909794838803,
                0.06477599939752297,
                0.09135460553978013,
                0.008486587344239314,
                0.10124526688082941,
                0.4105812812516546,
                0.007029147345335591,
                0.04608052349190417,
                0.11056342857147793,
                0.1399932503824168
            ],
            [
                0.03747968946931306,
                0.05683217875819546,
                0.11953565803925156,
                0.07539945574002954,
                0.08197604806677523,
                0.22614761581269968,
                0.009475565678260708,
                0.12055563301058804,
                0.17800503766017595,
                0.09459311776471126
            ],
            [
                0.018727241223363562,
                0.047250009521417405,
                0.22768482938005274,
                0.013497547868179072,
                0.11621909200026208,
                0.25207974147431306,
                0.006769483978691373,
                0.10592675631212807,
                0.09477048325708344,
                0.11707481498450949
            ],
            [
                0.03630345942133443,
                0.06688821267236265,
