{
    "accuracy": 0.645,
    "classification_report": "              precision    recall  f1-score   support\n\n           0       0.73      0.40      0.52        20\n           1       0.83      0.50      0.62        20\n           2       0.88      0.70      0.78        20\n           3       0.54      0.65      0.59        20\n           4       0.57      0.65      0.60        20\n           5       0.82      0.90      0.86        20\n           6       0.65      0.75      0.70        20\n           7       0.71      0.60      0.65        20\n           8       0.50      0.65      0.57        20\n           9       0.50      0.65      0.57        20\n\n    accuracy                           0.65       200\n   macro avg       0.67      0.65      0.64       200\nweighted avg       0.67      0.65      0.64       200\n",
    "y_score": [
        [
            0.02267090050586493,
            0.019119753031895656,
            0.008576639540677401,
            0.01395532385654662,
            0.022449191684275806,
            0.3320503201685763,
            0.012673398774449946,
            0.05674033484553701,
            0.3213290725925816,
            0.1904350649995947
        ],
        [
            0.10530915714362274,
            0.03958430677635945,
            0.02792418156837177,
            0.125099097554576,
            0.21249653875537017,
            0.03475976384952521,
            0.055872621860518404,
            0.006009518388102637,
            0.018658698630567433,
            0.3742861154729861
        ],
        [
            0.06890935482364809,
            0.2590804282556426,
            0.08062467622391031,
            0.015778803560131317,
            0.16146512236471483,
            0.1237865849594066,
            0.06608182017319854,
            0.05555839694636894,
            0.0763014058643888,
            0.09241340682859012
        ],
        [
            0.03548298375290318,
            0.01815968534333393,
            0.03285617357072753,
            0.011359788815378765,
            0.049310969400841925,
            0.4274928650956406,
            0.005705543271079801,
            0.025962353585242126,
            0.31770321454673517,
            0.07596642261811691
        ],
        [
            0.1373811819618021,
            0.21817042985635968,
            0.04492038962215024,
            0.18820155229624555,
            0.05145330589853721,
            0.05620609662885817,
            0.006796812318793262,
            0.06761752586324363,
            0.2058425831250113,
            0.023410122428998852
        ],
        [
            0.016052756064746182,
            0.003821331853332152,
            0.07657596225815079,
            0.025594743062440518,
            0.08540656132125571,
            0.00030332567113226187,
            0.6307746036536417,
            0.07228397085483286,
            0.0045949860022216045,
            0.08459175925824639
        ],
        [
            0.043189666031227314,
            0.06461599904974645,
            0.15865610508630984,
            0.01547481015991824,
            0.14625495895676238,
            0.04667225927942764,
            0.008448460339121031,
            0.06840209159513924,
            0.12618267446288117,
            0.32210297503946667
        ],
        [
            0.010851254340885592,
            0.06451901403973126,
            0.5882392579676256,
            0.010746910553801997,
            0.1270223225071374,
            0.027703185107821448,
            0.009189275819064344,
            0.1402485642269423,
            0.007863749466447554,
            0.013616465970542552
        ],
        [
            0.01369303973818269,
            0.024033756170748977,
            0.10293387765540767,
            0.0656717905197904,
            0.7331472254593876,
            0.003801892912693341,
            0.01705785374392682,
            0.027740241883700157,
            0.0040298232593680245,
            0.007890498656794382
        ],
        [
            0.05259033189369035,
            0.05444113970836373,
            0.05437446674097057,
            0.011123062739410194,
            0.0037111039787521794,
            0.7496139978663862,
            0.014651725142337169,
            0.018309577028153456,
            0.013661458241590244,
            0.027523136660345997
        ],
        [
            0.2446899129270347,
            0.02391377235470952,
            0.0029904887794771637,
            0.05241829411597747,
            0.048155427116258455,
            0.0008772941906230273,
            0.03229096550020274,
            0.0038443183272249557,
            0.004854382538047899,
            0.5859651441504441
        ],
        [
            0.08911996135873403,
            0.2625718122921176,
            0.0040615084645635015,
            0.22209257081744,
            0.30521859766237813,
            0.01752805175576526,
            0.018142432244474614,
            0.013863942765536055,
            0.014709036300826175,
            0.05269208633816459
        ],
        [
            0.10491245887623105,
            0.07694970848600916,
            0.06932844292133744,
            0.0711877775091714,
            0.07111560546833413,
            0.011873936073070959,
            0.01860624102587527,
            0.09628403402511312,
            0.41038084933191754,
            0.06936094628293991
        ],
        [
            0.16057339276570723,
            0.03451450040229995,
            0.032803417038892384,
            0.053556758652721345,
            0.01914727846743837,
            0.004181548007871724,
            0.009712116597281089,
            0.011136167583152504,
            0.6395503341719484,
            0.034824486312686906
        ],
        [
            0.1377014410976362,
            0.145255775657353,
            0.026918430776634812,
            0.4113175771908507,
            0.03622083507009701,
            0.07194525771773305,
            0.008311154681848279,
            0.04622989582952854,
            0.0037554129856434914,
            0.11234421899267484
        ],
        [
            0.07666325405611993,
            0.06987294399946613,
            0.04244853613643058,
            0.41369632600166073,
            0.039153837505930066,
            0.0012326336093437975,
            0.3024728084316362,
            0.005224898845074635,
            0.014441378202908747,
            0.03479338321142935
        ],
        [
            0.11979054157464764,
            0.151526494677856,
            0.0218684033963966,
            0.024934607699786605,
            0.0213952581998649,
            0.06840435088442284,
            0.0066107749095522,
            0.024912714642720043,
            0.47171398907546963,
            0.08884286493928348
        ],
        [
            0.04719196358212492,
            0.034180576819731065,
            0.0846114138911468,
            0.006776783386457361,
            0.02267936656029068,
            0.7015667735892972,
            0.011785041370286922,
            0.03110757159312701,
            0.009907982135027398,
            0.05019252707251065
        ],
        [
            0.11394894813275666,
            0.035243205205158765,
            0.016456977294876073,
            0.059762586201136,
            0.022932372534732286,
            0.03243284697212937,
            0.010875843879360492,
            0.08345901532758619,
            0.34907424520136904,
            0.27581395925089514
        ],
        [
            0.0263691775143145,
            0.05255112872166553,
            0.2422131721136349,
            0.008567204403129922,
            0.007072130668643405,
            0.001478604158534242,
            0.4502594134148958,
            0.006551975833345526,
            0.014773187731668552,
            0.19016400544016765
        ],
        [
            0.01437286209675372,
            0.024799668455316715,
            0.571450392943311,
            0.02571643374273778,
            0.0337338400010721,
            0.024649476326225217,
            0.006231900061091716,
            0.1516714890264646,
            0.08827023303815773,
            0.05910370430886932
        ],
        [
            0.3086445443881927,
            0.04147411480675862,
            0.00824178183551969,
            0.0750306396524616,
            0.07008709837034327,
            0.0060111247290721755,
            0.33186308375987056,
            0.022997492197213233,
            0.00789248797503611,
            0.1277576322855321
        ],
        [
            0.11475606122021335,
            0.03732399049485734,
            0.01637264445990831,
            0.7365731742872019,
            0.006350387212017872,
            0.003770047197285256,
            0.006864431000241954,
            0.007422744626441186,
            0.002283667561119051,
            0.06828285194071387
        ],
        [
            0.01111161252614275,
            0.1299538242114669,
            0.72966949568978,
            0.0012602009683686417,
            0.030084417841815918,
            0.006150255176821167,
            0.05156308953774423,
            0.006184892527416168,
            0.006465358009178916,
            0.02755685351126519
        ],
        [
            0.9019751027289319,
            0.02828504414267302,
            0.0014921128019518845,
            0.014792107010581913,
            0.010063985554804226,
            0.0022857464774624645,
            0.009356408105297045,
            0.008493985368690862,
            0.02059983045975443,
            0.0026556773498523215
        ],
        [
            0.03734881972686624,
            0.8004710369545132,
            0.024084793717647417,
            0.003101870608571021,
            0.022565645584782638,
            0.00030310920458180384,
            0.010955152948661414,
            0.01630045878853468,
            0.0026429306213581437,
            0.08222618184448335
        ],
        [
            0.0475091798027289,
            0.02770083922874387,
            0.11299990253155419,
            0.04226157245776846,
            0.05736784541683491,
            0.12488580967004101,
            0.014600616688927866,
            0.07749311614785122,
            0.48735096290998453,
            0.007830155145564977
        ],
        [
            0.31766527417431645,
            0.08184753439085499,
            0.07895869305623057,
            0.04595186626550146,
            0.026785702659399103,
            0.3029341074702332,
            0.007359233933077952,
            0.03858559545927771,
            0.07163559028954217,
            0.028276402301566472
        ],
        [
            0.04944924847562574,
            0.0325506787817217,
            0.04964436684977651,
            0.06703070273341702,
            0.0872953111801145,
            0.42677049243985266,
            0.02724094495284778,
            0.08989675719782353,
            0.13835832154144084,
            0.031763175847379685
        ],
        [
            0.029779306659331102,
            0.054292467879281645,
            0.018391361771299426,
            0.009110476221295141,
            0.028483262947476905,
            0.7372210822267646,
            0.006701612853679792,
            0.036567482540389634,
            0.05136609778779562,
            0.028086849112686163
        ],
        [
            0.01872890805820113,
            0.04460223027584713,
            0.08368751352289258,
            0.2011623666717269,
            0.06808867812563704,
            0.0017125890920800125,
            0.5590440893369322,
            0.011642055705953145,
            0.004923092343534075,
            0.0064084768671958505
        ],
        [
            0.009883773429960743,
            0.07990839284154058,
            0.7968596886200654,
            0.005317698911527948,
            0.02310468976554112,
            0.003856129708169022,
            0.04973114101173133,
            0.02602762125541978,
            0.0010536194121163534,
            0.00425724504392775
        ],
        [
            0.018483529033160938,
            0.047251667664544784,
            0.028557022261008702,
            0.0136027864536849,
            0.08276572455363344,
            0.5955357098070723,
            0.015444156402867223,
            0.07809534072394904,
            0.01752954877700166,
            0.10273451432307704
        ],
        [
            0.644934413309575,
            0.014154701625285444,
            0.01529256923786256,
            0.05192054590474029,
            0.2517622817626245,
            0.002917146128642164,
            0.005437461120758055,
            0.009261246401575106,
            0.0025440622833757995,
            0.0017755722255609976
        ],
        [
            0.022829743363576585,
            0.862775877779883,
            0.0028295726971305944,
            3.704560182618517e-05,
            0.07071490206868478,
            0.009757438880206299,
            0.005297873522549034,
            0.001322988170136978,
            0.01438733935031521,
            0.010047218565691435
        ],
        [
            0.0172038320566787,
            0.06854198620779402,
            0.006915126443341364,
            0.09130219227865512,
            0.18249870221270725,
            0.0025432620226451264,
            0.5477038231089371,
            0.019650014907451795,
            0.007741101689367998,
            0.05589995907242151
        ],
        [
            0.012456202675939304,
            0.053118540547109204,
            0.01106379719726187,
            0.007000071371226953,
            0.14366207850347446,
            0.000963431108600684,
            0.05573039747007723,
            0.006778598132100831,
            0.005992397260779648,
            0.7032344857334298
        ],
        [
            0.024610668350733816,
            0.033525351827074557,
            0.20181439499891368,
            0.01094669121493703,
            0.40032208613404485,
            0.01077818707209174,
            0.0028258381109324522,
            0.2729022416994916,
            0.03973337409908677,
            0.0025411664926933745
        ],
        [
            0.010278418155306083,
            0.1620500333662367,
            0.5848532300670103,
            0.0035131026221888566,
            0.02555631198727316,
            0.017668452968431454,
            0.17373201297234972,
            0.00836476498555969,
            0.001738625854722704,
            0.012245047020921296
        ],
        [
            0.15005666869273743,
            0.025588815266795528,
            0.0005161067173394696,
            0.29664789866592417,
            0.07152078386872168,
            0.0020203764437696182,
            0.061908196694188566,
            0.004714144429241422,
            0.3684663462016381,
            0.018560663019643975
        ],
        [
            0.027462276523968737,
            0.05167186751315304,
            0.016439403278741105,
            0.33939997991816195,
            0.09059258157972758,
            0.004205581569359429,
            0.015441242998059943,
            0.058851449973515255,
            0.3643294391438839,
            0.0316061775014292
        ],
        [
            0.05811166860286415,
            0.02457276789377381,
            0.008604189833846955,
            0.0371726564018731,
            0.006244958165504638,
            0.0033392309798735463,
            0.013176599857591526,
            0.10136167387102928,
            0.3638323759072898,
            0.3835838784863531
        ],
        [
            0.007419277907732004,
            0.01638040274582842,
            0.047411822453886275,
            0.033707877932279154,
            0.4035449569106567,
            0.00886690100046077,
            0.0011663613658690712,
            0.2938420866826068,
            0.03132080112444037,
            0.15633951187624043
        ],
        [
            0.6881302325986418,
            0.042064929703114894,
            0.018462771348340765,
            0.03797116400971897,
            0.020597708141315552,
            0.018172834271728965,
            0.006757443670655512,
            0.039476071188660145,
            0.10936209647927439,
            0.019004748588548878
        ],
        [
            0.04364692020379462,
            0.07346171735244288,
            0.013480418620282347,
            0.09596477620591762,
            0.022769399590688626,
            0.5217926196588586,
            0.01579205887998242,
            0.0632058508168982,
            0.1355246176849126,
            0.014361620986222096
        ],
        [
            0.02361113322386964,
            0.011586230208245032,
            0.015464785091079163,
            0.013182885167295594,
            0.019934294027591604,
            0.721983974035389,
            0.017053634733279473,
            0.02552145488760847,
            0.14048964860210228,
            0.01117196002353966
        ],
        [
            0.010706059329672907,
            0.021043869848821138,
            0.00811628594381816,
            0.011491729904053186,
            0.09161892392134179,
            0.00195373699992577,
            0.7254867117553283,
            0.008155147082448345,
            0.0029744582044361027,
            0.11845307701015446
        ],
        [
            0.03516979933500548,
            0.8723835540899263,
            0.009880487160646798,
            0.021842818098135687,
            0.02353672113918087,
            0.0005615720421845041,
            0.007010409483307352,
            0.013834944579257547,
            0.009458847264146137,
            0.006320846808209442
        ],
        [
            0.009898670837708338,
            0.03475206730719386,
            0.05872777985647024,
            0.012958690030769656,
            0.42835599148814996,
            0.0003821212249323005,
            0.09393315521074644,
            0.03411891806828863,
            0.026047936966675657,
            0.3008246690090649
        ],
        [
            0.015989871027440462,
            0.004854360114467471,
            0.005008425767712028,
            0.005319817751931807,
            0.021480503802687765,
            0.0037337397001944656,
            0.008904946594794474,
            0.91759517152873,
            0.006842173839860315,
            0.010270989872180994
        ],
        [
            0.019520319155963507,
            0.06442967109382366,
            0.012213918479085175,
            0.01498718551916257,
            0.8041487796604094,
            0.0043169742244011725,
            0.009196621834798557,
            0.04117422170191369,
            0.004311041143094297,
            0.025701267187347936
        ],
        [
            0.07080118208136058,
            0.06669429234895918,
            0.16750972237949807,
            0.04018350081237511,
            0.08653295384156132,
            0.06320738493798961,
            0.11458341718570786,
            0.10143070142231361,
            0.08604716188273749,
            0.20300968310749723
        ],
        [
            0.016952871936560778,
            0.02805882966653711,
            0.034616419471685235,
            0.020669182947866533,
            0.7204500634264502,
            0.005852816438786725,
            0.05183184150077611,
            0.11330599080985952,
            0.0018997609885665946,
            0.006362222812911074
        ],
        [
            0.017258535144328454,
            0.04852013012059989,
            0.04553891070189802,
            0.00608488972884452,
            0.021698455008134807,
            0.6956322313743879,
            0.008435298096624017,
            0.06015665340193445,
            0.04316362466333689,
            0.05351127175991105
        ],
        [
            0.07624923981242923,
            0.005617890017459477,
            0.012262387770957459,
            0.16036363664661293,
            0.027663300474860663,
            0.003977759430386845,
            0.004703509799401286,
            0.05470198034857965,
            0.6495353992796317,
            0.00492489641968088
        ],
        [
            0.16702748451390756,
            0.1357274224388601,
            0.025684880799323195,
            0.2695448599912421,
            0.16394067001232565,
            0.007751154127237715,
            0.15527623873700913,
            0.005037500414088002,
            0.020816502961525058,
            0.04919328600448139
        ],
        [
            0.03228792926245227,
            0.03715810669822006,
            0.017255868626784156,
            0.39303983699051975,
            0.02212687123255637,
            0.011038007811297944,
            0.02022625281012933,
            0.02141081614984692,
            0.14577169972641463,
            0.29968461069177865
        ],
        [
            0.03813548476449842,
            0.2054940622682996,
            0.391011394768384,
            0.023111834865504294,
            0.00334755383955026,
            0.0019649536966565564,
            0.2840101757876233,
            0.011749965888020825,
            0.029102038148473695,
            0.01207253597298907
        ],
        [
            0.027954838525113872,
            0.61756062716721,
            0.016695680940627438,
            0.13918868043221153,
            0.042039008888723015,
            0.0017954005417925739,
            0.11778040283670506,
            0.01986966553139868,
            0.008849125320651775,
            0.008266569815565967
        ],
        [
            0.0569850283705004,
            0.041417605171513494,
            0.06471204458766136,
            0.35477809976502844,
            0.04058865124522927,
            0.10931943157828113,
            0.010059228298601803,
            0.02656391795412555,
            0.18773398436330152,
            0.10784200866575708
        ],
        [
            0.11635377045612838,
            0.1932396426048523,
            0.15206474986481117,
            0.0547836718710724,
            0.05704251090725708,
            0.037691323017731315,
            0.04725844834354216,
            0.0732233432312717,
            0.2544777614720397,
            0.013864778231293756
        ],
        [
            0.2328545930256248,
            0.03655350283557114,
            0.025304440200337137,
            0.15872139245436756,
            0.04570927363469502,
            0.0461069320921834,
            0.01435302016594446,
            0.09155238607442896,
            0.31061532730116015,
            0.038229132215687286
        ],
        [
            0.10179832652529511,
            0.03204152200234909,
            0.13415749438395616,
            0.0588165074211913,
            0.017064120870475905,
            0.4776220710355843,
            0.019940691461270463,
            0.006361186236569269,
            0.14970406988791046,
            0.0024940101753980932
        ],
        [
            0.052065343170528224,
            0.052896695961047305,
            0.04538606444835704,
            0.0436222714142411,
            0.07722272351295778,
            0.0634458727507156,
            0.02375662207579577,
            0.20451218380378083,
            0.20829449187041843,
            0.22879773099215792
        ],
        [
            0.06332472065262881,
            0.046598642010449755,
            0.1419931751541677,
            0.02338726862009166,
            0.05492090049427262,
            0.018851184243005765,
            0.01916540842049707,
            0.14270887899353563,
            0.2351222308342445,
            0.25392759057710657
        ],
        [
            0.03653646098976132,
            0.11990549774211359,
            0.005254561843361694,
            0.0013710062928564454,
            0.6321227085537855,
            0.009900008324979222,
            0.0044887966445319874,
            0.011139910626747447,
            0.0029410290958151023,
            0.1763400198860477
        ],
        [
            0.011372221676329525,
            0.03399317563033409,
            0.17019602550491722,
            0.016453394648234566,
            0.02789920247019163,
            0.015369982643299158,
            0.013939779856702628,
            0.09306244710047455,
            0.04334592065020761,
            0.5743678498193091
        ],
        [
            0.16960784833602008,
            0.05398627957230685,
            0.058591554386900814,
            0.06195496984375261,
            0.10629716495150558,
            0.22951353335285168,
            0.015293661566341502,
            0.07524809894421004,
            0.2193081140993359,
            0.010198774946774923
        ],
        [
            0.02202688478019116,
            0.08713507441601763,
            0.05785062828370511,
            0.057679720022179304,
            0.07939530202792364,
            0.028688903697871887,
            0.014964615921391538,
            0.09714394070078626,
            0.049211935023105655,
            0.5059029951268279
        ],
        [
            0.004217694318967647,
            0.008404453127222888,
            0.23059986213906272,
            0.003994454142315279,
            0.38810172288238587,
            0.00398631149586426,
            0.001422108845245618,
            0.35319412264404404,
            0.004812389845861612,
            0.0012668805590301065
        ],
        [
            0.033416638198336145,
            0.21034980436748985,
            0.005484122004798473,
            0.04793550586326589,
            0.13613153775111603,
            0.01797005629298775,
            0.3935078912634082,
            0.014499207807904905,
            0.002970442923009311,
            0.13773479352768347
        ],
        [
            0.09988226849592208,
            0.01615476647257106,
            0.018888583836929394,
            0.05158657408583841,
            0.03426718420997183,
            0.027006313909585022,
            0.02027275693216837,
            0.06570988682708559,
            0.6504961898234789,
            0.015735475406449234
        ],
        [
            0.021486416162569227,
            0.8579056221623282,
            0.006288106807961605,
            0.01905719384511135,
            0.01929619427634474,
            0.0008048406141268194,
            0.029442359348776613,
            0.019406236971261853,
            0.0022955521878750343,
            0.024017477623644624
        ],
        [
            0.00763600333991577,
            0.017619533901450678,
            0.004408742637850975,
            0.008358769586753474,
            0.03628612077653591,
            0.0003454556014635229,
            0.016440065480085114,
            0.8865329322988205,
            0.02149467242950315,
            0.0008777039476210097
        ],
        [
            0.03387418108521753,
            0.017874580975022845,
            0.05470194625111052,
            0.017335477631738073,
            0.04284081798113305,
            0.01376765830136247,
            0.01073634439723591,
            0.01705650186227396,
            0.2520093159877362,
            0.5398031755271695
        ],
        [
            0.04583466108031203,
            0.04804046127442542,
            0.06831680116340313,
            0.018920295393169757,
            0.16088377002293386,
            0.010343182743018143,
            0.01994295964443317,
            0.3337178323768759,
            0.28601163009850267,
            0.007988406202925926
        ],
        [
            0.2454325581622061,
            0.06935416726693251,
            0.0015267054097999394,
            0.40031585959110216,
            0.07773837185447027,
            0.004785784794514731,
            0.10601692422104889,
            0.027897605592107112,
            0.06075770665994212,
            0.006174316447876079
        ],
        [
            0.014878492222442427,
            0.02409197741277903,
            0.09399590609599212,
            0.026141729508509116,
            0.283083539511725,
            0.06559346235609836,
            0.0374984035026092,
            0.38525641651246084,
            0.04613428937875748,
            0.023325783498626355
        ],
        [
            0.06819826633036329,
            0.18369277183933658,
            0.07268246694666755,
            0.029545925839585346,
            0.19989909151649354,
            0.03800814168271606,
            0.01433209727845658,
            0.09767496277899741,
            0.20931776769948468,
            0.08664850808789896
        ],
        [
            0.035873682654268144,
            0.053841863322052076,
            0.09888311289357941,
            0.16280710673689597,
            0.06594174138513906,
            0.024700980293949782,
            0.011070646302844916,
            0.4702657939516329,
            0.03498969025165424,
            0.04162538220798348
        ],
        [
            0.011105995427312927,
            0.013271013810556101,
            0.10780073557088976,
            0.7163740135658301,
            0.009468808199925637,
            0.0017842724461718602,
            0.12257597911485588,
            0.013215414671005576,
            0.0017600720381859385,
            0.0026436951552662137
        ],
        [
            0.040595076721198525,
            0.014696792049192286,
            0.007066521259397529,
            0.007094737664145945,
            0.009213300546424517,
            0.0008724070794555447,
            0.005185805642991532,
            0.8810298238311367,
            0.005176467006576069,
            0.029069068199481414
        ],
        [
            0.0951284185060197,
            0.0783694428074827,
            0.010450587634205593,
            0.37420686206884335,
            0.03676324575590402,
            0.04483553612496397,
            0.010120729201208597,
            0.08958212916280246,
            0.2531327908089063,
            0.0074102579296633445
        ],
        [
            0.03241433248651193,
            0.01704457569422211,
            0.10513880227436667,
            0.014441663398470092,
            0.6254997808196372,
            0.0011115355240687958,
            0.008746248493882749,
            0.13473040521952082,
            0.004973387558290831,
            0.055899268531028876
        ],
        [
            0.028199420687987253,
            0.0318908102283305,
            0.008103382667741455,
            0.020221973974358882,
            0.011949616523769465,
            0.7316014345809098,
            0.036744864055758004,
            0.03644001671379415,
            0.08071471409164743,
            0.014133766475702955
        ],
        [
            0.01471836340371356,
            0.04283791833559977,
            0.08379854311917392,
            0.024073748518971927,
            0.15358125208473813,
            0.02143015745262787,
            0.3371523856021429,
            0.012818462873281328,
            0.040930122409377434,
            0.2686590462003732
        ],
        [
            0.1011023017733265,
            0.09638083230336558,
            0.03281276046569283,
            0.23333284869595494,
            0.043266359246948174,
            0.01912431439888857,
            0.04133679933811647,
            0.10956747776217728,
            0.23846189889978736,
            0.08461440711574231
        ],
        [
            0.04443689615762898,
            0.08159033058901285,
            0.05065929946728318,
            0.025822131070977816,
            0.6977009256889039,
            0.0013154882398256728,
            0.006114758006850594,
            0.08284461255463763,
            0.006417027476425964,
            0.003098530748453399
        ],
        [
            0.04455934918346231,
            0.23406600952539783,
            0.05701817514092613,
            0.011695331756191666,
            0.0316726435165143,
            0.036310863521429364,
            0.027959724300365668,
            0.17268856493641266,
            0.11390175212599843,
            0.2701275859933017
        ],
        [
            0.07740375080121122,
            0.09051115935732869,
            0.02925536169303077,
            0.008995558741438746,
            0.06449896329073933,
            0.3011037240694608,
            0.01267002767279044,
            0.03063062465176295,
            0.3630701326458611,
            0.02186069707637602
        ],
        [
            0.02182044499342873,
            0.042084741678203356,
            0.011317786775302721,
            0.06381178045006505,
            0.045984599379989936,
            0.002727196104335303,
            0.5175903153072392,
            0.007424018915156418,
            0.013228574557730268,
            0.2740105418385489
        ],
        [
            0.10665746764999251,
            0.11355485577519657,
            0.020464920962353562,
            0.06682254129793784,
            0.021777899016121382,
            0.019065618135777684,
            0.1880470759414861,
            0.03978874100935542,
            0.41272136949881205,
            0.011099510712966939
        ],
        [
            0.01921644773419539,
            0.012559102195019444,
            0.01907748849768908,
            0.06758578160868507,
            0.0533374991447522,
            0.017085008362757746,
            0.7812820225323032,
            0.009968348947290182,
            0.007239642577389365,
            0.012648658399918406
        ],
        [
            0.2516282973622838,
            0.037003827333507544,
            0.0100768772695483,
            0.5950823845042972,
            0.005183486178294841,
            0.0022579873731609114,
            0.008954857313145017,
            0.015550960589220703,
            0.012891781484912771,
            0.06136954059162889
        ],
        [
            0.009522256762466593,
            0.012563662993113197,
            0.07033289295489517,
            0.038692200705510875,
            0.7191677171762768,
            0.0001547108693371208,
            0.028441426538219062,
            0.02670265504855494,
            0.04090402503049654,
            0.053518451921129695
        ],
        [
            0.020824786697097558,
            0.06560816026131991,
            0.02307439551921785,
            0.0030166142673480343,
            0.03439223771493994,
            0.7476645590547669,
            0.007328405108912135,
            0.016500884053082063,
            0.05698004144573473,
            0.024609915877580796
        ],
        [
            0.024032768930198973,
            0.13751900469734402,
            0.013589255332249727,
            0.07437996461791795,
            0.011500176564062506,
            0.6361500835376317,
            0.00699596602528082,
            0.04584522230966141,
            0.039844814033368994,
            0.010142743952283775
        ],
        [
            0.023513297785597298,
            0.017802284634440634,
            0.6060941067439684,
            0.0013518749623666261,
            0.12767668384582997,
            0.05082936680626171,
            0.0021002413605259417,
            0.12356991989172213,
            0.03858610395024945,
            0.008476120019037891
        ],
        [
            0.08186840727828477,
            0.0667148314338187,
            0.13506322910795293,
            0.02166228897538321,
            0.03785804285400884,
            0.09861660372879696,
            0.00914254869309014,
            0.025336640011101176,
            0.5140151194643597,
            0.009722288453203467
        ],
        [
            0.07165165978721906,
            0.14662973447120367,
            0.0770476870535399,
            0.09575679916854757,
            0.19588015413430038,
            0.019038745874394462,
            0.018117307321752863,
            0.13130405886723118,
            0.19021966698888124,
            0.054354186332929655
        ],
        [
            0.0058035505867104955,
            0.10893191525653352,
            0.02011258298074444,
            0.0005650719707152123,
            0.13105567705289367,
            0.007012468691610358,
            0.32056279315877495,
            0.004233165108832553,
            0.006678249297924844,
            0.3950445258952599
        ],
        [
            0.8328331040264283,
            0.0710243281565707,
            0.008052469601724104,
            2.80418803420908e-05,
            0.033601658452762695,
            0.01818421171750677,
            0.004006433536200477,
            0.0020231993248594243,
            0.00324388734752813,
            0.02700266595607729
        ],
        [
            0.0553941556386804,
            0.03887741280427807,
            0.12217730917854679,
            0.16439111974859508,
            0.09237997673656564,
            0.05470314941955982,
            0.011840015570289,
            0.10426462203137192,
            0.3013478872330289,
            0.05462435163908437
        ],
        [
            0.018761751172242193,
            0.016131025385518603,
            0.004750364182198838,
            0.005816657949412227,
            0.04150147947312603,
            0.001959470156733819,
            0.006154990402522667,
            0.8945156766610399,
            0.003805381237788341,
            0.006603203379417305
        ],
        [
            0.03072852015003961,
            0.2260764392583945,
            0.05418006057211485,
            0.004661204589145253,
            0.09054295605860901,
            0.004604274239368614,
            0.2506120319357748,
            0.004183430299478629,
            0.03566284685815128,
            0.29874823603892353
        ],
        [
            0.018032273496969252,
            0.008734669567826722,
            0.006095442651202705,
            0.04562310797531366,
            0.09827118427317491,
            0.0021330994293704566,
            0.6085893563140848,
            0.010382671177465726,
            0.01262723578497634,
            0.18951095932961545
        ],
        [
            0.1620214648731395,
            0.046089836542708686,
            0.0013703365911889617,
            0.5700471063518743,
            0.008373292929728274,
            0.0013937210806940535,
            0.00353783070307932,
            0.01073655839176671,
            0.02098630388893051,
            0.1754435486468898
        ],
        [
            0.3582167539771085,
            0.07599652545072626,
            0.005269711704780024,
            0.1402517195780588,
            0.16073445054541763,
            0.015837143131711334,
            0.17131303460377081,
            0.012293656158459787,
            0.01776111500537801,
            0.042325889844588765
        ],
        [
            0.014369809685590148,
            0.1464110561785076,
            0.01237992490205796,
            0.03133892737881208,
            0.022879326790912792,
            0.0067817318008431635,
            0.6183144198327784,
            0.01018131584936747,
            0.020529460981615025,
            0.11681402659951537
        ],
        [
            0.0230790150228728,
            0.048852349930672195,
            0.1216371494425991,
            0.5732096370860934,
            0.008999916009117332,
            0.023201652111074753,
            0.030330472984250838,
            0.015624310053900452,
            0.14172851773745349,
            0.013336979621965648
        ],
        [
            0.06495675641148091,
            0.031348393575570996,
            0.002855611900201179,
            0.5063550707638231,
            0.010220245237509803,
            0.03538313233490916,
            0.0128796424149112,
            0.15637064325537506,
            0.16286379478266683,
