{
    "accuracy": 0.4,
    "classification_report": "              precision    recall  f1-score   support\n\n           0       0.70      0.35      0.47        20\n           1       0.90      0.45      0.60        20\n           2       0.38      0.70      0.49        20\n           3       0.50      0.25      0.33        20\n           4       0.60      0.15      0.24        20\n           5       0.48      0.50      0.49        20\n           6       0.33      0.75      0.46        20\n           7       1.00      0.35      0.52        20\n           8       0.20      0.50      0.28        20\n           9       0.00      0.00      0.00        20\n\n    accuracy                           0.40       200\n   macro avg       0.51      0.40      0.39       200\nweighted avg       0.51      0.40      0.39       200\n",
    "y_score": [
        [
            0.037153165027353274,
            0.05329631890052011,
            0.12160409635580822,
            0.08723844757349437,
            0.10155413781326043,
            0.20176846246281022,
            0.017717646847148563,
            0.12413954597755736,
            0.15935534132139798,
            0.09617283772064954
        ],
        [
            0.09765242012843003,
            0.16051025691465753,
            0.07452129126648778,
            0.05576027697730759,
            0.2035411834380991,
            0.06338810912452,
            0.040564610621590565,
            0.0297770270770585,
            0.03162810180541934,
            0.24265672264642968
        ],
        [
            0.05624015818224412,
            0.07628526428323745,
            0.028259444311270327,
            0.0638265788331528,
            0.12905960060304042,
            0.19454985765925092,
            0.009179719700386132,
            0.09436793152103484,
            0.20978332985861134,
            0.13844811504777169
        ],
        [
            0.023345305602206764,
            0.048278674963183166,
            0.06760600918168015,
            0.03284201052648015,
            0.138224073237804,
            0.39405866385742366,
            0.01028563952820042,
            0.046280216002178326,
            0.08631662215279039,
            0.1527627849480529
        ],
        [
            0.05324034628353798,
            0.05631991624157113,
            0.12578693451774142,
            0.15990131796105775,
            0.07448323594292423,
            0.08324125697332325,
            0.010527079013267764,
            0.1728780443983562,
            0.21524892213493566,
            0.04837294653328467
        ],
        [
            0.045155834802515026,
            0.0742584933121665,
            0.04571846850940687,
            0.10863229079545186,
            0.08950615394575095,
            0.02128295239417011,
            0.5200556944825944,
            0.016677641071859133,
            0.016633261019145935,
            0.06207920966693918
        ],
        [
            0.035038691417882,
            0.05409066654893152,
            0.14480599888852563,
            0.07419197904856328,
            0.11514886692559076,
            0.1985372078808347,
            0.021844869581558627,
            0.1123504235854384,
            0.13240700223163843,
            0.11158429389103634
        ],
        [
            0.008656891684599736,
            0.017094984363724017,
            0.5046101879806381,
            0.029916016374585155,
            0.11761576887773285,
            0.07212567661307634,
            0.004308773468967319,
            0.10894307834369467,
            0.045054918239687235,
            0.09167370405329484
        ],
        [
            0.040037470622582935,
            0.09062310346093656,
            0.10176856919342069,
            0.05557921221502406,
            0.3463071221726679,
            0.060299442706230326,
            0.0588715443358972,
            0.05205522818307316,
            0.026244248540708358,
            0.16821405856945884
        ],
        [
            0.09863727518763502,
            0.07672672270214369,
            0.1258512222315905,
            0.1126769597348447,
            0.10701874768540487,
            0.28939926574132724,
            0.07488907406351576,
            0.020179311449503256,
            0.030755809956149877,
            0.06386561124788484
        ],
        [
            0.23748598458882597,
            0.18763651319768573,
            0.027216842774416466,
            0.2473973346066377,
            0.07354950625363785,
            0.02692117800979975,
            0.1159608422456205,
            0.015087326182158611,
            0.020038351252163446,
            0.04870612088905417
        ],
        [
            0.09511331774861866,
            0.14482943113366567,
            0.1049921141096931,
            0.11165162496635636,
            0.1363433970299149,
            0.05223044807242558,
            0.1935504576663456,
            0.033954432511515475,
            0.030699785857612304,
            0.09663499090385254
        ],
        [
            0.12642323480142284,
            0.06368177925782648,
            0.012172786123329981,
            0.13308390707237439,
            0.05638155175076899,
            0.06311773015695885,
            0.0043322717805668876,
            0.15006547504628964,
            0.34379795273087477,
            0.046943311279587396
        ],
        [
            0.11433975426970105,
            0.05166512188156499,
            0.00293580921929632,
            0.06412705276773324,
            0.12869389861119235,
            0.05305706434537567,
            0.0022175477126369194,
            0.05107628200489328,
            0.2945024528786547,
            0.2373850163089511
        ],
        [
            0.10209013005594512,
            0.17034531083223933,
            0.08584553649042703,
            0.1696179751568978,
            0.10050052861049312,
            0.04173833151737056,
            0.1051014490552734,
            0.023243998997158906,
            0.02297754621462709,
            0.17853919306956784
        ],
        [
            0.041526432273390874,
            0.0653862667092128,
            0.050026662206452,
            0.13858767786679518,
            0.06863105316374701,
            0.019015842031138576,
            0.534359190845406,
            0.015038944392334452,
            0.01704057978522789,
            0.05038735072629512
        ],
        [
            0.040111308069010365,
            0.06339192996318072,
            0.0768570781239112,
            0.07431641247887807,
            0.11402252914392025,
            0.2432030877358316,
            0.020530727997507586,
            0.08205658076667476,
            0.1602977429543707,
            0.12521260276671448
        ],
        [
            0.09121677741612616,
            0.17084276119669115,
            0.0332727899438047,
            0.1543012557085382,
            0.09040486606755305,
            0.18117759038506936,
            0.049600952525666785,
            0.030905209400513993,
            0.05114474842988514,
            0.14713304892615134
        ],
        [
            0.16184095855464603,
            0.06569144052830872,
            0.003453694495947464,
            0.10750911332793173,
            0.06441011779162212,
            0.0731670774375726,
            0.0028474609665708212,
            0.08969815086035289,
            0.3411253694233891,
            0.09025661661365927
        ],
        [
            0.04313185788611524,
            0.11912689278363141,
            0.13273426569037605,
            0.06863027204564785,
            0.06311285789138361,
            0.021845064561399636,
            0.45730454466287185,
            0.020248018002263335,
            0.019507641020731457,
            0.0543585854555795
        ],
        [
            0.013897307224382616,
            0.022774896650194006,
            0.4517132881922598,
            0.050824528706689576,
            0.09564841257499815,
            0.08347742688006193,
            0.0077500272216839625,
            0.125436942580149,
            0.0687693669174779,
            0.07970780305210286
        ],
        [
            0.2042146491156537,
            0.20212673028918388,
            0.03311576289908529,
            0.15378705902352396,
            0.11844450841222645,
            0.03768328298144147,
            0.14573554714706727,
            0.016674103396408516,
            0.01985716151199233,
            0.06836119522341706
        ],
        [
            0.08074226188529002,
            0.27850389117787594,
            0.04933935105087813,
            0.3267138056149818,
            0.07392303773884641,
            0.02092699996652481,
            0.05031757401125476,
            0.021446352384494577,
            0.017417955524331837,
            0.0806687706455221
        ],
        [
            0.04485705026461029,
            0.08092169427243229,
            0.49512515018208464,
            0.027068690621236662,
            0.10072244604224825,
            0.0270322876112885,
            0.05751587763151389,
            0.02150919607133969,
            0.021783833108938156,
            0.12346377419430782
        ],
        [
            0.8761196263244924,
            0.02669840771354393,
            0.0008602142944687103,
            0.050650930532819494,
            0.01520896756733467,
            0.004374745105509164,
            0.002827775522245514,
            0.0025568609643732976,
            0.004723121856593559,
            0.01597935011861916
        ],
        [
            0.070932860162948,
            0.41730960040037285,
            0.07238387210437289,
            0.10444688284888612,
            0.09586785195400414,
            0.029117346326642427,
            0.09703346209931954,
            0.031065862942540927,
            0.02384944559931516,
            0.05799281556159799
        ],
        [
            0.09388120541698088,
            0.054207453573093624,
            0.01957979908961307,
            0.09911630247608666,
            0.08395370383935122,
            0.09697515787191692,
            0.004691888777113292,
            0.17499744671474582,
            0.32238776053303486,
            0.05020928170806346
        ],
        [
            0.10182974546486852,
            0.18974230883421425,
            0.021252961070517835,
            0.14452688170935352,
            0.08561309000982435,
            0.1416180001712193,
            0.03734735343644535,
            0.02526399168248532,
            0.047572007247419376,
            0.20523366037365215
        ],
        [
            0.07438001574583361,
            0.06521567736891293,
            0.04078851389367573,
            0.11210869325209381,
            0.08227516853138352,
            0.13941208079404319,
            0.0084184926257916,
            0.15809581076870377,
            0.2526631789806921,
            0.06664236803886987
        ],
        [
            0.027106090626808715,
            0.04642265940597898,
            0.1754370735361244,
            0.07127552673124492,
            0.10269009334323242,
            0.24173469636421976,
            0.017108277098490197,
            0.10983088762054435,
            0.11020429395741052,
            0.09819040131594578
        ],
        [
            0.03907964408491894,
            0.06359921332217802,
            0.05055536655342724,
            0.12376593683835763,
            0.06914793184076032,
            0.018583480529559278,
            0.5534686393909668,
            0.016001319365232445,
            0.016570579157425172,
            0.04922788891717424
        ],
        [
            0.00996267450278554,
            0.02654917170170095,
            0.5871968429992385,
            0.009225586369682504,
            0.15399799417242493,
            0.021275616087519364,
            0.03140184619700623,
            0.012550189684881294,
            0.010569178152337214,
            0.13727090013242368
        ],
        [
            0.007670938037775713,
            0.015850206265036738,
            0.3365212985066363,
            0.028386841412918657,
            0.13873804405109935,
            0.1657921547474559,
            0.0033180247304955323,
            0.08610995677331619,
            0.04263866758440638,
            0.17497386789085914
        ],
        [
            0.48939688611149057,
            0.08120960145519614,
            0.07491117198789186,
            0.07443956554636205,
            0.08396851565550945,
            0.032078178383661116,
            0.06372469540079266,
            0.022662821650556202,
            0.02032790512270694,
            0.05728065868583281
        ],
        [
            0.00013590308834864087,
            0.9997503871534844,
            2.9482641519318462e-06,
            2.267874731410082e-07,
            2.0609310943826136e-05,
            9.218632335216954e-06,
            6.217623375046379e-08,
            1.9196445829093058e-05,
            4.395404931028826e-05,
            1.7494091889290707e-05
        ],
        [
            0.04768415136144468,
            0.09395451053924195,
            0.03329336600089246,
            0.1272483107744538,
            0.10250281399165528,
            0.021753735635185963,
            0.4734028062797679,
            0.014749805669251631,
            0.016274843365054966,
            0.06913565638305143
        ],
        [
            0.0281055128646108,
            0.05944280738782582,
            0.07465479963874547,
            0.03690952874449312,
            0.12253442501645473,
            0.020034545401601357,
            0.41001919669369036,
            0.014340040873831275,
            0.017390970179421875,
            0.21656817319932506
        ],
        [
            0.05630905470094697,
            0.04975671804225756,
            0.08543632980883317,
            0.10334685368072294,
            0.08040432602706363,
            0.06974369755217547,
            0.00695788966867389,
            0.2646729594579871,
            0.24043192033597477,
            0.0429402507253638
        ],
        [
            0.03198975664771225,
            0.07354799993884432,
            0.38174374524813354,
            0.04353636122158003,
            0.0818404870745214,
            0.022765635010623984,
            0.259339223323128,
            0.019775204450401252,
            0.01721250927906273,
            0.06824907780599201
        ],
        [
            0.7633007459760903,
            0.07789158186355256,
            0.00013354274644439499,
            0.10161335535213384,
            0.023875480952402463,
            0.003193185656029805,
            0.0015110225240161567,
            0.0010396332716619784,
            0.002941942395759473,
            0.02449950926190883
        ],
        [
            0.04177118185044948,
            0.05430427133258089,
            0.12890948853042056,
            0.12049376324462015,
            0.1007210305057378,
            0.13919276976689265,
            0.015808748645798867,
            0.14081979664554553,
            0.1772735478670269,
            0.08070540161092697
        ],
        [
            0.18038714751975995,
            0.05473449979730006,
            0.0028186912257298115,
            0.12382193070628505,
            0.06978621882574328,
            0.032670070405824814,
            0.002774676784561075,
            0.07152122334538065,
            0.33769335359394037,
            0.12379218779547435
        ],
        [
            0.07410908201760295,
            0.05097993055233773,
            0.024316489208419476,
            0.11803567081737071,
            0.06682078352570886,
            0.05663944558010612,
            0.00423895914721108,
            0.26302030164963797,
            0.30693204891612913,
            0.03490728858547605
        ],
        [
            0.2182734189986376,
            0.07154306615014655,
            0.016241368943434812,
            0.10440770903129354,
            0.06446262799096429,
            0.101664884757772,
            0.005316358963897431,
            0.09568089280886442,
            0.2518713155964493,
            0.07053835675853978
        ],
        [
            0.05323528632886121,
            0.06963677524919239,
            0.043071608040633126,
            0.09397149467688395,
            0.10250204596322655,
            0.22206060353783694,
            0.012707845755695923,
            0.09617258367814382,
            0.20376130070477655,
            0.10288045606474959
        ],
        [
            0.04426316406880669,
            0.05517237886387207,
            0.08206940524308554,
            0.08415059350601128,
            0.09481225281810103,
            0.24608321940914715,
            0.015150184966802815,
            0.11657901583756801,
            0.17864540266895354,
            0.08307438261765226
        ],
        [
            0.029959020155986154,
            0.05637096278288014,
            0.06480896201329904,
            0.07497378370145505,
            0.11163269386753778,
            0.023687030542582078,
            0.5357667839746407,
            0.017108383609806,
            0.015549652562471912,
            0.07014272678934073
        ],
        [
            0.0822609448274665,
            0.40442049972926436,
            0.06675510075386494,
            0.11137968900045904,
            0.08762847686010306,
            0.03256179701394322,
            0.09890877955213252,
            0.029156770946864658,
            0.026017828986912447,
            0.0609101123289892
        ],
        [
            0.0298151894034574,
            0.052626773419545345,
            0.08410726614933137,
            0.03542768282336788,
            0.1657856337798195,
            0.0215959598989178,
            0.3267637220594364,
            0.01722794633248655,
            0.018105922056006477,
            0.24854390407763108
        ],
        [
            0.03452048586663596,
            0.05676803903109275,
            0.06087131080349309,
            0.03955755574822963,
            0.1243295050631554,
            0.026901753753888813,
            0.058399163696591365,
            0.5127446192132874,
            0.029545439177709017,
            0.05636212764591675
        ],
        [
            0.07839220621607189,
            0.1185457258839302,
            0.13663788035906038,
            0.08296204334646269,
            0.1677704170874187,
            0.053761592603976886,
            0.1830226139932576,
            0.03523493561673037,
            0.02911845234570582,
            0.11455413254738597
        ],
        [
            0.022343609807231934,
            0.03484541446198061,
            0.3410882871614821,
            0.06445441347863674,
            0.09951443325925058,
            0.11686452291037493,
            0.015065419201718168,
            0.11901770890580561,
            0.09029884022417452,
            0.09650735058934497
        ],
        [
            0.04805629270350575,
            0.09403313218167897,
            0.12514198230115192,
            0.07195071672437682,
            0.3029446158261873,
            0.055728782705726024,
            0.09213631762547676,
            0.050494653601309614,
            0.026776171135748567,
            0.13273733519483857
        ],
        [
            0.05950251001151628,
            0.0710792223941923,
            0.041343532754769804,
            0.08864165805763406,
            0.08861727818894845,
            0.17913990596919868,
            0.008598967811848305,
            0.15654698215961818,
            0.22314886175611937,
            0.0833810808961548
        ],
        [
            0.11310460363667081,
            0.054117266663273295,
            0.012794726091160582,
            0.1437310134335987,
            0.06618585941252263,
            0.06609168137126495,
            0.0046730629456066194,
            0.12288071923885831,
            0.366746571448204,
            0.049674495758840524
        ],
        [
            0.06567564571876987,
            0.10193469622043455,
            0.06451260831451198,
            0.1112610429827519,
            0.14066818780715673,
            0.02902449318352771,
            0.3826842463962771,
            0.018618696233741367,
            0.019797434572317012,
            0.06582294857051148
        ],
        [
            0.025082430144125353,
            0.039645832232504306,
            0.25323029079355464,
            0.09577991080034651,
            0.09952362556299545,
            0.13635432004010284,
            0.013942908121143658,
            0.11087155147133883,
            0.1182899752416414,
            0.10727915559224699
        ],
        [
            0.045855267147506415,
            0.13365833686864984,
            0.14250279376102962,
            0.0743718107638659,
            0.061847053443516105,
            0.022074679146391326,
            0.4264195813273381,
            0.020620354486189815,
            0.020411760373246986,
            0.05223836268226611
        ],
        [
            0.059400737831297255,
            0.39213959460685016,
            0.007560712567678659,
            0.192904697506112,
            0.07182806195050997,
            0.011820594680951063,
            0.19434354037846635,
            0.008257491586094994,
            0.010850702689244172,
            0.05089386620279516
        ],
        [
            0.10193884525794113,
            0.07985926191069223,
            0.1337894632663164,
            0.14002158226190733,
            0.11862855201840732,
            0.23087935176604404,
            0.07479188727231943,
            0.022077837430418055,
            0.03332358510344931,
            0.06468963371250469
        ],
        [
            0.08078286678224075,
            0.08120278944279644,
            0.0259610394530196,
            0.09893432977508317,
            0.10195752136419407,
            0.1494442420863253,
            0.007965068809979934,
            0.10893969869122555,
            0.2412931449911374,
            0.10351929860399743
        ],
        [
            0.22621724099378213,
            0.05351459343031477,
            0.0036296650326355043,
            0.11694363791474663,
            0.05781906639824504,
            0.05639165905615356,
            0.003076870412015525,
            0.08075251641923738,
            0.3436108767039456,
            0.058043873638923695
        ],
        [
            0.1779888073414418,
            0.06992842802867952,
            0.14787666169764857,
            0.07682735552095024,
            0.10015868707149349,
            0.24054403379445682,
            0.06040894157761384,
            0.01798230696132802,
            0.03255645350212847,
            0.07572832450425915
        ],
        [
            0.08804785750267788,
            0.06360297114890927,
            0.028510671687763427,
            0.1271003544016593,
            0.06437161384315486,
            0.08432966034490502,
            0.005564377490159167,
            0.18937753595221285,
            0.30079181445652037,
            0.04830314317203823
        ],
        [
            0.16496179085083199,
            0.06101075521112267,
            0.0034414402834560616,
            0.1344824915483428,
            0.07958996288461499,
            0.043803542305255565,
            0.002488214269555024,
            0.10025279714044148,
            0.33667884627619216,
            0.07329015923018789
        ],
        [
            0.10435747665792008,
            0.1630888846840297,
            0.0537277371927158,
            0.03613197743713812,
            0.22818992415016232,
            0.04312427704917049,
            0.019127583070329825,
            0.028565415842507692,
            0.06026474160678766,
            0.26342198230923825
        ],
        [
            0.03233098546912161,
            0.0549447590997051,
            0.13761830693822608,
            0.07736286984773447,
            0.11152344754365887,
            0.19906272561829433,
            0.020453704057578685,
            0.11876997078083061,
            0.125161393561939,
            0.1227718370829114
        ],
        [
            0.09930341822048205,
            0.06664664349261541,
            0.018316733337089674,
            0.10068550296537326,
            0.09191304966686703,
            0.1363520826820448,
            0.005357450290491952,
            0.13230804045136751,
            0.2814903898196915,
            0.06762668907397652
        ],
        [
            0.11664387449918891,
            0.08077609583879863,
            0.006003656758092172,
            0.12944504042753086,
            0.07903278903530683,
            0.06787646249811978,
            0.00297946560115897,
            0.136283346510529,
            0.29522938677616695,
            0.0857298820551076
        ],
        [
            0.016220776687435493,
            0.026302214905075654,
            0.3824900572106917,
            0.043249497017395847,
            0.11054956799043227,
            0.07881046334200115,
            0.010509933174227217,
            0.18510377543557338,
            0.08071885449770655,
            0.06604485973946107
        ],
        [
            0.06215896911150297,
            0.10438819173572203,
            0.05720015274745299,
            0.11056877192022418,
            0.1317121959564398,
            0.0267827706592556,
            0.40842195081088256,
            0.01896300145395414,
            0.018102363114046716,
            0.06170163249051911
        ],
        [
            0.12471102300750522,
            0.05854486848792144,
            0.0082460068605284,
            0.09755371285986945,
            0.0893366783762842,
            0.11170373002402864,
            0.004231451443276966,
            0.09442660116624922,
            0.3248980479464398,
            0.0863478798278969
        ],
        [
            0.045093100825083304,
            0.44834643493828125,
            0.06847902489066429,
            0.0809042627172981,
            0.12764204865638867,
            0.03028003298530169,
            0.07691018205404578,
            0.02916546473411382,
            0.019774957226267712,
            0.07340449097255511
        ],
        [
            0.06996977815182635,
            0.08862930564697481,
            0.015122761851976852,
            0.06022899384110372,
            0.079665059626826,
            0.020897982018306855,
            0.027054265689635912,
            0.5646953475982119,
            0.037053726998769014,
            0.036682778576368716
        ],
        [
            0.030948277743292868,
            0.03823513718964045,
            0.24000398946867169,
            0.10206891891182893,
            0.08767826879522067,
            0.09583978678449355,
            0.01188708225022475,
            0.1528588691873358,
            0.16916479735711887,
            0.0713148723121728
        ],
        [
            0.056848814241062265,
            0.051947296678077126,
            0.014580984017068784,
            0.041022040726132115,
            0.16916146052036682,
            0.13599987595773208,
            0.005941205180727142,
            0.1405804435865529,
            0.23109893597850226,
            0.15281894311377853
        ],
        [
            0.5734647651429569,
            0.14640607941301043,
            0.0008491355829827126,
            0.21013549124770187,
            0.024531870217805164,
            0.010171329729935416,
            0.0047208071990509776,
            0.003032032621397974,
            0.006327591979892352,
            0.02036089686526628
        ],
        [
            0.03983632829321013,
            0.04934328946797993,
            0.1567435757240559,
            0.10081997227615963,
            0.09468150767616527,
            0.10753835117872305,
            0.01363249946445558,
            0.2137924534752461,
            0.16184666230741215,
            0.0617653601365918
        ],
        [
            0.042060889629762996,
            0.06487570665188565,
            0.01630017683131705,
            0.044801679886811406,
            0.16331610095379723,
            0.16941568444173707,
            0.008328972714956952,
            0.06941952821006,
            0.20811687155318123,
            0.21336438912649108
        ],
        [
            0.03265097790057744,
            0.0305916896372158,
            0.20895062413261395,
            0.12187087383131336,
            0.061581246431365255,
            0.041943002875458185,
            0.0069070983266388145,
            0.2801940256891773,
            0.18588256333336095,
            0.02942789784227852
        ],
        [
            0.061116803182914396,
            0.09702695307982707,
            0.11081858858998901,
            0.11309514878688912,
            0.10233579564129515,
            0.03545158298181742,
            0.36506441014353774,
            0.023255839976540606,
            0.021332986239883858,
            0.0705018913773052
        ],
        [
            0.08012051890460946,
            0.09065421763229442,
            0.018552125522358083,
            0.06268234457171108,
            0.08085818194505141,
            0.02362630632997404,
            0.032841771799811806,
            0.529127122219031,
            0.035821229048328934,
            0.04571618202682964
        ],
        [
            0.0856351262687868,
            0.06134696125876264,
            0.0327726830014461,
            0.13092713734945358,
            0.06835591303784941,
            0.09436203193995552,
            0.005972752538879661,
            0.18107719748664286,
            0.292745125690444,
            0.0468050714277789
        ],
        [
            0.060195308635422454,
            0.10406698639766923,
            0.15091276280292001,
            0.08628171943551549,
            0.2252449572529907,
            0.04860137644105514,
            0.1391954050812462,
            0.04817493334942726,
            0.02756866121538275,
            0.10975788938837126
        ],
        [
            0.07397962275222002,
            0.06883803821332564,
            0.035222736882720505,
            0.11832621592481089,
            0.07630509232994964,
            0.16058171902557214,
            0.007879599801837224,
            0.1391965526336221,
            0.25416303029086273,
            0.06550739214507888
        ],
        [
            0.028376075111476478,
            0.05036953676740562,
            0.08338249259358928,
            0.03558631918616145,
            0.1766820589220873,
            0.024844109316238303,
            0.2965830777890259,
            0.014888437671357559,
            0.017982125586271876,
            0.2713057670563863
        ],
        [
            0.058147037566678245,
            0.07366692691407566,
            0.04587101648719901,
            0.10799744389901568,
            0.10384438929090212,
            0.16573707895061815,
            0.012263971383714286,
            0.11975392255612137,
            0.2051440223209573,
            0.10757419063071813
        ],
        [
            0.06846218032072007,
            0.10985983825095354,
            0.14483486660422237,
            0.10866975409004766,
            0.19407598476613874,
            0.04354964019581506,
            0.16654892829792334,
            0.05128297604424341,
            0.028708981394045263,
            0.08400685003589056
        ],
        [
            0.03549961106798646,
            0.063316714404183,
            0.13722074726508288,
            0.07403991041997304,
            0.11090609643364926,
            0.20138889481763156,
            0.022852153906923342,
            0.11233589943985807,
            0.1312155523068445,
            0.11122441993786832
        ],
        [
            0.024067940550166318,
            0.04423260427872845,
            0.03467776655070574,
            0.03346648939330349,
            0.14124870009105023,
            0.4101372640696005,
            0.017477483950662388,
            0.04102492787351977,
            0.1347351692589048,
            0.11893165398335817
        ],
        [
            0.029432610692786243,
            0.10114558209843394,
            0.05996694460928049,
            0.08006349197092909,
            0.08913452963943512,
            0.019933431643239276,
            0.49740190170742,
            0.015447327444598355,
            0.016693384122142916,
            0.090780796071735
        ],
        [
            0.02524470325645265,
            0.04941204975110743,
            0.17979394523787803,
            0.06866248534190449,
            0.11372021794283486,
            0.22883520542824937,
            0.01828385903833211,
            0.07731373702857627,
            0.1059049275495197,
            0.13282886942514574
        ],
        [
            0.03367275046108571,
            0.05611436318596496,
            0.05653306840764,
            0.1019179658238673,
            0.08273134628180129,
            0.020453376045623008,
            0.5620063471128777,
            0.01676636944091712,
            0.01612229095751783,
            0.05368212228270557
        ],
        [
            0.2525280750355509,
            0.19197039158943674,
            0.013107918438180596,
            0.4240732147972622,
            0.02200778914640835,
            0.018045619722284214,
            0.014538105039751564,
            0.011537506122593022,
            0.01720491793116461,
            0.03498646217736785
        ],
        [
            0.03333499625231629,
            0.10878685147627838,
            0.07187407865213764,
            0.09080844965761077,
            0.13062807735932222,
            0.02147817147240377,
            0.41143797109782043,
            0.0225891986006614,
            0.01971177220565257,
            0.08935043322579697
        ],
        [
            0.02095021095224404,
            0.08609782548521261,
            0.024603520998461744,
            0.008739682831126385,
            0.13299381131444774,
            0.44915969202087647,
            0.0010754127101803145,
            0.043769784240150544,
            0.07977473451187876,
            0.15283532493542218
        ],
        [
            0.030728961391318713,
            0.046691360136636245,
            0.18262284596123185,
            0.09585158507684283,
            0.09195534205608752,
            0.1969377782568421,
            0.016451875791400016,
            0.12832656377292287,
            0.12547914480545494,
            0.08495454275126296
        ],
        [
            0.016652536840018408,
            0.04127570395898528,
            0.18071134060670557,
            0.016255886838566585,
            0.15853689090355852,
            0.25267935236065375,
            0.0033084552394061968,
            0.0457609112512583,
            0.05769705545918746,
            0.22712186654165964
        ],
        [
            0.026594440321234477,
            0.05306356432781132,
            0.07700608342053827,
            0.03337534243345574,
            0.13748609772953763,
            0.36488257157053494,
            0.010634429374616077,
            0.04386819422064228,
            0.09730984715332623,
            0.15577942944830334
        ],
        [
            0.061238996736558464,
            0.06887092296105228,
            0.013753870904833869,
            0.06579396904596449,
            0.15206584212649876,
            0.13247269355087546,
            0.005865677751632856,
            0.08438920460769403,
            0.22901339871787496,
            0.18653542359701444
        ],
        [
            0.016913835404382103,
            0.06995188816338313,
            0.018819770102823173,
            0.005661904618490303,
            0.2552547227491478,
            0.011945228370713367,
            0.01665848225322803,
            0.0131247001114313,
            0.01977780707779339,
            0.5718916611486077
        ],
        [
            0.47587439092853656,
            0.2251988212233871,
            0.028466320565130796,
            0.01135750915979296,
            0.05061005097442602,
            0.022325557089742525,
            0.010092339849863838,
            0.05039785737736532,
            0.02744930408304428,
            0.0982278487487104
        ],
        [
            0.022798248188375978,
            0.026103905235309095,
            0.35547872330735564,
            0.08660572214155896,
            0.08537332288616617,
            0.06360835575521709,
            0.009523226812673638,
            0.16672486143943743,
            0.13270176247365278,
            0.05108187176025287
        ],
        [
            0.07316125672145178,
            0.10376392920945203,
            0.05169888318918033,
            0.07234850113202641,
            0.09417702054114321,
            0.03201391854796802,
            0.0757044310472566,
            0.411274310798379,
            0.0361456387524812,
            0.04971211006066104
        ],
        [
            0.03639689165894379,
            0.0651706292639445,
            0.0432412591240196,
            0.02115475499790579,
            0.1965484894138477,
            0.019029966566382242,
            0.12471742872757952,
            0.014814621358179588,
            0.025690576852218726,
            0.4532353820369784
        ],
        [
            0.0705495351848038,
            0.10072419735426355,
            0.006262718778134942,
            0.2522488465334445,
            0.15242392514641928,
            0.0126832330194016,
            0.3023301960356053,
            0.009646830615961706,
            0.011609265146913197,
            0.08152125218505164
        ],
        [
            0.35384920564245337,
            0.08453420602587378,
            0.0010842233034620233,
            0.5043252725423603,
            0.010432432211324255,
            0.006936147464911215,
            0.0023138458628733792,
            0.003297485692030614,
            0.0066615634785683565,
            0.026565617776142865
        ],
        [
            0.2749203918887843,
            0.21418587377334417,
            0.02074314125759641,
            0.21375225987092153,
            0.08003583652005988,
            0.032259901478041364,
            0.08031823668875646,
            0.014464162446985342,
            0.01922952575517293,
            0.05009067032033726
        ],
        [
            0.03763542880511047,
            0.1252258631059553,
            0.06230810009725546,
            0.11442075141991878,
            0.07543033438528833,
            0.02057216030477033,
            0.46901951999302005,
            0.016177832133848893,
            0.018974035809405255,
            0.06023597394542719
        ],
        [
            0.045075837915174964,
            0.053350099024436895,
            0.14131552574745396,
            0.16425008386733372,
            0.0774074980419785,
            0.10784216104563554,
            0.012961801449462112,
            0.13442535358593005,
            0.19706750251267266,
            0.06630413680992173
        ],
        [
            0.08615215739604248,
            0.06367041510901228,
            0.02829106238718568,
            0.17022629123081404,
            0.0621819929099108,
            0.08977558702569947,
            0.006485535079459078,
            0.14305600589968498,
            0.28671608421550554,
            0.0634448687466854
        ],
        [
            0.6070179569522878,
            0.08401116902656197,
            0.07859297370166694,
            0.02909485460450377,
            0.03921906598077308,
