{
    "accuracy": 0.4,
    "classification_report": "              precision    recall  f1-score   support\n\n           0       0.70      0.35      0.47        20\n           1       0.90      0.45      0.60        20\n           2       0.38      0.70      0.49        20\n           3       0.50      0.25      0.33        20\n           4       0.60      0.15      0.24        20\n           5       0.48      0.50      0.49        20\n           6       0.33      0.75      0.46        20\n           7       1.00      0.35      0.52        20\n           8       0.20      0.50      0.28        20\n           9       0.00      0.00      0.00        20\n\n    accuracy                           0.40       200\n   macro avg       0.51      0.40      0.39       200\nweighted avg       0.51      0.40      0.39       200\n",
    "y_score": [
        [
            0.03147045489184079,
            0.05507157588853263,
            0.1195822871970069,
            0.09018907792819551,
            0.09902991844714151,
            0.20587377129683265,
            0.018380229550388125,
            0.10953334486545047,
            0.17413564099551646,
            0.09673369893909498
        ],
        [
            0.08491018007416888,
            0.15068321028691958,
            0.07474500649463177,
            0.06499004325694449,
            0.2206658964212828,
            0.07236734372869448,
            0.043559770603284066,
            0.026663165347278608,
            0.031430726362444296,
            0.22998465742435092
        ],
        [
            0.04889905185902457,
            0.07545711624961306,
            0.026249164517354966,
            0.06783002002228314,
            0.12083638049552316,
            0.2020195508466508,
            0.009558007157833648,
            0.07452228595916445,
            0.23819770163556286,
            0.13643072125698946
        ],
        [
            0.018262949754667832,
            0.04995053753586449,
            0.0667005004887893,
            0.03499138637107588,
            0.14154941533600052,
            0.3904799283771793,
            0.010686110993187099,
            0.04128586778519321,
            0.08957934010178789,
            0.15651396325625494
        ],
        [
            0.048269547476434665,
            0.05884857344905274,
            0.11984953047058458,
            0.15997379912738613,
            0.07105530590094782,
            0.08439453253465307,
            0.010981699092406028,
            0.14935833180923616,
            0.24816169741814453,
            0.049106982721153956
        ],
        [
            0.044574148034307544,
            0.07922576258185633,
            0.04585014484397286,
            0.11086404524455012,
            0.0990127524737054,
            0.022295940374330865,
            0.5057540869299576,
            0.016141560190247078,
            0.016883569418936,
            0.059397989908135815
        ],
        [
            0.029214705303462832,
            0.05603691823439008,
            0.14433251313550963,
            0.07757204910248343,
            0.11532388040865925,
            0.20219792633180453,
            0.022663704281869573,
            0.10197642317937482,
            0.14126521925477978,
            0.10941666076766662
        ],
        [
            0.005783377857194151,
            0.018868765300877905,
            0.5185550641075883,
            0.031640480026111396,
            0.12344823735582083,
            0.07269398631523705,
            0.004301625272321904,
            0.10582216986041793,
            0.03639769727704547,
            0.08248859662738517
        ],
        [
            0.0300177697447832,
            0.08047983995196047,
            0.09440702831083993,
            0.05873962694468824,
            0.4170660394988519,
            0.06057940756914505,
            0.055076401496191155,
            0.04198862237807637,
            0.01803487179135454,
            0.14361039231410924
        ],
        [
            0.0881506680193658,
            0.08032786022155615,
            0.1282885272042436,
            0.1132992129241886,
            0.11334222851284245,
            0.2868348996020697,
            0.07715139933299942,
            0.018717146337940707,
            0.03150165084740304,
            0.062386406997390266
        ],
        [
            0.22779948907254258,
            0.18710305858778364,
            0.02589945086263375,
            0.25169635990105566,
            0.08055948266182225,
            0.025345078180444968,
            0.12355807480493511,
            0.014201001508549818,
            0.021115330997723714,
            0.04272267342250864
        ],
        [
            0.0867651780013487,
            0.13938806415090743,
            0.10626210167114397,
            0.12036650294257005,
            0.14577794762284257,
            0.05325976422532948,
            0.19561158893742,
            0.03185941391356251,
            0.030853480686920898,
            0.0898559578479545
        ],
        [
            0.11676267678182271,
            0.060711998705608825,
            0.00941154626428504,
            0.13038546604256776,
            0.045147597563799116,
            0.05912012562815667,
            0.0036508901503170964,
            0.09532821883827473,
            0.4349220427472349,
            0.04455943727793262
        ],
        [
            0.0964929517091694,
            0.049299272918334164,
            0.0015954165503878361,
            0.06689790867911162,
            0.100705455867888,
            0.05822556896819706,
            0.0015343491385682447,
            0.0334975875468013,
            0.3500209164211926,
            0.24173057220035007
        ],
        [
            0.09312368453212543,
            0.16620888424196079,
            0.08690089868649321,
            0.1766888074521896,
            0.10626866282311415,
            0.045608804090108354,
            0.10883663160476183,
            0.022292490285963005,
            0.02430159372661702,
            0.16976954255666674
        ],
        [
            0.04136537366835896,
            0.07288618366820705,
            0.05046746230348378,
            0.1389346451568839,
            0.07778120676930537,
            0.019814865429568035,
            0.5174555468194176,
            0.014918945928926357,
            0.01799947289462519,
            0.048376297361223654
        ],
        [
            0.03384590631948076,
            0.06420748336035824,
            0.07468387724207778,
            0.07668757627185702,
            0.11033113077961736,
            0.24799483662517338,
            0.02122368759670226,
            0.06885138967489586,
            0.17711681210157945,
            0.12505730002825757
        ],
        [
            0.08365846089382294,
            0.16647437350859867,
            0.032665161314961964,
            0.15675675213944806,
            0.09428080020595425,
            0.19283046576617954,
            0.05154233678335112,
            0.028528507290564005,
            0.055665599614678776,
            0.13759754248244002
        ],
        [
            0.14724573752506068,
            0.06117113837371474,
            0.0017616535266240848,
            0.10647738975021223,
            0.049806342680014645,
            0.06958195126116432,
            0.001792656302734966,
            0.05717529557073785,
            0.42163739591018534,
            0.08335043909955117
        ],
        [
            0.04059128600589075,
            0.11773459035918139,
            0.13484540334397,
            0.07628004029271297,
            0.06755612990572533,
            0.022797771833615622,
            0.4483671344861856,
            0.01966406482332384,
            0.020051434456367964,
            0.052112144493026605
        ],
        [
            0.010102510352395127,
            0.02511572267039606,
            0.462988642571657,
            0.0530017042958798,
            0.09648351707532939,
            0.08404493624293735,
            0.007887642768577716,
            0.12555786926004653,
            0.06118878016434862,
            0.07362867459843268
        ],
        [
            0.1936138947900978,
            0.19072759043988766,
            0.03225936023698387,
            0.16790743860586438,
            0.12770334067980163,
            0.036669001319072754,
            0.154740753967976,
            0.015364118620980052,
            0.01975348527503164,
            0.061261016064303966
        ],
        [
            0.07802194503669574,
            0.26852080355213714,
            0.051866211092943273,
            0.3269760249976609,
            0.08245176931732807,
            0.02234873232689777,
            0.05360244991777,
            0.021637067553553938,
            0.0185988946968071,
            0.07597610150820598
        ],
        [
            0.03421206483482996,
            0.08379935889464059,
            0.509705336612498,
            0.030820751445755922,
            0.10182988834564347,
            0.028878589453126543,
            0.05763646884988686,
            0.019262695229380105,
            0.020472901168343823,
            0.11338194516589432
        ],
        [
            0.8428991809859593,
            0.03252407014718577,
            0.000903738464785966,
            0.07410316119082734,
            0.01924445472536265,
            0.004647631504932767,
            0.0035478773724975966,
            0.002870688084610676,
            0.005778548392683849,
            0.013480649131153663
        ],
        [
            0.06954498947560517,
            0.34931880363882345,
            0.08315990659248829,
            0.1366437680958024,
            0.10482825065757218,
            0.032049528247070636,
            0.10985232999551618,
            0.03261002677557259,
            0.025504090930574336,
            0.05648830559097427
        ],
        [
            0.08678986722276534,
            0.05250304235445381,
            0.01663876390483501,
            0.100417793296618,
            0.07209581788183692,
            0.09551542367307846,
            0.004453742154415939,
            0.11519993532962773,
            0.40636869659612507,
            0.0500169175862439
        ],
        [
            0.0927546188976404,
            0.18171851202272357,
            0.02011717428724994,
            0.1500572949986765,
            0.08763181529843773,
            0.16160963843844464,
            0.039237385095765645,
            0.023006891181853797,
            0.05282261809529043,
            0.19104405168391722
        ],
        [
            0.0690782380677405,
            0.065062761224708,
            0.03762641140571914,
            0.11486062192035311,
            0.0755120796535524,
            0.1425634503181135,
            0.00859519733004507,
            0.1201487049987572,
            0.29827652780846436,
            0.068276007272547
        ],
        [
            0.021913428971248435,
            0.04885067836019402,
            0.17657362505278518,
            0.07379730834349271,
            0.1027255256881939,
            0.242982872713226,
            0.01772744740581847,
            0.10295464541632222,
            0.114108117567096,
            0.09836635048162279
        ],
        [
            0.03889911891986133,
            0.0707427817629658,
            0.05100619726101642,
            0.12450304137687548,
            0.07825291527105473,
            0.01937238167609482,
            0.5367461089937829,
            0.015881712394657917,
            0.01731090740085222,
            0.04728483494283847
        ],
        [
            0.006308280822893045,
            0.02883268383118704,
            0.5977566395905246,
            0.010406179025834222,
            0.15693983784383367,
            0.02301269589572122,
            0.032109824225668264,
            0.010658490730823839,
            0.0073060560540401005,
            0.1266693119794748
        ],
        [
            0.005195092894869251,
            0.01750821328847143,
            0.3477888703477263,
            0.030365661719351386,
            0.1466258852170605,
            0.17181850923759406,
            0.003288562217044704,
            0.07968532499336083,
            0.03651597518824375,
            0.1612079048962779
        ],
        [
            0.4835346246916709,
            0.08159856747676031,
            0.0687641526198891,
            0.08815712072638407,
            0.0888684747891184,
            0.030353666302661644,
            0.06914412184961873,
            0.021061801772318686,
            0.020348000949440136,
            0.048169468822138274
        ],
        [
            0.00016328525233747851,
            0.9997011126746274,
            2.3775337220188188e-06,
            1.0407806672263093e-05,
            1.9743143794645015e-05,
            1.2704788215233865e-05,
            8.723724581924576e-08,
            2.089045095000654e-05,
            4.6001590477233686e-05,
            2.3389521957934823e-05
        ],
        [
            0.04681316190645947,
            0.09808450388920559,
            0.03319059164328921,
            0.1303640927702215,
            0.11223203255785387,
            0.022912495379128567,
            0.45986214601991143,
            0.01410326163975026,
            0.01638440316357487,
            0.06605331103060516
        ],
        [
            0.023561139419016802,
            0.06227234136027926,
            0.07391548004835329,
            0.04140489845152633,
            0.12911403640824443,
            0.024216809537544074,
            0.40081374535537484,
            0.013305044670042614,
            0.01745862737322517,
            0.2139378773763928
        ],
        [
            0.05189740352622607,
            0.05107248151375461,
            0.08056893209139447,
            0.11072317719977334,
            0.07463637208252542,
            0.07140531321792254,
            0.007162296281181423,
            0.23794861739608955,
            0.27079606802679757,
            0.043789338664334945
        ],
        [
            0.025717624893881182,
            0.07710176183076375,
            0.38284168084326337,
            0.04764536804673499,
            0.08463199281127118,
            0.023397805360442288,
            0.26132558495223673,
            0.018036881924600477,
            0.015934377627553377,
            0.06336692170925273
        ],
        [
            0.7257893799837541,
            0.08441735982519341,
            0.00013630883962341251,
            0.13421869168819578,
            0.027314689303345956,
            0.0029173889724684533,
            0.00167047555218869,
            0.0009736660523306393,
            0.0030535737707439448,
            0.0195084660121561
        ],
        [
            0.03638850192013885,
            0.05653907345673358,
            0.1255889689901482,
            0.12296561083221852,
            0.09878513180396813,
            0.14215908131921234,
            0.01650258645803935,
            0.12432550653794756,
            0.19632070707990368,
            0.08042483160169024
        ],
        [
            0.16318027814793465,
            0.051449736112227924,
            0.001374261461857402,
            0.12349864135268175,
            0.05293142990063334,
            0.0310644128382057,
            0.0016736419695913053,
            0.047236745880652645,
            0.41042942487451456,
            0.11716142746170079
        ],
        [
            0.07053751248917045,
            0.05207896881249377,
            0.0218557903657137,
            0.12353481556212385,
            0.05903592087371637,
            0.05755705027855492,
            0.00422142974531592,
            0.20035725515405994,
            0.37476509832068594,
            0.03605615839816538
        ],
        [
            0.20946342893889378,
            0.07018218789767035,
            0.013736727987003714,
            0.10876446129651719,
            0.056890121888370254,
            0.0985885050542392,
            0.005177214747722273,
            0.0695268205392275,
            0.30076386712430536,
            0.06690666452605062
        ],
        [
            0.0465162875149798,
            0.0695441682106971,
            0.04034318237856718,
            0.09572936025311814,
            0.09624906006323762,
            0.2262144252774003,
            0.013068243471474702,
            0.07649604139531187,
            0.23069768498356635,
            0.10514154645164694
        ],
        [
            0.03816199572269628,
            0.05637929445103004,
            0.07938365251651452,
            0.08625077575751834,
            0.09056522587282743,
            0.25043030752650663,
            0.015711366766538674,
            0.09770682933502617,
            0.19870499350885565,
            0.08670555854248638
        ],
        [
            0.027984097532225114,
            0.06009204856274001,
            0.06529271751193348,
            0.07928908815108898,
            0.12187130493575297,
            0.024948024828521546,
            0.5222975608772427,
            0.016282476773024614,
            0.014839784385794062,
            0.06710289644167715
        ],
        [
            0.08094468256778775,
            0.33904054858981525,
            0.0757713502763576,
            0.14305895112034592,
            0.09624514678326834,
            0.03558334530405376,
            0.11119816526128082,
            0.030396176107712555,
            0.028486267145760465,
            0.059275366843617616
        ],
        [
            0.024197280609799365,
            0.054815553211386404,
            0.08244106003551958,
            0.039817231573114294,
            0.1748133060523812,
            0.025789706858744002,
            0.32236393184766376,
            0.015501134502767137,
            0.017058537731832236,
            0.24320225757679173
        ],
        [
            0.026058506204507986,
            0.05006123049726629,
            0.049928459618558754,
            0.03835949901645781,
            0.10824798423272117,
            0.023191902680222694,
            0.049919905922297905,
            0.595200572991914,
            0.012929310013123764,
            0.0461026288229301
        ],
        [
            0.06908391961379783,
            0.11523533485133429,
            0.1378354888449075,
            0.09102334456300215,
            0.18047180592712211,
            0.05519202653983019,
            0.18473514725337947,
            0.03243617570821211,
            0.02793262442688339,
            0.10605413227153059
        ],
        [
            0.017338718991608788,
            0.03759512540326675,
            0.34810463609915815,
            0.06714180206638497,
            0.10038714464952536,
            0.11814664865808094,
            0.01552375473521644,
            0.11647042425634233,
            0.08814777232696362,
            0.09114397281345304
        ],
        [
            0.03829346516848605,
            0.08634442364965976,
            0.11991616055551908,
            0.07787647451673488,
            0.3536198746267531,
            0.05536260817198499,
            0.09071916408974,
            0.042563047382503216,
            0.020056585003940874,
            0.11524819683467818
        ],
        [
            0.053950037065005174,
            0.07073929076312996,
            0.03888525144913121,
            0.09287827019004713,
            0.08229513426789554,
            0.18489738994437596,
            0.00890814000727445,
            0.1258164302020426,
            0.2557514764296748,
            0.08587857968142298
        ],
        [
            0.10174999939570457,
            0.050935955949615044,
            0.009297920016303026,
            0.13758898326753033,
            0.05135751945778766,
            0.05990360924865491,
            0.0035968936747459205,
            0.07380342655719083,
            0.46632446792753357,
            0.045441224504933854
        ],
        [
            0.061243698987290596,
            0.10238524502657209,
            0.0647144705487897,
            0.11853587168582619,
            0.15212414370157368,
            0.029060329342395476,
            0.37460093003596423,
            0.017293185433928115,
            0.018967541646823183,
            0.061074583590837
        ],
        [
            0.02024558182568363,
            0.04266326197279497,
            0.254888058662339,
            0.09835115026469254,
            0.0992812730454066,
            0.13868139735275428,
            0.014449535014520513,
            0.10500745110441854,
            0.1241121771260201,
            0.10232011363136934
        ],
        [
            0.043185591087057724,
            0.13031240710164527,
            0.14497753307739578,
            0.0826988513674217,
            0.06604277236738396,
            0.022851225283083792,
            0.4190826672934883,
            0.020022663328141503,
            0.021031053806858158,
            0.04979523528752366
        ],
        [
            0.059941883412666416,
            0.3382974118532616,
            0.008008090073496794,
            0.2312748214655315,
            0.07913421687113693,
            0.013032623853998802,
            0.20157884718272262,
            0.008348567181474443,
            0.011279592817049771,
            0.049103945288660855
        ],
        [
            0.09150074704953752,
            0.08337580160550488,
            0.13571114421401737,
            0.14082302859750961,
            0.12687062456449305,
            0.2290534314276906,
            0.0769444350183036,
            0.02033234137891993,
            0.03398667492926188,
            0.06140177121476133
        ],
        [
            0.07388092993379167,
            0.0795939483509518,
            0.02348484936797987,
            0.1019375744348954,
            0.09407540077867635,
            0.15254692149418478,
            0.008042024979515056,
            0.0826425526891508,
            0.2809006623745786,
            0.10289513559627568
        ],
        [
            0.20564784225537366,
            0.04969914953774445,
            0.0019231883254221137,
            0.11636431405286468,
            0.04478403322738989,
            0.050174809240247954,
            0.0020054092738635613,
            0.0497192344599041,
            0.42776853360683076,
            0.05191348602035861
        ],
        [
            0.16738620560924766,
            0.07236235174715562,
            0.15177870635666726,
            0.0802862882536297,
            0.10563681665663611,
            0.23669366176049275,
            0.06404663136098791,
            0.01645655471340881,
            0.033858884562539285,
            0.07149389897923518
        ],
        [
            0.08299268583198498,
            0.06309651903027035,
            0.02529673036887736,
            0.12883570233755362,
            0.05628921599955443,
            0.08459248395341046,
            0.005460585424949646,
            0.13342198203039962,
            0.37118662187728263,
            0.04882747314571667
        ],
        [
            0.15113704551831833,
            0.05736673062698504,
            0.001970525742153847,
            0.132811817297485,
            0.06430303638706991,
            0.040370836176391256,
            0.0016803161140157494,
            0.06556774458129215,
            0.4173787208521767,
            0.06741322670411191
        ],
        [
            0.08765571780718233,
            0.15579990270733524,
            0.05340486889119077,
            0.04573404240020691,
            0.2571219761611577,
            0.04920781440368389,
            0.02127040848234425,
            0.025364225549070477,
            0.060041714450366254,
            0.24439932914746218
        ],
        [
            0.026805725163300514,
            0.056926329214877246,
            0.13709163955335302,
            0.08077332828660345,
            0.11158338279323081,
            0.20435663496598616,
            0.02122705982414783,
            0.10972823830004576,
            0.1323966147998179,
            0.11911104709863732
        ],
        [
            0.09235744535943513,
            0.0648918365053116,
            0.015832098495528114,
            0.10255451965038001,
            0.08216018178553203,
            0.13663566638855174,
            0.005167862522678755,
            0.09394447055252587,
            0.33892045764721057,
            0.06753546109284578
        ],
        [
            0.10930957471440222,
            0.07844761873690884,
            0.00464698418411908,
            0.13074581226584087,
            0.06894658929069628,
            0.0675156393335519,
            0.002675810074564936,
            0.09812938157352306,
            0.3575478616911505,
            0.08203472813524258
        ],
        [
            0.011891406779943313,
            0.02820645717044174,
            0.3885180480831368,
            0.04546946272242652,
            0.11264827658105246,
            0.07952617113543284,
            0.010641043471954433,
            0.19346010777203634,
            0.06821602379695066,
            0.06142300248662525
        ],
        [
            0.05855474244373113,
            0.1050424646506421,
            0.0576187856628735,
            0.11797761878108434,
            0.14274999102504934,
            0.026898455383473113,
            0.39872778468810627,
            0.017762715491616923,
            0.01722622733179753,
            0.057441214541625665
        ],
        [
            0.1141797582835045,
            0.055275647150509186,
            0.005874337605300635,
            0.096606263967611,
            0.07391942141679168,
            0.10865119362874068,
            0.0034504788789292986,
            0.06066119724532158,
            0.3992862151254845,
            0.08209548669780697
        ],
        [
            0.04396369410109402,
            0.3782113658084701,
            0.08056192431643032,
            0.11482521883617187,
            0.13746006083903875,
            0.034444070669754585,
            0.08929157599347265,
            0.03029288110677652,
            0.01969936998536667,
            0.07124983834342441
        ],
        [
            0.05170268442425916,
            0.07332223089929452,
            0.009442159184220731,
            0.04956293788377884,
            0.061847814457334775,
            0.015136858699593667,
            0.020512807567032547,
            0.6773545261801364,
            0.015321783028422164,
            0.025796197675927553
        ],
        [
            0.02578225704798315,
            0.04110717434713522,
            0.23628926222796875,
            0.10541211694771226,
            0.0849344271612078,
            0.097655342818721,
            0.012361714374006526,
            0.1420473759534513,
            0.18422553226744484,
            0.07018479685436935
        ],
        [
            0.04953913508949367,
            0.05195613816087902,
            0.013111554543693534,
            0.046664319637604965,
            0.1629284784455234,
            0.1458706980293273,
            0.006246554489153334,
            0.11713752520881007,
            0.25856426303470337,
            0.14798133336081148
        ],
        [
            0.5339763325535327,
            0.15054418281264903,
            0.000808745900799357,
            0.2425887202634006,
            0.028819754433443857,
            0.009477142447577365,
            0.005796369454158857,
            0.0032022155789230983,
            0.007442416667624509,
            0.017344119887890697
        ],
        [
            0.03434912905216546,
            0.051329753873661406,
            0.15317204209554813,
            0.1059564972999745,
            0.09215001161546234,
            0.11030655937980349,
            0.014128379699742141,
            0.20887694670861748,
            0.168380027103823,
            0.061350653171201926
        ],
        [
            0.03552259646242187,
            0.06444010210153218,
            0.014567487045078417,
            0.04873512287100725,
            0.1527282496581402,
            0.18683901260717076,
            0.008600148887645001,
            0.05472890356332719,
            0.23392179181872721,
            0.1999165849849498
        ],
        [
            0.027321810944660636,
            0.03305743245493331,
            0.20105679065655968,
            0.12698409833310514,
            0.05584666469082809,
            0.04098701617687657,
            0.006806253307222132,
            0.2930081579667844,
            0.18627765399242058,
            0.02865412147660977
        ],
        [
            0.05680479592430712,
            0.09882059860608108,
            0.11153008239588474,
            0.11872630485276148,
            0.11048901965981518,
            0.03600044859291193,
            0.35775701295668677,
            0.022195269977154,
            0.02138984930661438,
            0.06628661772778337
        ],
        [
            0.06325128730352224,
            0.07780291527528199,
            0.013113488831462163,
            0.05509821522924862,
            0.06659238735406611,
            0.018889090231899525,
            0.027069889377468785,
            0.6267002324613298,
            0.016417376328979574,
            0.03506511760674088
        ],
        [
            0.08063587405987642,
            0.0613315790474719,
            0.02931972878487079,
            0.13205714378651864,
            0.060468194194033445,
            0.09489934846860947,
            0.005890590242733355,
            0.12894754264833036,
            0.3589040652268319,
            0.04754593354072315
        ],
        [
            0.05124680238059768,
            0.1000551307533321,
            0.14993068696234546,
            0.09431353916224824,
            0.2488627713513006,
            0.049114525823316574,
            0.14069334682708942,
            0.04330739658221779,
            0.023628127098716367,
            0.09884767305883572
        ],
        [
            0.06819607874066017,
            0.0683455626469102,
            0.03217129102301288,
            0.11964236892779133,
            0.06917491515712469,
            0.16325236899725676,
            0.00790362673979425,
            0.10416208862326556,
            0.29961075768154133,
            0.06754094146264306
        ],
        [
            0.02282978476694581,
            0.05233290259175184,
            0.08158744947881305,
            0.040023703275723375,
            0.1832176483064704,
            0.029894963918462636,
            0.29405294922123787,
            0.013237754372402865,
            0.016807322355702533,
            0.2660155217124904
        ],
        [
            0.05203991750240916,
            0.07372047282606475,
            0.043337431531372296,
            0.11095202244124605,
            0.09906544304204046,
            0.17094389926455744,
            0.012752475942963495,
            0.0974118833463632,
            0.23279874483187332,
            0.10697770927110938
        ],
        [
            0.05993177949618854,
            0.10708376440458833,
            0.14448823915664996,
            0.11671747039599607,
            0.21136276471829246,
            0.043344821439736926,
            0.16810986115912369,
            0.04734643398381345,
            0.02567025574124625,
            0.07594460950436416
        ],
        [
            0.02971535510053911,
            0.06480991669715085,
            0.13674407219124718,
            0.07758718316640047,
            0.11061421461346002,
            0.20515523204869185,
            0.02365942505595218,
            0.10231231754897453,
            0.13996570972650338,
            0.10943657385108056
        ],
        [
            0.019171099442911354,
            0.04520533140671667,
            0.032823637048054084,
            0.03533064359316134,
            0.13958259442660761,
            0.40392300415260235,
            0.017867051442868456,
            0.033154964182987315,
            0.14436786909505878,
            0.12857380520903214
        ],
        [
            0.027272996516864045,
            0.1025893960548342,
            0.061568403976374086,
            0.08697112702779869,
            0.09576881766099364,
            0.02215785791915164,
            0.482234193020348,
            0.01493851071791368,
            0.017100635691616777,
            0.08939806141410533
        ],
        [
            0.020227543118595072,
            0.05172140424603708,
            0.18153855064833588,
            0.07097521701775396,
            0.1143858900596346,
            0.23168861423680115,
            0.018868204528631537,
            0.07094085644085148,
            0.11148673653081925,
            0.1281669831725399
        ],
        [
            0.032636293276990594,
            0.061866893862486075,
            0.0569310720599513,
            0.10380021251887653,
            0.09218708836370665,
            0.021302329242024978,
            0.5471126742176993,
            0.01643079312919906,
            0.016291151116141135,
            0.05144149221292461
        ],
        [
            0.24814233381004905,
            0.21219620654184845,
            0.012959985612576604,
            0.4022603031082177,
            0.026106692780859815,
            0.01806755876020905,
            0.01613855576708015,
            0.012343677342284105,
            0.020581768937660175,
            0.031202917339215566
        ],
        [
            0.030362332190266753,
            0.10876965182891427,
            0.07273626089568677,
            0.09851110580726263,
            0.13907512223506555,
            0.02309513412044035,
            0.40119405280258,
            0.021367183868059733,
            0.018900347770040193,
            0.0859888084816843
        ],
        [
            0.01643210778262279,
            0.08726151404063559,
            0.024093680016071317,
            0.011307216608571095,
            0.1349529542611735,
            0.440034899415239,
            0.0010796042055313988,
            0.03936854740431216,
            0.08258698373398275,
            0.16288249253186
        ],
        [
            0.02542193902676832,
            0.049358290231241116,
            0.1826350820981104,
            0.09805737664791753,
            0.09089043616193904,
            0.19951617939553087,
            0.01700075573593173,
            0.12056145501539435,
            0.13178941849868517,
            0.08476906718848135
        ],
        [
            0.011942745088775157,
            0.04293174232306319,
            0.18428729510051522,
            0.018039912307607476,
            0.16722940055244026,
            0.26474830227109847,
            0.003348151879701409,
            0.04109495399715393,
            0.05547677894412285,
            0.21090071753552206
        ],
        [
            0.021153704539998913,
            0.05449206990121135,
            0.07607695813548133,
            0.035652975974158806,
            0.13981948187904303,
            0.36409574618451584,
            0.011075676316029022,
            0.03857270052416784,
            0.10221179056070664,
            0.15684889598468676
        ],
        [
            0.05273407295408717,
            0.0682468350370885,
            0.012049136924755646,
            0.07038554960166629,
            0.14084152399058242,
            0.14467657500259493,
            0.0060027804219847545,
            0.06497805620708416,
            0.26220998981638816,
            0.17787548004376716
        ],
        [
            0.010919231753627722,
            0.06882785602723869,
            0.015516255069150624,
            0.006217250637179346,
            0.2477424055051214,
            0.01187514277292007,
            0.014608567960577419,
            0.009468173450308552,
            0.016595468303182977,
            0.5982296485206933
        ],
        [
            0.4646995095475497,
            0.23622566810731038,
            0.02904322079698489,
            0.011967509947890736,
            0.04883544680600926,
            0.021020614164687992,
            0.010606108034636293,
            0.05047209022807341,
            0.026802648048647983,
            0.10032718431820922
        ],
        [
            0.018149568454140577,
            0.028897153106903432,
            0.355089859066907,
            0.08979916018587197,
            0.08308146436809487,
            0.06425149637686262,
            0.009797852951411312,
            0.16965595025763844,
            0.13203355767349576,
            0.04924393755867329
        ],
        [
            0.06207113702834473,
            0.09513729446874009,
            0.04548093670662071,
            0.07260272432994046,
            0.08654238002101056,
            0.028884506743257685,
            0.06957146945191248,
            0.4756695652891595,
            0.021885621637420874,
            0.04215436432359349
        ],
        [
            0.027285857807118702,
            0.06559056824521496,
            0.04020602411271814,
            0.024400746446505164,
            0.19566373862391265,
            0.023428302794074287,
            0.12589699228436194,
            0.012589943011100274,
            0.025829123003392778,
            0.4591087036716011
        ],
        [
            0.06735804184119079,
            0.10604091610784376,
            0.005875346188657833,
            0.2535384542511575,
            0.16573727678903077,
            0.0129954719665645,
            0.29266744873797323,
            0.009111399579789362,
            0.010019504171514901,
            0.07665614036627745
        ],
        [
            0.33586999203453194,
            0.11605645691226191,
            0.001791844134635533,
            0.477722228745937,
            0.015375930047223886,
            0.00864059447616085,
            0.003861587396854301,
            0.004818048734228011,
            0.009819491878591964,
            0.02604382563957463
        ],
        [
            0.2642758165346907,
            0.206274929712805,
            0.019561803326728945,
            0.22702596065291644,
            0.08665498963092003,
            0.030533905753745913,
            0.08819679635778577,
            0.013603918913180923,
            0.020139107712635357,
            0.04373277140459068
        ],
        [
            0.03604690116072994,
            0.12505665052750328,
            0.06411510960257216,
            0.12153031615772882,
            0.08198533249172342,
            0.021900656725174182,
            0.455141767765294,
            0.015857914018852174,
            0.019903044877295203,
            0.058462306673127275
        ],
        [
            0.03997535359355926,
            0.0563782654016412,
            0.1360019146337158,
            0.16264721198215212,
            0.07432445070697469,
            0.108936673456801,
            0.01347955739802731,
            0.11581253540265932,
            0.22585978296722836,
            0.06658425445724106
        ],
        [
            0.08102323184659,
            0.06407731626064983,
            0.024794804088064847,
            0.16663913389933965,
            0.0542930105439055,
            0.08875340941476498,
            0.006170099575381222,
            0.10465060598713286,
            0.34674814891750994,
            0.062850239466661
        ],
        [
            0.6041173024308392,
            0.08643643053493962,
            0.07131394475726953,
            0.038311166365874186,
            0.04138088617404715,
