{
    "accuracy": 0.51,
    "classification_report": "              precision    recall  f1-score   support\n\n           0       0.56      0.45      0.50        20\n           1       0.82      0.45      0.58        20\n           2       0.63      0.60      0.62        20\n           3       0.42      0.50      0.45        20\n           4       0.44      0.20      0.28        20\n           5       0.71      0.60      0.65        20\n           6       0.48      0.55      0.51        20\n           7       0.42      0.70      0.53        20\n           8       0.52      0.70      0.60        20\n           9       0.33      0.35      0.34        20\n\n    accuracy                           0.51       200\n   macro avg       0.53      0.51      0.51       200\nweighted avg       0.53      0.51      0.51       200\n",
    "y_score": [
        [
            0.09688528887984836,
            0.08827467318347397,
            0.07637329335859135,
            0.10228846362823801,
            0.0788836830748326,
            0.15617857657169823,
            0.09004484778542235,
            0.07037596882597341,
            0.12025975402099828,
            0.12043545067092323
        ],
        [
            0.14174275312672302,
            0.0964679145464567,
            0.08461820728961433,
            0.09751009341074582,
            0.08789783567599746,
            0.1345267952989465,
            0.0930786599046198,
            0.07503152318832798,
            0.09560596857544,
            0.09352024898312825
        ],
        [
            0.07416479013992497,
            0.08662523466526678,
            0.13497921899970775,
            0.07847361628674027,
            0.13284325119652798,
            0.1059351153626141,
            0.08627731480178123,
            0.12682290120958226,
            0.08184767428580458,
            0.09203088305204986
        ],
        [
            0.1076797091063813,
            0.08501172654337813,
            0.08303430383426307,
            0.11258918038970833,
            0.07411505142913943,
            0.16875353699537532,
            0.07281078878720094,
            0.07240425445891792,
            0.13161935240565253,
            0.09198209604998298
        ],
        [
            0.10973575267708423,
            0.10397046939917891,
            0.09952392972585476,
            0.11642530615638208,
            0.09981574737154723,
            0.09454632393352053,
            0.07788537130699076,
            0.10277489431596502,
            0.1062340453253415,
            0.0890881597881348
        ],
        [
            0.07634135199514208,
            0.07853202579194078,
            0.11064533488846007,
            0.08269434268098194,
            0.13097696297108763,
            0.07091899531205961,
            0.17805804857330418,
            0.12141113141825073,
            0.0684042179198135,
            0.08201758844895954
        ],
        [
            0.09328687741930547,
            0.10998637453686809,
            0.10835618419080652,
            0.09178326962920194,
            0.0947021902160269,
            0.09895091498685264,
            0.10885624394355163,
            0.08476977972029197,
            0.10642932303611947,
            0.1028788423209752
        ],
        [
            0.08422159129761349,
            0.08731286562526427,
            0.15240727520197903,
            0.07795920807517936,
            0.12358738313214739,
            0.09163778725447382,
            0.08269973510462991,
            0.12276936223884347,
            0.08538904053202298,
            0.09201575153784618
        ],
        [
            0.06664918661167779,
            0.0823312627784561,
            0.11680533324335916,
            0.06738147517204544,
            0.14962474741780563,
            0.09047633525473783,
            0.0879371297964286,
            0.18323580836709677,
            0.06409264251637511,
            0.09146607884201759
        ],
        [
            0.09828133308568086,
            0.09888959889178107,
            0.09087465372269125,
            0.09696415502249037,
            0.10081262696333193,
            0.11990358874723173,
            0.10078994683619717,
            0.08435644320334595,
            0.10012710553217014,
            0.10900054799507947
        ],
        [
            0.12116276116242869,
            0.10382023964267473,
            0.0969628701106083,
            0.10936899779781252,
            0.08113107428119917,
            0.08337068225891235,
            0.10241722159110606,
            0.07788682553820248,
            0.10889054262936146,
            0.11498878498769421
        ],
        [
            0.1134972082378444,
            0.1150935280054435,
            0.0912729622446852,
            0.12473092301033356,
            0.0837092698213951,
            0.09776902707002876,
            0.09379336701670482,
            0.0756399146748097,
            0.10721060564832846,
            0.0972831942704264
        ],
        [
            0.11590352441315334,
            0.09823558403408703,
            0.10115645640607612,
            0.09775062147292507,
            0.09150798833793265,
            0.09254001167170477,
            0.09415575230205116,
            0.09137032000577401,
            0.11722828360331798,
            0.10015145775297787
        ],
        [
            0.11237266736934311,
            0.10458595979041148,
            0.09550450423465855,
            0.11431759663803746,
            0.08131399801778123,
            0.09362002827909315,
            0.09060643190458009,
            0.08103210544722714,
            0.12662500037100127,
            0.10002170794786647
        ],
        [
            0.09373970851177932,
            0.0990678718857583,
            0.09570193766517043,
            0.11650265344892777,
            0.11096265022270405,
            0.10563512446894711,
            0.089665491916982,
            0.09682577090954067,
            0.08576328065874411,
            0.10613551031144614
        ],
        [
            0.1094434619335746,
            0.1033054226078193,
            0.08250027329303852,
            0.13325120102334484,
            0.07767932361308982,
            0.07922277815138526,
            0.15349717171194105,
            0.06598424778346695,
            0.1020080742461372,
            0.09310804563620247
        ],
        [
            0.11069647783969233,
            0.10498439312928579,
            0.0808406704906087,
            0.11091801567512824,
            0.07163248791960534,
            0.12553770920839752,
            0.0917441011478428,
            0.06547291052996598,
            0.12643440434393258,
            0.11173882971554068
        ],
        [
            0.08536233599805294,
            0.0943537713605526,
            0.11200830919549455,
            0.08196298856179798,
            0.09340603432625569,
            0.11329061521543203,
            0.10213311224462132,
            0.09797670024490078,
            0.08859395799984368,
            0.13091217485304849
        ],
        [
            0.1299651203533997,
            0.0940419631105809,
            0.08157428048294162,
            0.13565329470026913,
            0.06898541180872976,
            0.09262193682611797,
            0.08910946603166124,
            0.07437054089236336,
            0.12809541953763465,
            0.10558256625630158
        ],
        [
            0.09801796393481425,
            0.10858564680378455,
            0.12597235213870384,
            0.0958878714183079,
            0.08733246426239917,
            0.08958934521518344,
            0.11986977891520778,
            0.07889686948713946,
            0.09302296646067088,
            0.10282474136378861
        ],
        [
            0.0984638114213772,
            0.0964252937627832,
            0.11254943895385941,
            0.09438442723595275,
            0.09624754299748264,
            0.09930156324893749,
            0.09756425431439329,
            0.08827790005490513,
            0.11082592384564535,
            0.10595984416466356
        ],
        [
            0.10849561277659504,
            0.1092359666239859,
            0.09467556999558598,
            0.09542337195096479,
            0.09649644294021904,
            0.08850847609233246,
            0.11496621768755531,
            0.09380543754144569,
            0.090285454656689,
            0.10810744973462676
        ],
        [
            0.13106576362224107,
            0.09719539044018656,
            0.08213751503524769,
            0.15914653512811683,
            0.08386599447963392,
            0.07951847036286668,
            0.08406059700992094,
            0.08368115690718071,
            0.10911157148646584,
            0.09021700552813985
        ],
        [
            0.0830147097369278,
            0.09368876573412376,
            0.14824666994148555,
            0.07744692918225483,
            0.1088743188601145,
            0.09936831736671226,
            0.10491237068387388,
            0.10928852341548781,
            0.07833306043863787,
            0.0968263346403817
        ],
        [
            0.16816873090499193,
            0.0942823912432803,
            0.07597159361758926,
            0.10370371431777917,
            0.0647596706271998,
            0.12096304255015766,
            0.09145322510064538,
            0.06451723773826874,
            0.10800516571472457,
            0.10817522818536314
        ],
        [
            0.09183207285309603,
            0.25753428283760377,
            0.07735225456630063,
            0.0815832835123683,
            0.07385154805948399,
            0.0723035638648603,
            0.08715859091526199,
            0.07543832566288251,
            0.07427304553787249,
            0.10867303219026998
        ],
        [
            0.11120402506122778,
            0.08500651803578745,
            0.12348616348572693,
            0.11108217257976186,
            0.09193707465972467,
            0.09333086805739275,
            0.077315565648369,
            0.10475569405613946,
            0.11958068710362307,
            0.08230123131224691
        ],
        [
            0.1132345298972095,
            0.10571775371805742,
            0.09459721138442839,
            0.1086786062257746,
            0.07521831059841819,
            0.11275543747540949,
            0.09067942239896426,
            0.07168385233374319,
            0.11318104289083943,
            0.11425383307715546
        ],
        [
            0.09596574673368453,
            0.09600132433531063,
            0.11078728151834022,
            0.09072831647772289,
            0.102702232600172,
            0.10349987178807595,
            0.09009085251345306,
            0.10739101922709177,
            0.10185572299364401,
            0.10097763181250487
        ],
        [
            0.07847888194716485,
            0.08870744091380621,
            0.09220123603366755,
            0.08042648195578218,
            0.10113849658499863,
            0.17218943919200982,
            0.09649281077110503,
            0.09562962093494498,
            0.09388718165232307,
            0.10084841001419763
        ],
        [
            0.11212664685917888,
            0.09557317522172928,
            0.0914552172332266,
            0.11785553073124932,
            0.08307285885524633,
            0.09123868614484555,
            0.13751346990568533,
            0.0751535323881976,
            0.1045552297313637,
            0.09145565292927735
        ],
        [
            0.08068351853610681,
            0.09612085266042104,
            0.13792684920767917,
            0.07788621411486597,
            0.11404497955793248,
            0.11156979620974913,
            0.10691605595593069,
            0.10361709606317458,
            0.07605021123594193,
            0.09518442645819805
        ],
        [
            0.09973499807713974,
            0.09205841250886287,
            0.09982144241455472,
            0.0972531121010185,
            0.09731269639396711,
            0.12228128876241977,
            0.08922976862415632,
            0.09362696857664378,
            0.10519919175431051,
            0.1034821207869265
        ],
        [
            0.12346371193085863,
            0.08434003818211654,
            0.09809956686611848,
            0.09623969515166707,
            0.1174803636831963,
            0.09076427690564536,
            0.08594683832403634,
            0.11472646917881218,
            0.09509649992102272,
            0.09384253985652637
        ],
        [
            0.09295632769612638,
            0.1770877719463101,
            0.07699205519894475,
            0.10343218453602528,
            0.0827488364603814,
            0.11125937447894467,
            0.103950819494756,
            0.07230945772009123,
            0.09234951085916762,
            0.0869136616092525
        ],
        [
            0.08772160966793524,
            0.09363344434050537,
            0.08333929381392348,
            0.10005435172875587,
            0.08678777055161627,
            0.08036142969537971,
            0.2152173813990355,
            0.07364552505955736,
            0.08132647131932413,
            0.09791272242396705
        ],
        [
            0.0908530775915604,
            0.09565126129352672,
            0.09618328689472598,
            0.098923311356827,
            0.09144056289952361,
            0.10053685309823514,
            0.10760445206240736,
            0.08503684605900448,
            0.09227772223347049,
            0.14149262651071878
        ],
        [
            0.08115372638285927,
            0.0845421144661241,
            0.12002140406885106,
            0.07687758785067471,
            0.16002410892103086,
            0.09381840319510996,
            0.08019259627539872,
            0.1389468109921468,
            0.08070168289534252,
            0.0837215649524619
        ],
        [
            0.08072277197332292,
            0.09870732599888454,
            0.13161736187539025,
            0.07433055743167763,
            0.12382871078429745,
            0.10890032491428835,
            0.10684197331898705,
            0.11525505204895614,
            0.0723707844545212,
            0.08742513719967424
        ],
        [
            0.13419092646017547,
            0.08839238817115147,
            0.09046464534485202,
            0.11863804945552543,
            0.0831885835487488,
            0.08028503048573762,
            0.09121574187484992,
            0.07790264995996284,
            0.13420754119250475,
            0.10151444350649172
        ],
        [
            0.12464845348381559,
            0.09699150287042393,
            0.07916853835649032,
            0.1341849417193266,
            0.08235143295753454,
            0.10480588617270568,
            0.08528368831204633,
            0.07598782705519729,
            0.1302008584784635,
            0.08637687059399618
        ],
        [
            0.09743723201950397,
            0.0977554614196646,
            0.08809216237889685,
            0.09942450204554536,
            0.08239857080991062,
            0.11886303158738094,
            0.08952983304502844,
            0.09463464436730307,
            0.10948469013384382,
            0.12237987219292215
        ],
        [
            0.07304577419270862,
            0.07892250874176841,
            0.11913130228206897,
            0.0737034427790376,
            0.1253481950722317,
            0.0851013122875859,
            0.07800910744768583,
            0.1786144671296999,
            0.08437933254045026,
            0.1037445575267628
        ],
        [
            0.12578719595452145,
            0.09644670177997008,
            0.09174529470867161,
            0.10592873525903485,
            0.08700894837960224,
            0.10417306013595634,
            0.09205226604546063,
            0.08453947371144553,
            0.11312031093367086,
            0.09919801309166643
        ],
        [
            0.11209556566248548,
            0.09596440928261872,
            0.09002773082504197,
            0.10927039985130428,
            0.07489669423918743,
            0.12358761399866518,
            0.08829033037379239,
            0.06917821672822765,
            0.12656212989339444,
            0.11012690914528245
        ],
        [
            0.09354843597432266,
            0.08695469719086343,
            0.08876346369725242,
            0.10546223143317812,
            0.08710842064936361,
            0.1641591715780575,
            0.08616071838152711,
            0.08097760325301374,
            0.11507894483081076,
            0.09178631301161061
        ],
        [
            0.08748356029028898,
            0.09671656084852355,
            0.09736007623371594,
            0.09102298246977657,
            0.09866013484716703,
            0.09023041848088673,
            0.16582338329708596,
            0.08049446155759393,
            0.07996819023737432,
            0.112240231737587
        ],
        [
            0.08725663460826023,
            0.16807980674617862,
            0.07878537705228221,
            0.10130078629878742,
            0.10198132372436934,
            0.09097480249543341,
            0.09563718871285161,
            0.08469699528077383,
            0.10730536780333352,
            0.08398171727772967
        ],
        [
            0.07654229894794444,
            0.0884128659621274,
            0.09419539283705536,
            0.08129201900667017,
            0.13330733695223798,
            0.08406191108226527,
            0.09648329426794143,
            0.147236996170442,
            0.06968263631900844,
            0.12878524845430747
        ],
        [
            0.0723900067376756,
            0.07044881664580536,
            0.09761439747037727,
            0.06934537948007621,
            0.11903533453606885,
            0.07888439193300142,
            0.07396676399781602,
            0.23673495726747792,
            0.07096180792184896,
            0.1106181440098524
        ],
        [
            0.06770514720914052,
            0.08513405942436421,
            0.09874234800149125,
            0.0676927074023175,
            0.15151561095957075,
            0.0854401229734684,
            0.09347358945373481,
            0.19256544725965113,
            0.062409926135203235,
            0.09532104118105825
        ],
        [
            0.09471165414616829,
            0.09981591130062924,
            0.10236471840200012,
            0.09335298912930687,
            0.09923990194319877,
            0.10286058705128293,
            0.09525977795773378,
            0.09238171016699068,
            0.10419325875090682,
            0.11581949115178236
        ],
        [
            0.08348606927025184,
            0.08898764459528001,
            0.101977404446497,
            0.08231071602698148,
            0.13114678154053208,
            0.08628729766002259,
            0.09508431904961584,
            0.15812751710358033,
            0.07713039548131978,
            0.095461854825919
        ],
        [
            0.08332562138990994,
            0.09558301275915555,
            0.0869929186114341,
            0.08538406370502162,
            0.0816562032080868,
            0.1660214789023207,
            0.09115283588215937,
            0.0947134372645039,
            0.10095626848950191,
            0.11421415978790599
        ],
        [
            0.11447509084805535,
            0.08275974768633279,
            0.0985647752128856,
            0.12429564367968192,
            0.08792444231431848,
            0.10309273396519308,
            0.07850568664403391,
            0.08250060089967828,
            0.14555726351243917,
            0.08232401523738149
        ],
        [
            0.13066108513545208,
            0.11345739412209956,
            0.0866050072268265,
            0.11184559035794334,
            0.07491499100971521,
            0.09485502404901525,
            0.10701207459424893,
            0.06925981914850854,
            0.11748328126743887,
            0.0939057330887516
        ],
        [
            0.09752295496385964,
            0.10474956489727533,
            0.08337594544204956,
            0.1398184013371089,
            0.0916377325870033,
            0.10511969820458641,
            0.10155773697177053,
            0.07255221519495758,
            0.10631801356821255,
            0.09734773683317607
        ],
        [
            0.11998912344703115,
            0.0970954770505629,
            0.10881258279334044,
            0.1293247091099527,
            0.07390649841930276,
            0.09157430643635749,
            0.09883384303500273,
            0.07287106075052704,
            0.11819669702040093,
            0.08939570193752186
        ],
        [
            0.10624660006259105,
            0.13164654300693543,
            0.08488191938816766,
            0.11941384315765902,
            0.09151488495409899,
            0.08253152298825665,
            0.12722145244895378,
            0.08714669270341062,
            0.0928216414207514,
            0.07657489986917532
        ],
        [
            0.10447319257948141,
            0.1075979244560846,
            0.09297351418556937,
            0.10691398624305316,
            0.08686254308350126,
            0.12043632482719749,
            0.10619480757754694,
            0.07373670587826307,
            0.1027206936020633,
            0.09809030756723933
        ],
        [
            0.09201539987779807,
            0.1005398073834856,
            0.13027771147163367,
            0.0940658760849668,
            0.09244747114856172,
            0.10165997652718844,
            0.0943556403585106,
            0.09022781660546758,
            0.10235182283604827,
            0.10205847770633909
        ],
        [
            0.11756099949035898,
            0.09234973055873322,
            0.09054193712245388,
            0.11511019370331646,
            0.08263936809904565,
            0.09800234658055879,
            0.08631425552277802,
            0.08312645936036495,
            0.1390807141617335,
            0.0952739954006566
        ],
        [
            0.10903071126113399,
            0.09854092837195726,
            0.08674968051431621,
            0.11698748672326025,
            0.07639187866671797,
            0.11299483447369772,
            0.09611128145600258,
            0.06927278160210767,
            0.10972290385354114,
            0.12419751307726516
        ],
        [
            0.08632475873271403,
            0.09408832924506755,
            0.10519802201967192,
            0.08335391942805342,
            0.11334574513118958,
            0.1014263108126149,
            0.07961523740982006,
            0.12998770058743503,
            0.09549377379961084,
            0.11116620283382257
        ],
        [
            0.10183596539825222,
            0.10096220419292853,
            0.10088728763844527,
            0.11009086695825082,
            0.08895928322005833,
            0.09466851652526496,
            0.09787897182611859,
            0.08634064236244887,
            0.11519797785589656,
            0.10317828402233585
        ],
        [
            0.07203224351384051,
            0.08534016026562449,
            0.10825270458176448,
            0.07675289587644994,
            0.12241947782793798,
            0.09662510994862411,
            0.07743382092459694,
            0.18466832268961478,
            0.06761928647802026,
            0.1088559778935265
        ],
        [
            0.08282902167735516,
            0.09410583854272257,
            0.0995975720521043,
            0.10573331081491986,
            0.09400087375889818,
            0.09296401681237201,
            0.09684375610029018,
            0.0901535435232224,
            0.09502798600984928,
            0.14874408070826597
        ],
        [
            0.12298795736097165,
            0.08245220870786879,
            0.10311848022080579,
            0.12948690038615018,
            0.0995369540283641,
            0.09967264450736782,
            0.06863817981438684,
            0.09640082531787236,
            0.12401090444008997,
            0.07369494521612233
        ],
        [
            0.08957181749403817,
            0.0884663928549032,
            0.09540802711417669,
            0.08738052117821499,
            0.09700220335859243,
            0.11156886492294206,
            0.0800235849338924,
            0.13605540925068993,
            0.09950001084576625,
            0.11502316804678388
        ],
        [
            0.057280309319912126,
            0.0833969835213467,
            0.13550804782031048,
            0.057942288002883736,
            0.15495000976566817,
            0.08158474044684522,
            0.08930607628451419,
            0.2026066194508421,
            0.06384569635744747,
            0.07357922903022979
        ],
        [
            0.09967374962039445,
            0.09909968906613958,
            0.08786308963111578,
            0.09301760300934228,
            0.09797383402564476,
            0.09897283286155392,
            0.1401281222700094,
            0.0997867825250528,
            0.08291525900810495,
            0.10056903798264205
        ],
        [
            0.1213746343698265,
            0.09040518905102894,
            0.0971670901589583,
            0.11507234838936493,
            0.08614766670611608,
            0.09109017475082945,
            0.09420449507725852,
            0.08388288653392681,
            0.1284578391344495,
            0.09219767582824093
        ],
        [
            0.08564743850589189,
            0.25943264627984586,
            0.07709300531038189,
            0.07678816502338165,
            0.07389665496616261,
            0.07541328452716954,
            0.1245061234248259,
            0.06930143298746479,
            0.07125768910870878,
            0.0866635598661671
        ],
        [
            0.06003744301324323,
            0.07225354029461312,
            0.08039522691324315,
            0.06694882473992364,
            0.14472612174208613,
            0.06757099244296831,
            0.07329511303594134,
            0.3060787115432296,
            0.06483767451720264,
            0.06385635175754877
        ],
        [
            0.10390644904383003,
            0.08642318521663726,
            0.08970389379850911,
            0.1211135428026378,
            0.08586504086468937,
            0.1073448868422151,
            0.08380371444852344,
            0.07545040286753578,
            0.12600513315577394,
            0.1203837509596482
        ],
        [
            0.08035601483507801,
            0.08883259808107923,
            0.11766458874417589,
            0.07723286597766406,
            0.11813030299988048,
            0.09196886694871567,
            0.08760243458594688,
            0.14661022354751407,
            0.09439940210667817,
            0.09720270217326743
        ],
        [
            0.1099329574958285,
            0.09101948325668721,
            0.08781264473804647,
            0.11076055175246469,
            0.10344224853862055,
            0.08589606133745555,
            0.1046940100551957,
            0.08601300433451595,
            0.1391884554627765,
            0.08124058302840881
        ],
        [
            0.0719425794715244,
            0.09190391021784387,
            0.11852242884414649,
            0.06941791272771701,
            0.15417965125823543,
            0.08520445782779026,
            0.09346665400390496,
            0.15308373627987742,
            0.08022808944407467,
            0.08205057992488557
        ],
        [
            0.09262829819150581,
            0.11357831782291848,
            0.10073483721043874,
            0.08974767525971866,
            0.10001855099310078,
            0.10633037838359354,
            0.09299109216701801,
            0.09534896189641938,
            0.10178182385327332,
            0.1068400642220132
        ],
        [
            0.09268159231043854,
            0.08992421117515541,
            0.11180518654453497,
            0.10307063934436954,
            0.11305356972752119,
            0.0918809838705479,
            0.08029965173282402,
            0.11961519402250353,
            0.10498859809651963,
            0.09268037317558515
        ],
        [
            0.09461839450729824,
            0.09515648886689874,
            0.09771762242139859,
            0.11561197253603296,
            0.10909523416422,
            0.08461608403062616,
            0.15159567123701648,
            0.08907381533355523,
            0.07106757636083887,
            0.09144714054211472
        ],
        [
            0.07419995238202985,
            0.07733239664724723,
            0.11309233902381247,
            0.07641911080396546,
            0.10783098420158588,
            0.08069595280696085,
            0.07807617551821314,
            0.2232838368510687,
            0.07407968748183608,
            0.09498956428328037
        ],
        [
            0.11098286818776013,
            0.10517626456062322,
            0.09533168807299001,
            0.11773525615719103,
            0.07788182313762446,
            0.09236823201282612,
            0.09906588438128924,
            0.07587330088453426,
            0.13264647895151643,
            0.09293820365364511
        ],
        [
            0.07641977153837608,
            0.08202059559064347,
            0.11824953560410735,
            0.07536921515930736,
            0.1362545094286797,
            0.0803392263134176,
            0.08340650868625403,
            0.15793955002333726,
            0.07261069637453017,
            0.1173903912813469
        ],
        [
            0.09528750478339637,
            0.10342802049927542,
            0.09128971246076337,
            0.09798610822929685,
            0.11320401336081902,
            0.10821287164039363,
            0.09413878750568117,
            0.10175746039017802,
            0.10456984696539433,
            0.09012567416480163
        ],
        [
            0.08631703808154409,
            0.10226098606844813,
            0.09299244733753521,
            0.08596271720237784,
            0.08792694634933407,
            0.10967627552839822,
            0.12052627424004544,
            0.07810935298762905,
            0.08862552196889323,
            0.14760244023579466
        ],
        [
            0.11149853746464969,
            0.10371313140549071,
            0.09544541741693818,
            0.09983507986910667,
            0.09058844607899351,
            0.09751308899893477,
            0.10006346278201148,
            0.08461786358641547,
            0.10970920316855003,
            0.1070157692289094
        ],
        [
            0.09009047113924444,
            0.09024863010965223,
            0.12351876010745862,
            0.09099756670787279,
            0.1240159527636382,
            0.08374378017498099,
            0.08696870216724628,
            0.13366336094998135,
            0.08433979863819711,
            0.09241297724172788
        ],
        [
            0.13475081421114005,
            0.09795625338540233,
            0.09734211748635815,
            0.09333111461780884,
            0.09050061829273931,
            0.09507534119431439,
            0.09445847166324418,
            0.08383969081760351,
            0.10722124808163237,
            0.10552433024975677
        ],
        [
            0.11730796363557294,
            0.09642552581933525,
            0.0919786400694063,
            0.10947544669412601,
            0.10530336099540984,
            0.1082207852415053,
            0.08621875240076987,
            0.09298753858606389,
            0.10026556537209476,
            0.09181642118571567
        ],
        [
            0.11238444350716623,
            0.10002468789046848,
            0.08656788081826516,
            0.1062653383249697,
            0.07501779211364944,
            0.1040915252266274,
            0.11351279367021012,
            0.07008170773711393,
            0.11573539535527924,
            0.1163184353562502
        ],
        [
            0.11879948085431906,
            0.09808069308038585,
            0.07946175165902221,
            0.12740359495696366,
            0.07896487940633262,
            0.10170695126373815,
            0.10316371289726431,
            0.07286584008051927,
            0.13486352845697291,
            0.08468956734448203
        ],
        [
            0.0961895352137031,
            0.09506906951335166,
            0.08095173961183004,
            0.11613989168500673,
            0.08320436000257925,
            0.09153979677768541,
            0.16860599272095247,
            0.07107131762543041,
            0.09943573728760585,
            0.097792559561855
        ],
        [
            0.1411224679083351,
            0.10705025757923207,
            0.07451058428021698,
            0.14285332801743478,
            0.057953492964553606,
            0.10053825158787982,
            0.09022515340214687,
            0.055781993792834286,
            0.11782683470468763,
            0.11213763576267878
        ],
        [
            0.07688956078203633,
            0.0807552913723971,
            0.1068637110997893,
            0.0842010076395225,
            0.16219104035949974,
            0.08863944433996551,
            0.07880235289077143,
            0.17406070381107674,
            0.07659756222012161,
            0.07099932548481959
        ],
        [
            0.08671862351197562,
            0.0859893842156102,
            0.10659158860405574,
            0.08972671931122317,
            0.1102414176058301,
            0.13021931028505856,
            0.08131353494074021,
            0.11006546187218089,
            0.10184653553186157,
            0.09728742412146381
        ],
        [
            0.10004411679409707,
            0.09280345239207176,
            0.09675920484461308,
            0.09355744460267143,
            0.09865553683863562,
            0.13006479051456005,
            0.08647136528803742,
            0.10238951287747913,
            0.10062169604114686,
            0.09863287980668754
        ],
        [
            0.08561274063309962,
            0.07277401782559943,
            0.13644133802401748,
            0.07929915590253134,
            0.13677340897059767,
            0.09904394090958907,
            0.06914901869786293,
            0.13977394156444664,
            0.09638327219899555,
            0.0847491652732602
        ],
        [
            0.11229976608004053,
            0.09874410403905616,
            0.08509877057461682,
            0.10697441763063754,
            0.0701730577627125,
            0.12273701134280345,
            0.09458769827662254,
            0.06257611918306073,
            0.14421191701191885,
            0.10259713809853084
        ],
        [
            0.10426526368258444,
            0.09690701534411776,
            0.10420911649012705,
            0.1031684030167502,
            0.09648020370795075,
            0.09338581137220395,
            0.0916496165820052,
            0.0946004943825142,
            0.11015742490709492,
            0.10517665051465132
        ],
        [
            0.08490637379496789,
            0.098707805247094,
            0.10146107852119847,
            0.08063079384235484,
            0.09215824215620064,
            0.11973885755114708,
            0.11330396494988738,
            0.08999035959389541,
            0.08388607266555967,
            0.13521645167769458
        ],
        [
            0.14191564395476977,
            0.12577261666412168,
            0.08274569933377322,
            0.11196235275134488,
            0.07296652983749836,
            0.0988138937723246,
            0.09314000662096188,
            0.06892059211158832,
            0.10500028841335127,
            0.0987623765402658
        ],
        [
            0.11375533474691331,
            0.09476432160893797,
            0.10260414469887882,
            0.11861411062504017,
            0.07546095928374434,
            0.09443765300717454,
            0.09220035780708946,
            0.07836058853641345,
            0.13387534572293858,
            0.0959271839628694
        ],
        [
            0.07363087330751408,
            0.07512356803629089,
            0.09293344380262786,
            0.0733279155229575,
            0.12219980498020293,
            0.08758198895863177,
            0.08227567741975646,
            0.2363331758484592,
            0.06518628413406781,
            0.09140726798949153
        ],
        [
            0.08070515915469172,
            0.1012154418404626,
            0.10319693673584751,
            0.0795980605006082,
            0.09509094685504299,
            0.09624259480639714,
            0.12314750543910723,
            0.09304616885901343,
            0.08733596467318203,
            0.1404212211356471
        ],
        [
            0.08686903562892673,
            0.08455260698187712,
            0.09571134872128902,
            0.10105119080701139,
            0.09566120668997018,
            0.07806812048060979,
            0.19015799823382082,
            0.0798680734822717,
            0.09372992625772665,
            0.09433049271649668
        ],
        [
            0.12583954389627633,
            0.10286800293360951,
            0.077891786438619,
            0.14540298548695418,
            0.07396941194829322,
            0.08074866015977422,
            0.08648902403523336,
            0.0733598362305164,
            0.1194199456199052,
            0.1140108032508185
        ],
        [
            0.10673268493139218,
            0.1063842598604631,
            0.09064740252566951,
            0.10321142173692849,
            0.09081589643194145,
            0.09371795593521712,
            0.11134333518567242,
            0.0890698444879341,
            0.09423683146902366,
            0.11384036743575794
        ],
        [
            0.09404287164058664,
            0.10074114044774102,
            0.08797791256740917,
            0.09399350183060456,
            0.07806945127655525,
            0.1441979039959934,
            0.1292297659417735,
            0.07432833266722079,
            0.0839284203840003,
            0.11349069924811539
        ],
        [
            0.10600548245821514,
            0.09405118642264214,
            0.0990913814286963,
            0.15617342999494802,
            0.08183020725471252,
            0.09332956599224725,
            0.08054094566779474,
            0.08322961430406778,
            0.11438996631673304,
            0.09135822015994302
        ],
        [
            0.11560532363204336,
            0.09573866789992368,
            0.09004623366486104,
            0.11977454319845922,
            0.102473177572519,
            0.0973309779289512,
            0.07881176280377197,
            0.10767414105816461,
            0.11253792283124858,
            0.0800072494100572
        ],
        [
            0.18592823390099972,
            0.11132202806192693,
            0.08921386796687232,
            0.07506110923274975,
            0.08105225219528778,
            0.0967127905735102,
            0.09961191238061971,
            0.07157461980135629,
            0.0781413559223953,
            0.11138182996428198
        ],
        [
            0.10959314585006515,
            0.11377432441862652,
            0.0913638865778551,
            0.13970705374315737,
