{
    "accuracy": 0.615,
    "classification_report": "              precision    recall  f1-score   support\n\n           0       0.61      0.55      0.58        20\n           1       0.83      0.50      0.62        20\n           2       0.67      0.60      0.63        20\n           3       0.57      0.40      0.47        20\n           4       0.57      0.40      0.47        20\n           5       0.83      0.95      0.88        20\n           6       0.52      0.70      0.60        20\n           7       0.56      0.70      0.62        20\n           8       0.62      0.90      0.73        20\n           9       0.45      0.45      0.45        20\n\n    accuracy                           0.61       200\n   macro avg       0.62      0.61      0.61       200\nweighted avg       0.62      0.61      0.61       200\n",
    "y_score": [
        [
            0.09570580808080807,
            0.06001351752822341,
            0.029390904846787195,
            0.06619949494949494,
            0.04055252100840336,
            0.2927514013764013,
            0.0362192513368984,
            0.021416666666666667,
            0.21288391183979416,
            0.14486652236652234
        ],
        [
            0.24694259825142179,
            0.06943669647346118,
            0.09301656513421218,
            0.12716653689447802,
            0.0343538961038961,
            0.16346871918930744,
            0.03911421911421911,
            0.02883838383838384,
            0.042755479814303346,
            0.15490690518631692
        ],
        [
            0.0219281045751634,
            0.03624950049950051,
            0.17161263899499185,
            0.019666111666111666,
            0.20134591797091797,
            0.1764706665883136,
            0.09856039875157523,
            0.14488895826395823,
            0.031042614248496605,
            0.09823508844097076
        ],
        [
            0.08894879973827342,
            0.04204524642024642,
            0.0761452158952159,
            0.17087616305263367,
            0.04909001524790999,
            0.19507314804218825,
            0.010444628900511255,
            0.05004487033434401,
            0.22856601160277626,
            0.08876590076590077
        ],
        [
            0.10898951048951043,
            0.2162154928404928,
            0.13798482073482074,
            0.1160630758130758,
            0.05518883893883895,
            0.07691711066711066,
            0.03170790320790322,
            0.059783133533133526,
            0.1279616217116217,
            0.06918849206349206
        ],
        [
            0.03009174159174159,
            0.07231399972576444,
            0.06541787787376022,
            0.0609741532976827,
            0.1674146352013999,
            0.01821067821067821,
            0.3337793921764511,
            0.15766477966477965,
            0.009526515151515152,
            0.0846062271062271
        ],
        [
            0.0409680356193514,
            0.07095829535961115,
            0.11310592185592185,
            0.030181710833026624,
            0.11281815406815404,
            0.1660244338994339,
            0.09230477709425078,
            0.06345231157731158,
            0.14410692085692084,
            0.16607943883601772
        ],
        [
            0.046505817711700065,
            0.09817886688474921,
            0.2669771192859428,
            0.036315379065379065,
            0.19952342347195284,
            0.06451090576090578,
            0.07134722630310866,
            0.12992417304917303,
            0.03768824231324232,
            0.04902884615384615
        ],
        [
            0.008613858363858364,
            0.03321620046620046,
            0.1441636419136419,
            0.004385281385281385,
            0.2692976628634523,
            0.04930169830169829,
            0.016431068931068927,
            0.4336698418540522,
            0.013344988344988344,
            0.027575757575757576
        ],
        [
            0.09230887168387164,
            0.10257399055193174,
            0.03528160728160728,
            0.1218658588143882,
            0.07181042568542567,
            0.262348803973804,
            0.08224993307346247,
            0.027513167388167385,
            0.10138597513597512,
            0.10266136641136642
        ],
        [
            0.1777866198129356,
            0.07566726694358274,
            0.03734199134199134,
            0.1540950336213494,
            0.02757936507936508,
            0.023947802197802202,
            0.12448848227795596,
            0.04120634920634921,
            0.15225285825285825,
            0.1856342312658102
        ],
        [
            0.16982594856124275,
            0.10522373910918803,
            0.07283922347002841,
            0.2051637594431711,
            0.043874764124764126,
            0.10653846153846151,
            0.06207792207792208,
            0.030913419913419914,
            0.09672838680926915,
            0.10681437495253285
        ],
        [
            0.08238600288600288,
            0.09815967365967367,
            0.05040076590076589,
            0.1255518093018093,
            0.039198773448773455,
            0.04099181374181375,
            0.08842207792207793,
            0.05770149295149294,
            0.31835858585858584,
            0.09882900432900431
        ],
        [
            0.1287469279086926,
            0.05076367096955333,
            0.08246827518886342,
            0.12778403785756728,
            0.03372408963585434,
            0.034229978354978347,
            0.014060457516339869,
            0.010213675213675213,
            0.4322667128623012,
            0.08574217449217449
        ],
        [
            0.04464664502164503,
            0.023226662226662226,
            0.12980558330558328,
            0.15826948051948053,
            0.12594071206571208,
            0.19151190476190472,
            0.04336147186147187,
            0.06912257187257188,
            0.047468253968253965,
            0.16664671439671444
        ],
        [
            0.08676929443105913,
            0.1142508325008325,
            0.053100399600399605,
            0.22067541445482625,
            0.01230263200851436,
            0.008135642135642137,
            0.34921913707207813,
            0.006401515151515151,
            0.09725108225108225,
            0.051894050394050394
        ],
        [
            0.08970347342715763,
            0.07497716172716172,
            0.05671195471195471,
            0.16536638361638364,
            0.021028138528138528,
            0.09514232989232987,
            0.03064074814074814,
            0.03530566655566656,
            0.2908786440168019,
            0.14024549938365727
        ],
        [
            0.028765623265623267,
            0.07918473601561837,
            0.08756616994116995,
            0.07061864361129067,
            0.07894545732045731,
            0.2200394303409009,
            0.08663758463758464,
            0.12672317959817955,
            0.088760656010656,
            0.13275851925851925
        ],
        [
            0.19108682983682979,
            0.03625865800865801,
            0.045821428571428575,
            0.13275846375846373,
            0.021016594516594517,
            0.04389163614163614,
            0.022443223443223442,
            0.026905122655122654,
            0.35383524808524813,
            0.125982794982795
        ],
        [
            0.06757637297343179,
            0.1219675781734605,
            0.15058728526375587,
            0.06751118326118327,
            0.0762294829353653,
            0.036779645191409895,
            0.2311264438176202,
            0.025115440115440122,
            0.09927185722773958,
            0.12383471104059338
        ],
        [
            0.029765012765012765,
            0.09031349206349207,
            0.2726098484848485,
            0.08572041847041847,
            0.08038834776334777,
            0.07172938172938173,
            0.03734643134643134,
            0.048281690531690534,
            0.16728538128538126,
            0.11655999555999558
        ],
        [
            0.14445081307581303,
            0.088169727331492,
            0.09458444496679792,
            0.14633161283161283,
            0.12454455185337537,
            0.015029663147310208,
            0.13873807156895382,
            0.04503635253635254,
            0.06891647241647242,
            0.13419829027181968
        ],
        [
            0.1406455595058536,
            0.10380042996219467,
            0.060774390642037705,
            0.36638836816777987,
            0.03432634032634033,
            0.02727075702075702,
            0.055338134088134094,
            0.016216783216783215,
            0.11703168073756309,
            0.07820755633255633
        ],
        [
            0.03712012987012987,
            0.030961233211233216,
            0.400504897879898,
            0.011722222222222222,
            0.18611854811854808,
            0.06495741758241758,
            0.10038813963813963,
            0.07905871905871907,
            0.027226190476190477,
            0.06194250194250193
        ],
        [
            0.4832620777914895,
            0.048175227550227545,
            0.013757437007437008,
            0.13150392009950831,
            0.023851093351093353,
            0.07297557997557996,
            0.020925629925629928,
            0.0060757575757575755,
            0.15461674436674439,
            0.04485653235653235
        ],
        [
            0.0493977574712869,
            0.6458789184671536,
            0.02344774343303755,
            0.0447477244977245,
            0.019904040404040403,
            0.014873015873015873,
            0.04658260040612982,
            0.036237373737373735,
            0.02916666666666667,
            0.08976415904357082
        ],
        [
            0.09706515706515707,
            0.02420495191083426,
            0.13630279197926254,
            0.1261453685203685,
            0.08861368206956442,
            0.11783058036734509,
            0.03711988011988012,
            0.1482963009213009,
            0.19926219613719615,
            0.025159090909090905
        ],
        [
            0.1965557187910129,
            0.06717246070922542,
            0.07918145579910284,
            0.08856294359235535,
            0.040686258186258185,
            0.1645638111888112,
            0.08613045288045287,
            0.03960725385725386,
            0.10129386299974533,
            0.136245781995782
        ],
        [
            0.053894149709939186,
            0.060192390942390935,
            0.08328041403041403,
            0.06064210789210788,
            0.10502560816376602,
            0.2978149533215323,
            0.04861238761238761,
            0.09470712109527897,
            0.08448601763733343,
            0.11134484959484958
        ],
        [
            0.03330456798103856,
            0.09286106948606947,
            0.03876742701742702,
            0.05745981795981796,
            0.10693867243867244,
            0.3988279065705536,
            0.029873376623376625,
            0.11187529137529136,
            0.04717106912695147,
            0.0829208014208014
        ],
        [
            0.0888588772338772,
            0.1480398767898768,
            0.07959031246531247,
            0.18725229182582126,
            0.07005740501328735,
            0.017238247863247864,
            0.2937065924271806,
            0.009180555555555556,
            0.057183302808302805,
            0.04889253801753801
        ],
        [
            0.0401258325008325,
            0.10255261405261405,
            0.3571641275391276,
            0.017477272727272727,
            0.1628833943833944,
            0.04505357142857143,
            0.10333205683205683,
            0.12582310744810743,
            0.013113095238095238,
            0.03247492784992786
        ],
        [
            0.07332405911082382,
            0.023120435120435115,
            0.041524725274725276,
            0.054460150960150965,
            0.11815934065934068,
            0.3994529073867309,
            0.04000671550671551,
            0.10943833943833946,
            0.06192907745848921,
            0.07858424908424907
        ],
        [
            0.3432534801799508,
            0.020136363636363636,
            0.05370093795093795,
            0.07985642135642135,
            0.1686266233766234,
            0.06831701468466174,
            0.011850649350649351,
            0.14017027417027417,
            0.03755793226381461,
            0.07653030303030303
        ],
        [
            0.07608373978962214,
            0.48240409182320954,
            0.05369297369297369,
            0.03779749417249417,
            0.06965924353424353,
            0.059469336219336214,
            0.08532285769785769,
            0.011149572649572649,
            0.09539701964701963,
            0.029023670773670775
        ],
        [
            0.0428982683982684,
            0.10558950200126668,
            0.06489875810464045,
            0.09493696826049768,
            0.17202778593955068,
            0.021297979797979795,
            0.3344616266086855,
            0.04493328893328893,
            0.035578865578865575,
            0.08337695637695637
        ],
        [
            0.04386530136530137,
            0.08188408731791083,
            0.07382432844932846,
            0.05445159007659007,
            0.06567904317904316,
            0.0380952380952381,
            0.1092976606726607,
            0.01510696248196248,
            0.06466885728650434,
            0.4531269310754603
        ],
        [
            0.05643589743589743,
            0.05479127245303715,
            0.1714309718059718,
            0.010304695304695305,
            0.25269176166970286,
            0.04025362137862138,
            0.03297940784705491,
            0.30347011730099965,
            0.051399969311734024,
            0.026242285492285494
        ],
        [
            0.02952625152625153,
            0.079007659007659,
            0.2651760184260183,
            0.023696248196248194,
            0.15384271284271286,
            0.1556659174159174,
            0.18368009768009766,
            0.06762362637362637,
            0.0018055555555555555,
            0.03997591297591297
        ],
        [
            0.29049475524475527,
            0.02285343822843823,
            0.015983516483516483,
            0.13900995654672124,
            0.0710444832944833,
            0.07124633699633699,
            0.05479473304473304,
            0.06573316144639675,
            0.20754199966699965,
            0.061297619047619045
        ],
        [
            0.08076143301143299,
            0.07336419136419135,
            0.031358298564180924,
            0.16145028745764037,
            0.06564243109831344,
            0.05418700743700743,
            0.07333361083361083,
            0.034246503496503496,
            0.34485708735708726,
            0.08079914938003174
        ],
        [
            0.17759480796980795,
            0.090626665001665,
            0.056468725718725715,
            0.09996378621378624,
            0.05875829725829726,
            0.04447952047952049,
            0.043792207792207785,
            0.10508297258297258,
            0.11328027528027527,
            0.20995274170274164
        ],
        [
            0.03235725385725386,
            0.020532828282828285,
            0.10507260794760796,
            0.05536875053051524,
            0.2864003635253635,
            0.027921578421578427,
            0.004441558441558441,
            0.37915501736825274,
            0.045926046176046176,
            0.04282399544899544
        ],
        [
            0.5080632423132423,
            0.04258247308247309,
            0.03604484404484404,
            0.03805289155289156,
            0.028217532467532464,
            0.03757331557331558,
            0.026433621933621934,
            0.009373737373737373,
            0.20888561438561434,
            0.06477272727272725
        ],
        [
            0.04372691197691196,
            0.0820137085137085,
            0.05824747474747474,
            0.12081277056277054,
            0.019588023088023092,
            0.2754101731601732,
            0.032806637806637805,
            0.011373737373737374,
            0.25862290487290485,
            0.09739765789765789
        ],
        [
            0.02792363192363192,
            0.04265808211396447,
            0.023112554112554112,
            0.07596598254686489,
            0.04648917748917749,
            0.4463022786037492,
            0.022278860028860027,
            0.01936345027521498,
            0.24152253302253307,
            0.05438344988344987
        ],
        [
            0.03713528138528138,
            0.0764484126984127,
            0.034018509268509266,
            0.06218467643467642,
            0.07764008214008211,
            0.060572510822510826,
            0.5127602675102676,
            0.03287698412698413,
            0.010888888888888887,
            0.09547438672438675
        ],
        [
            0.053752487708370066,
            0.3872684439743263,
            0.039573638779521136,
            0.1519802036199095,
            0.08386400119488353,
            0.02797496947496948,
            0.09105266955266954,
            0.0406663377472201,
            0.07616468253968253,
            0.04770256540844777
        ],
        [
            0.03753546453546453,
            0.07152674123262359,
            0.14648034318622552,
            0.045191919191919186,
            0.1542301350610174,
            0.05435414585414586,
            0.05682538050185108,
            0.15873782181870416,
            0.036611111111111115,
            0.2385069375069375
        ],
        [
            0.012337662337662338,
            0.022164002664002664,
            0.14609487734487733,
            0.024739898989898985,
            0.18098400210900212,
            0.014655677655677655,
            0.028151015651015653,
            0.47339649239649234,
            0.02100595238095238,
            0.07647041847041845
        ],
        [
            0.01717929292929293,
            0.03088467088467088,
            0.082008769008769,
            0.022487373737373736,
            0.31670124539203487,
            0.06151923076923076,
            0.06132720057720057,
            0.3406586308428413,
            0.021472222222222226,
            0.045761363636363635
        ],
        [
            0.05444733534439417,
            0.08074786324786323,
            0.16937165775401067,
            0.035413170163170166,
            0.08728219003219002,
            0.11634115720880425,
            0.06255276749394396,
            0.046561188811188814,
            0.11509736505324743,
            0.23218530489118716
        ],
        [
            0.049465140853298756,
            0.07025238650238651,
            0.152406413031413,
            0.04568173493173494,
            0.21265918365260464,
            0.0686746258127837,
            0.0872116290142606,
            0.18441016658779819,
            0.03492297979797981,
            0.09431573981573982
        ],
        [
            0.03254227145403616,
            0.05384170404758639,
            0.040048756798756795,
            0.031917503248385604,
            0.039394993894993895,
            0.6031307687410628,
            0.024460317460317463,
            0.016442343604108307,
            0.05594839147780324,
            0.10227294927294926
        ],
        [
            0.10883973847789641,
            0.009867424242424242,
            0.07639423076923077,
            0.1624661841426547,
            0.08090507518796991,
            0.0446227928418331,
            0.02370529878618114,
            0.0721448398093135,
            0.3910178185677411,
            0.03003659717475507
        ],
        [
            0.17861257533316358,
            0.09006043956043955,
            0.03813329154505625,
            0.1821150793650794,
            0.034919663669663675,
            0.03975641025641026,
            0.164550949050949,
            0.015056489262371615,
            0.1720441584559231,
            0.0847509435009435
        ],
        [
            0.12345099345099345,
            0.12820647408147412,
            0.04237196137196137,
            0.15418857531357533,
            0.03208954933954935,
            0.11809521034521034,
            0.06264389776889777,
            0.015409090909090907,
            0.21872211122211127,
            0.10482213619713619
        ],
        [
            0.14032248307248307,
            0.1113206793206793,
            0.14655290542790542,
            0.14451236263736258,
            0.023139971139971138,
            0.0689807276057276,
            0.14570113220113215,
            0.02738131313131313,
            0.14638862526362523,
            0.0456998001998002
        ],
        [
            0.04788390775890775,
            0.36436145021129535,
            0.03682984091072327,
            0.14872490375121955,
            0.05700986723974341,
            0.04310458985458985,
            0.1959573857515034,
            0.03546748469968284,
            0.039434157345922045,
            0.031226412476412477
        ],
        [
            0.1092200577200577,
            0.127536297036297,
            0.06935592185592186,
            0.10303341103341103,
            0.056515873015873,
            0.09701526251526252,
            0.07275735375735376,
            0.054992174492174486,
            0.1789017094017094,
            0.13067193917193914
        ],
        [
            0.051662809412809416,
            0.12554274526642945,
            0.22348854963406048,
            0.0479048729048729,
            0.07071939171939173,
            0.15433191644956348,
            0.062467393717393724,
            0.06217743367743369,
            0.11636341436341438,
            0.08534147285463076
        ],
        [
            0.21729941300529532,
            0.02541941391941392,
            0.051060245310245306,
            0.13747034174975345,
            0.03682106782106782,
            0.047430458430458435,
            0.024997113997113997,
            0.034675324675324685,
            0.3696700236038471,
            0.05515659748747983
        ],
        [
            0.13169382006882002,
            0.07369999444999445,
            0.05923692973692974,
            0.17218645243645242,
            0.03121428571428572,
            0.15482507770007767,
            0.0845479797979798,
            0.004141025641025641,
            0.06113705738705739,
            0.22731737706737706
        ],
        [
            0.06083613445378151,
            0.0801614774114774,
            0.08196559078176724,
            0.0783562826062826,
            0.19276827992269166,
            0.0960511433011433,
            0.02185481185481186,
            0.15929598995775462,
            0.09184340659340659,
            0.1368668831168831
        ],
        [
            0.13789616919028683,
            0.048066849816849826,
            0.11473587197116604,
            0.16617182817182816,
            0.07218686868686869,
            0.08196683708448413,
            0.03785294117647059,
            0.06660578310578312,
            0.1476141260700084,
            0.12690272472625416
        ],
        [
            0.018590964590964588,
            0.10281220533852115,
            0.09182156732156731,
            0.045030154056469845,
            0.19811898116503382,
            0.08847222222222222,
            0.04437851037851038,
            0.2377011081024239,
            0.015128718503718504,
            0.1579455683205683
        ],
        [
            0.030081436537318894,
            0.09852017263781968,
            0.16955257650845884,
            0.09510087135087134,
            0.08482186114539053,
            0.0627024642024642,
            0.06972168517756754,
            0.07696065046065044,
            0.10383624708624704,
            0.20870203489321132
        ],
        [
            0.06952644577644577,
            0.054861892192774535,
            0.151875233426704,
            0.1106491008991009,
            0.12760724406312643,
            0.15284002925179394,
            0.03434698634698634,
            0.12203035853035851,
            0.1290023865023865,
            0.047260323010323006
        ],
        [
            0.06276448306595367,
            0.07415850815850814,
            0.11019674769674773,
            0.08947635697635699,
            0.15209756909756902,
            0.07978761353026059,
            0.009594017094017093,
            0.2420238372738373,
            0.05619429590017824,
            0.12370657120657118
        ],
        [
            0.0,
            0.029666666666666668,
            0.2635988235620589,
            0.008496392496392497,
            0.24214806843483308,
            0.02172161172161172,
            0.053880341880341874,
            0.35821789321789327,
            0.010353535353535354,
            0.01191666666666667
        ],
        [
            0.022398809523809522,
            0.13417031661149306,
            0.0797483766233766,
            0.07374747474747476,
            0.14860393201569674,
            0.05301398601398602,
            0.2437281370590194,
            0.09378429903429902,
            0.021,
            0.12980466837084484
        ],
        [
            0.20246060312236783,
            0.03459636197136198,
            0.03841269841269841,
            0.07128653536006477,
            0.07733338883338883,
            0.06613607634195869,
            0.0951367284676108,
            0.039917812579577286,
            0.3034764369617311,
            0.0712433579492403
        ],
        [
            0.03151483647071882,
            0.5269448566139743,
            0.05579700854700856,
            0.04478311965811965,
            0.030403249528249528,
            0.04011951936951937,
            0.1701912393162393,
            0.022261655011655015,
            0.009474747474747474,
            0.06850976800976802
        ],
        [
            0.009394230769230771,
            0.023306388056388058,
            0.08208431845931846,
            0.05188911088911089,
            0.19855391830391828,
            0.035488150738150745,
            0.029977022977022972,
            0.5209192751692752,
            0.016335275835275834,
            0.03205230880230881
        ],
        [
            0.09606035631035631,
            0.03884551396316102,
            0.09133689676336737,
            0.1097789171612701,
            0.07558951179539415,
            0.05509638400814871,
            0.07463200688200688,
            0.039679255385137745,
            0.2780706238206238,
            0.1409105339105339
        ],
        [
            0.032783952158952155,
            0.043933566433566426,
            0.15792929292929292,
            0.027083805083805083,
            0.1950899378399379,
            0.03158741258741259,
            0.05037332112332114,
            0.32375442612942607,
            0.06075159562659563,
            0.07671269008769009
        ],
        [
            0.2254242146742146,
            0.07454184704184703,
            0.02440173715173715,
            0.2188406038406038,
            0.07509196359196359,
            0.04235375735375735,
            0.1041388056388056,
            0.058813186813186806,
            0.12975391275391276,
            0.046639971139971134
        ],
        [
            0.013317460317460318,
            0.10353718503718502,
            0.1010004301254301,
            0.014908119658119659,
            0.2294357170607171,
            0.05466724941724942,
            0.08835159285159283,
            0.3403470695970695,
            0.009282828282828283,
            0.04515234765234765
        ],
        [
            0.033806388056388054,
            0.07482070707070705,
            0.06633044733044734,
            0.08054437229437228,
            0.12839593739593735,
            0.16438419913419913,
            0.028499389499389495,
            0.10490762015762015,
            0.08348784548784546,
            0.23482309357309356
        ],
        [
            0.09537906374671082,
            0.07057264957264957,
            0.1829051928463693,
            0.0549867158984806,
            0.14849809177750353,
            0.04026465201465202,
            0.027416666666666666,
            0.1705362692862693,
            0.12261086136086133,
            0.08682983682983682
        ],
        [
            0.0542102897102897,
            0.07793453768453769,
            0.112385545010545,
            0.14959164446664444,
            0.07200685425685424,
            0.08589646464646465,
            0.2978734598734599,
            0.0442566045066045,
            0.0361984126984127,
            0.06964618714618714
        ],
        [
            0.021512265512265514,
            0.036976551226551226,
            0.13006610056610055,
            0.047613089524854234,
            0.17125403762903765,
            0.03429305416805417,
            0.007324786324786324,
            0.4937243924376278,
            0.015997266622266623,
            0.04123845598845599
        ],
        [
            0.10964174061232886,
            0.0885806832056832,
            0.05726352242528713,
            0.21625924075924072,
            0.04855246142746143,
            0.09408416583416584,
            0.06492574092574092,
            0.028160024615906963,
            0.2672173186290833,
            0.02531510156510157
        ],
        [
            0.02641037617353407,
            0.053279054279054286,
            0.15020399045399044,
            0.010226551226551226,
            0.231724423967845,
            0.02006910633226423,
            0.034654547207178796,
            0.34874720454983626,
            0.020178321678321676,
            0.10450642413142411
        ],
        [
            0.0949120879120879,
            0.08637731712731712,
            0.020470529470529467,
            0.07649594849594847,
            0.07948723498723499,
            0.3478793983793984,
            0.05299517149517149,
            0.053941072816072806,
            0.12054989454989457,
            0.06689134476634476
        ],
        [
            0.07030779432985315,
            0.07939720002220002,
            0.05437090687090688,
            0.04717707537560479,
            0.06659038184038184,
            0.13299501887001886,
            0.1755520451770451,
            0.014249999999999999,
            0.01723879551820728,
            0.342120781995782
        ],
        [
            0.1010887445887446,
            0.09728152038020457,
            0.04511507833411858,
            0.09274647737883032,
            0.07518780239368474,
            0.05227547452547452,
            0.06450184537684538,
            0.041805916305916305,
            0.26829148629148625,
            0.16170565442469464
        ],
        [
            0.049623931623931625,
            0.09807464757464755,
            0.2733410062160062,
            0.05184976134976136,
            0.18237390387390387,
            0.034466533466533465,
            0.056619158619158616,
            0.17903056665556666,
            0.0258030303030303,
            0.048817460317460315
        ],
        [
            0.1727922077922078,
            0.11871901344269764,
            0.050426887440045344,
            0.07162806637806639,
            0.041657842157842156,
            0.04416350316350316,
            0.0858070818070818,
            0.02590090465090465,
            0.18513708513708513,
            0.20376740803056595
        ],
        [
            0.08925440572499395,
            0.09801813915358805,
            0.09830340797833056,
            0.07129105616605615,
            0.09565137150431267,
            0.16574569874569875,
            0.08631665393430099,
            0.07713134904311376,
            0.15454226574079513,
            0.06374565200880988
        ],
        [
            0.11775840825840826,
            0.06345239482739483,
            0.05798308635808635,
            0.13809020146520143,
            0.01820670995670996,
            0.12403485403485401,
            0.17793432955932953,
            0.010909090909090908,
            0.11894805194805197,
            0.17268287268287266
        ],
        [
            0.10743923560100031,
            0.11676965518141987,
            0.036377664002664005,
            0.11444814009519892,
            0.00908008658008658,
            0.03982463778052014,
            0.1564860131698367,
            0.0277833636951284,
            0.3062653229123817,
            0.08552588098176331
        ],
        [
            0.06320832762009232,
            0.06406211272387742,
            0.06920061882561884,
            0.16423264643852886,
            0.030818181818181814,
            0.021801258382140736,
            0.38966813823431473,
            0.025811868686868685,
            0.08915128172481111,
            0.08204556554556554
        ],
        [
            0.23662823287823284,
            0.122345362970363,
            0.04475180375180374,
            0.29562357087357083,
            0.005138888888888888,
            0.06400382950382949,
            0.05171550671550672,
            0.01052020202020202,
            0.10068746531246528,
            0.06858513708513708
        ],
        [
            0.030486853832442068,
            0.05355622155622155,
            0.0686644687012334,
            0.032263028638028636,
            0.30611048673548663,
            0.13213331113331112,
            0.06687146187146187,
            0.20576546084634317,
            0.0588238371106018,
            0.04532486957486958
        ],
        [
            0.017945414063061122,
            0.05724325674325674,
            0.07937527831645477,
            0.034051948051948056,
            0.17112192627633804,
            0.3491610056610057,
            0.01526129426129426,
            0.12960205888882356,
            0.07274131424131423,
            0.07349650349650347
        ],
        [
            0.04436932267079326,
            0.1117329614829615,
            0.022612443112443113,
            0.07561807636807635,
            0.08804964479964479,
            0.434555345797993,
            0.016234487734487733,
            0.0576461038961039,
            0.07695472991061225,
            0.07222688422688422
        ],
        [
            0.030868510574392927,
            0.036667138417138416,
            0.29795736208236206,
            0.03909185095949802,
            0.2142079448329449,
            0.1487995615495615,
            0.004142857142857143,
            0.14794045660222133,
            0.0521788938185997,
            0.02814542402042402
        ],
        [
            0.08134066750243221,
            0.08174986533074767,
            0.15792057289116113,
            0.12564008458861398,
            0.02259263775440246,
            0.10972355422355422,
            0.06211021331609567,
            0.011808663558663557,
            0.3046979621685504,
            0.04241577866577867
        ],
        [
            0.045371725496725496,
            0.11070246055114476,
            0.12660601386917172,
            0.1437834526584526,
            0.08472428959928957,
            0.036553446553446556,
            0.041740440115440106,
            0.08307309357309357,
            0.18619552669552664,
            0.1412495508877088
        ],
        [
            0.0173015873015873,
            0.10995670995670993,
            0.1792914585414585,
            0.008393939393939395,
            0.0749576812076812,
            0.12056809856809853,
            0.16384376734376732,
            0.03133928571428571,
            0.014147546897546897,
            0.280199925074925
        ],
        [
            0.333225702402173,
            0.18089047064047062,
            0.03765811965811967,
            0.14369950882450883,
            0.03457031857031857,
            0.09606584918349624,
            0.08504284604284602,
            0.02616161616161616,
            0.016389572845455197,
            0.04629599567099567
        ],
        [
            0.0680285033593857,
            0.059240537240537246,
            0.12422520535020537,
            0.1387217227217227,
            0.028128968253968257,
            0.10949718745306976,
            0.06802810098398333,
            0.02222638472638472,
            0.3334038894112424,
            0.04849950049950049
        ],
        [
            0.02245765345765346,
            0.032895806807571516,
            0.05616730491730492,
            0.04147514985014984,
            0.22429465220022493,
            0.03547142623458413,
            0.01192401879166585,
            0.4658932475333405,
            0.02277766106442577,
            0.08664307914307914
        ],
        [
            0.029636617467499814,
            0.12311448682036916,
            0.12360136432195253,
            0.058829725829725836,
            0.09742683133859606,
            0.11986541236541236,
            0.18816551912140148,
            0.05243179043179043,
            0.03592532467532468,
            0.17100292762792765
        ],
        [
            0.1000769034886682,
            0.04411164652341123,
            0.07340203260791495,
            0.14061041572806277,
            0.09619901340489577,
            0.0388481240981241,
            0.30811043041925396,
            0.05865358824182354,
            0.057732683982683976,
            0.08225516150516149
        ],
        [
            0.26606528683734565,
            0.0805263747690218,
            0.005401269482151836,
            0.2619853365588659,
            0.05110531135531136,
            0.02556415806415806,
            0.04963948796301738,
            0.04374175824175824,
            0.1633486113559643,
            0.05262240537240537
        ],
        [
            0.1780339048206695,
            0.1522290764790765,
            0.02817099567099567,
            0.1340004995004995,
            0.06657251082251081,
            0.10543989262371616,
            0.08191414141414141,
            0.028797979797979795,
            0.11757898310839486,
            0.10726201576201574
        ],
        [
            0.09142340992340993,
            0.10939590964590963,
            0.05237728937728938,
            0.08023957986457984,
            0.025118908868908867,
            0.13591315628815626,
            0.25691076978576977,
            0.029782661782661788,
            0.06300624375624377,
            0.15583207070707072
        ],
        [
            0.06316829412417647,
            0.07228845174433408,
            0.11554977702036526,
            0.3425661283161283,
            0.023364504776269484,
            0.06427000777000776,
            0.015724238180120535,
            0.02274242424242424,
            0.2102572705072705,
            0.07006890331890331
        ],
        [
            0.15863808250572956,
            0.09144073002161238,
            0.06617243867243866,
            0.15097866022866022,
            0.07025308025308025,
            0.08720002056766765,
            0.06632359307359308,
            0.09660497672262376,
            0.14836896844985079,
            0.06401944950474363
        ],
        [
            0.4073589188589189,
            0.09030133755133754,
            0.109392871017871,
            0.013013999888999888,
            0.031837662337662345,
            0.09479166666666668,
            0.04742854367854367,
            0.016404761904761905,
            0.012857142857142855,
