{
    "accuracy": 0.645,
    "classification_report": "              precision    recall  f1-score   support\n\n           0       0.73      0.40      0.52        20\n           1       0.83      0.50      0.62        20\n           2       0.88      0.70      0.78        20\n           3       0.54      0.65      0.59        20\n           4       0.57      0.65      0.60        20\n           5       0.82      0.90      0.86        20\n           6       0.65      0.75      0.70        20\n           7       0.71      0.60      0.65        20\n           8       0.50      0.65      0.57        20\n           9       0.50      0.65      0.57        20\n\n    accuracy                           0.65       200\n   macro avg       0.67      0.65      0.64       200\nweighted avg       0.67      0.65      0.64       200\n",
    "y_score": [
        [
            0.022628074924749823,
            0.01902083922756326,
            0.008559245292941563,
            0.01392805386251729,
            0.022431653532647044,
            0.3318433046681574,
            0.012651605367087088,
            0.0566781642648264,
            0.3222254942940467,
            0.19003356456546344
        ],
        [
            0.10535381612044012,
            0.03932540152849371,
            0.02791626709774131,
            0.1250190745278624,
            0.21264506289148355,
            0.03474489889517339,
            0.055861941532777314,
            0.006007905155743108,
            0.01869772968385292,
            0.3744279025664321
        ],
        [
            0.06889358822015977,
            0.2592113073415561,
            0.08059094163683167,
            0.015752479369880827,
            0.16130022287195386,
            0.12385444518158784,
            0.06601906874736745,
            0.055506564626746836,
            0.07660133000350713,
            0.09227005200040854
        ],
        [
            0.03547165999067513,
            0.018145882319340074,
            0.03286181350087729,
            0.011367496250378948,
            0.04932520417626893,
            0.42710533101839027,
            0.005702578665154515,
            0.025969299611653472,
            0.3179911744255211,
            0.07605956004174022
        ],
        [
            0.1371977087378753,
            0.21834562912841404,
            0.044884439800049414,
            0.18808168982858003,
            0.05136822890817714,
            0.05616571887505948,
            0.0067831107022086725,
            0.06757160480925423,
            0.20622600482813608,
            0.02337586438224561
        ],
        [
            0.016055631134688435,
            0.0038424073450245575,
            0.07658058162624146,
            0.0255949868075818,
            0.08530056799697223,
            0.00030112228798446323,
            0.6308118592300842,
            0.07228104745782642,
            0.004582604219773291,
            0.08464919189382314
        ],
        [
            0.04318347015812856,
            0.06486724663427233,
            0.15863507867181442,
            0.015474342018951065,
            0.14615456618952308,
            0.046657475055824994,
            0.00844698984613343,
            0.06839445661084038,
            0.12616665160554946,
            0.32201972320896227
        ],
        [
            0.010849189432963466,
            0.0642782437150981,
            0.5883037388165675,
            0.01074982605063306,
            0.12710728095029253,
            0.02772545476451945,
            0.009191742933247328,
            0.14027071199689495,
            0.007882697051531044,
            0.01364111428825251
        ],
        [
            0.013686997751538674,
            0.02417313327237359,
            0.10292364612819327,
            0.06566269191522607,
            0.7330252741129426,
            0.0038071498492238524,
            0.01705464411700787,
            0.02773385968969761,
            0.0040205746201042196,
            0.007912028543692235
        ],
        [
            0.05262145824231466,
            0.05375220639325935,
            0.05440017349999906,
            0.011130492377225926,
            0.0037245866779299745,
            0.7501200434635,
            0.014663757673798915,
            0.01831135991133114,
            0.0137202576907136,
            0.027555664069927342
        ],
        [
            0.24462232402998557,
            0.023947346738024844,
            0.0029900399509046717,
            0.05241446490281866,
            0.04813833362274925,
            0.0008816198006494084,
            0.03228836917237949,
            0.003843888591429136,
            0.004851402775160417,
            0.5860222104158985
        ],
        [
            0.0891143836087582,
            0.26277570616185597,
            0.004059924773860741,
            0.22205217329141255,
            0.30503157667566877,
            0.017582603652662312,
            0.018139894999691604,
            0.013856947556246063,
            0.014666880344540324,
            0.05271990893530354
        ],
        [
            0.10470410381480673,
            0.07697037380723455,
            0.06929032577229399,
            0.07109915397236621,
            0.07091738406324002,
            0.011885730214364947,
            0.018561299797636294,
            0.09614336584489533,
            0.4111770012406234,
            0.06925126147253856
        ],
        [
            0.16045344541333478,
            0.034654428608822264,
            0.03277755605385761,
            0.053513100109006805,
            0.01911775802204185,
            0.004181172515759783,
            0.009702125807443044,
            0.011131921419622492,
            0.6397164989641648,
            0.03475199308594664
        ],
        [
            0.1377409181504919,
            0.1449425897219633,
            0.026927276346812752,
            0.41145396301655807,
            0.03625766250868754,
            0.07202327487424602,
            0.00831371409241935,
            0.046247434008929014,
            0.0037514031811824874,
            0.11234176409870955
        ],
        [
            0.0766722317541117,
            0.0697766590599716,
            0.04245539149539064,
            0.41377289879547413,
            0.03915528810037885,
            0.0012168687656106444,
            0.3024852616209594,
            0.005225142266136605,
            0.014401490998481935,
            0.03483876714348443
        ],
        [
            0.1197117831585538,
            0.15107713812723994,
            0.021852339328255532,
            0.02491928909893173,
            0.0213842895654841,
            0.06846024392390689,
            0.006605586657047092,
            0.02490447985273294,
            0.47228002127457486,
            0.08880482901327312
        ],
        [
            0.04716781497167656,
            0.034243208617585855,
            0.08458159517348876,
            0.006775970857131981,
            0.02266983501286287,
            0.701562161950742,
            0.011778088906313818,
            0.031095831543156705,
            0.009913766124354042,
            0.05021172684268734
        ],
        [
            0.1138367386475998,
            0.035334403634798686,
            0.016450596585417296,
            0.059720045029880174,
            0.022922596931051465,
            0.032453773023435106,
            0.010866440921485924,
            0.08344144201135997,
            0.3495610431911961,
            0.2754129200237755
        ],
        [
            0.02635391612364456,
            0.052750830160936166,
            0.24211613030215923,
            0.00856531626430261,
            0.00707889192814751,
            0.0014816891755041058,
            0.4500855454212557,
            0.006547214670515511,
            0.01475776206934209,
            0.1902627038841925
        ],
        [
            0.01436399119462731,
            0.02489435904573224,
            0.5712742312177963,
            0.025706774023589795,
            0.03375787969253336,
            0.02462747084245178,
            0.006229429141457446,
            0.15160364779044527,
            0.08836986086279744,
            0.05917235618856911
        ],
        [
            0.30845525575342353,
            0.04188699807062328,
            0.008237486794583502,
            0.07497323304958128,
            0.07006042096875251,
            0.0060423224444847365,
            0.33168636750016084,
            0.02297450399581239,
            0.007879384581367282,
            0.1278040268412107
        ],
        [
            0.11469444156905895,
            0.03750492561181794,
            0.01636935775408818,
            0.7365657207394216,
            0.006360699420308596,
            0.0037680518043620138,
            0.006863751946693185,
            0.007422132400597492,
            0.0022749030481811045,
            0.06817601570547102
        ],
        [
            0.01111521076112414,
            0.12972114450604724,
            0.7298141807050713,
            0.0012607862329184307,
            0.030132546830290007,
            0.006138426351154733,
            0.051581501134102425,
            0.006187414545309118,
            0.006473657258121497,
            0.027575131675861158
        ],
        [
            0.9022092769197696,
            0.028104484912215982,
            0.0014924509664149947,
            0.014796125448728107,
            0.010059075896455234,
            0.0023073832014000586,
            0.009358838780363995,
            0.008495556637975396,
            0.020520171259183817,
            0.002656635977492767
        ],
        [
            0.037338433599025674,
            0.8004004563742443,
            0.02407017618924651,
            0.0031007952625789086,
            0.02255737490693266,
            0.00030390921427352714,
            0.010949919378692396,
            0.016290737232673585,
            0.002513985524893903,
            0.08247421231743854
        ],
        [
            0.04746805445000562,
            0.027600526755522454,
            0.1129376740307075,
            0.042221686365104816,
            0.0573236925988301,
            0.12488010451933185,
            0.014584779462207473,
            0.07740477328851367,
            0.48775283001082503,
            0.007825878518951598
        ],
        [
            0.3173813823757584,
            0.08188590498912887,
            0.07898213959666875,
            0.04598406170186424,
            0.02672716307947041,
            0.3032500420213745,
            0.007346961964000027,
            0.038574968291244884,
            0.07160138591864043,
            0.028265990061849496
        ],
        [
            0.04936492083244906,
            0.03249452610934332,
            0.049566687282187244,
            0.06697554884578011,
            0.08708268834271492,
            0.426930346260038,
            0.027218347944708156,
            0.0898074239763877,
            0.13881669705282265,
            0.03174281335356882
        ],
        [
            0.029763316761719855,
            0.05425801786350036,
            0.018380461204332833,
            0.009106749787351482,
            0.028487693461364955,
            0.7372076884926794,
            0.006697667587762577,
            0.03655717530550444,
            0.05145863374333646,
            0.028082595792447696
        ],
        [
            0.018727068270920567,
            0.04491832913051934,
            0.083673997501484,
            0.2011039034039856,
            0.06803475496391344,
            0.0016975654269226746,
            0.5588889444274704,
            0.011636316929130005,
            0.004905676765849386,
            0.006413443179804618
        ],
        [
            0.009879630933713307,
            0.07983903432688277,
            0.7968555901576704,
            0.005319685293664747,
            0.023159710572274624,
            0.003873754198060989,
            0.04972933155536166,
            0.026024001907326122,
            0.0010521091224435803,
            0.0042671519326018415
        ],
        [
            0.018478531781751774,
            0.046685422434297595,
            0.028559092465634407,
            0.013614263482295927,
            0.08287792169098249,
            0.595799285465853,
            0.015452981948397882,
            0.0781399079853938,
            0.01754418506307918,
            0.10284840768231393
        ],
        [
            0.6449496448288498,
            0.014081330344232887,
            0.01529166396034776,
            0.05192598537838801,
            0.25181179366051476,
            0.0029272097806996166,
            0.005438014035011234,
            0.009262074837906874,
            0.002537005789721649,
            0.0017752773843274384
        ],
        [
            0.022910005046000676,
            0.864504210690751,
            0.0028336103666068107,
            3.70451473120298e-05,
            0.07079693894916868,
            0.009783604339878788,
            0.005311713986830122,
            0.0013253145509955024,
            0.012454813549668745,
            0.01004274337278766
        ],
        [
            0.017208694183272484,
            0.06863858705709677,
            0.0069153177509687965,
            0.09130201165972125,
            0.18233477442935692,
            0.0025204751159897663,
            0.5477393796158764,
            0.01965011387098813,
            0.0077224490809973765,
            0.05596819723573217
        ],
        [
            0.012459119004149805,
            0.053024015404285606,
            0.011063809257353395,
            0.007000572305601052,
            0.14370271888021194,
            0.0009619094936433347,
            0.05573424113898948,
            0.006777546532088359,
            0.0059838630189970685,
            0.7032922049646799
        ],
        [
            0.02462631304140924,
            0.03297676241491218,
            0.20198766985992012,
            0.010956366833807862,
            0.4003219924614969,
            0.010838057025336356,
            0.002829267362700337,
            0.27310707705641196,
            0.03981144628056257,
            0.0025450476634423314
        ],
        [
            0.010277887022526565,
            0.1619888847133472,
            0.5848801119975358,
            0.0035140150765141653,
            0.0255995872252203,
            0.01768555763193156,
            0.17370484244078668,
            0.008362077599544677,
            0.0017322970121349639,
            0.012254739280458187
        ],
        [
            0.14995744321827634,
            0.02567101099833908,
            0.0005159805875829119,
            0.2965082967683329,
            0.07141332895019555,
            0.002039705029837744,
            0.061888925763276204,
            0.004711444157668577,
            0.36876203893650883,
            0.018531825589981867
        ],
        [
            0.027448925517464674,
            0.05188032880505562,
            0.01643589240505067,
            0.33915723959915245,
            0.09051286200078992,
            0.00420675367011122,
            0.0154314467810229,
            0.05882136755317807,
            0.3644903968341603,
            0.03161478683401422
        ],
        [
            0.057991159416994786,
            0.02474034669729748,
            0.008597192592693474,
            0.03712877181985757,
            0.006234877445055554,
            0.0033192945275461482,
            0.013145656433383552,
            0.10114593303388106,
            0.36456936771434095,
            0.38312740031894943
        ],
        [
            0.007420436000524061,
            0.01648992711344297,
            0.04744499699653295,
            0.03372736109688297,
            0.4034786548721597,
            0.008880193515762505,
            0.001166992143267356,
            0.2939520707779124,
            0.031124566431340282,
            0.15631480105217474
        ],
        [
            0.6881774291750278,
            0.0420384569793001,
            0.01846566842866432,
            0.03797361741536913,
            0.020585696108924974,
            0.01821661415809556,
            0.006759141932384849,
            0.039480252978555744,
            0.10928634438713751,
            0.019016778436540115
        ],
        [
            0.04365900351107206,
            0.07360651306238378,
            0.013481618696789266,
            0.09599029670972944,
            0.022767256011077767,
            0.5218298221041896,
            0.015794878069391477,
            0.06321656040022403,
            0.13529510497877567,
            0.01435894645636698
        ],
        [
            0.02360780327644022,
            0.011594215702704507,
            0.015461700855171128,
            0.013179899197934414,
            0.019933345568814244,
            0.7217384913296693,
            0.017048453217429795,
            0.02551443656984815,
            0.14074659619931087,
            0.01117505808267748
        ],
        [
            0.010699916991656847,
            0.02116439999636235,
            0.00811422747283216,
            0.011488447890027165,
            0.09162167194158082,
            0.0019263357527515104,
            0.7252859009220223,
            0.00814996220512961,
            0.0029676964857168462,
            0.11858144034192042
        ],
        [
            0.03519143409770264,
            0.8729194982906998,
            0.009882978213386833,
            0.02184452456928921,
            0.02354426811358562,
            0.0005662795916472405,
            0.007013532795470881,
            0.013831291667589752,
            0.008872944354717796,
            0.006333248305910084
        ],
        [
            0.009891028239905264,
            0.03483824471456706,
            0.05867388995597502,
            0.012949612861225668,
            0.4284069115744467,
            0.0003813055011054044,
            0.09386831237745587,
            0.03408321457922342,
            0.02613045348924904,
            0.3007770267068466
        ],
        [
            0.015987200489246567,
            0.004898567360648749,
            0.005008153670068937,
            0.00531897669659883,
            0.02151677149494669,
            0.003742545581253473,
            0.008904239573734363,
            0.9175196582672115,
            0.0068281377154794055,
            0.010275749150811534
        ],
        [
            0.01952375265330873,
            0.06455181460510864,
            0.012215209936152835,
            0.01498924375220329,
            0.804032130595701,
            0.00431965219433193,
            0.009196843081246565,
            0.04117651779712615,
            0.0042998673687228445,
            0.025694968016098045
        ],
        [
            0.07075821012995816,
            0.0666630400923735,
            0.16741509462164242,
            0.04017403581308159,
            0.08657834991471651,
            0.06325044587603189,
            0.11450748094729461,
            0.10138923088061311,
            0.08629009371223825,
            0.20297401801204998
        ],
        [
            0.01694811705380888,
            0.028187395521406873,
            0.0346124194927828,
            0.020665226422988105,
            0.720356775986865,
            0.0058677677798814444,
            0.051825220887190125,
            0.11328261207845221,
            0.0018892594274953246,
            0.006365205349129377
        ],
        [
            0.017265508227259613,
            0.04788468477677434,
            0.04556080754785998,
            0.00608990427330987,
            0.02170714565238533,
            0.6962421585931456,
            0.008440158569015189,
            0.06018560288178961,
            0.043099992699084745,
            0.05352403677937567
        ],
        [
            0.07617129493225411,
            0.005621325355648276,
            0.012249877114447387,
            0.16020399131997143,
            0.027635756338685945,
            0.003995495522048069,
            0.004698274686411176,
            0.054666143584915505,
            0.6498311361752638,
            0.004926704970354375
        ],
        [
            0.16697088714607983,
            0.13564779377032182,
            0.02568595765495845,
            0.2694827951698285,
            0.16399183294305206,
            0.007778426783784135,
            0.1552765978155172,
            0.005037425685820324,
            0.0208711202222658,
            0.049257162808371974
        ],
        [
            0.03226668770610637,
            0.03706255713623346,
            0.017244896015279572,
            0.39279038352654067,
            0.02214323490892567,
            0.011057242988256435,
            0.020225730716539242,
            0.021412520849534884,
            0.14624214949745176,
            0.29955459665513195
        ],
        [
            0.03815499890004291,
            0.20482298232012272,
            0.39127290668779957,
            0.023143233584053062,
            0.0033575386927395096,
            0.0019684789477157167,
            0.28427272708306994,
            0.01176074124215308,
            0.02916047811577187,
            0.012085914426531591
        ],
        [
            0.02797313821375248,
            0.6175143152735048,
            0.01670429406182005,
            0.13922095001187312,
            0.04201566664544014,
            0.0017680984961851835,
            0.11782016749456489,
            0.019878242757641513,
            0.008836640191370999,
            0.008268486853846924
        ],
        [
            0.05695034961106847,
            0.041400056150544484,
            0.0646463007779605,
            0.35444397900804714,
            0.040560243397187834,
            0.10951956453541582,
            0.01004937479278122,
            0.02654733484001596,
            0.18801037930283898,
            0.1078724175841396
        ],
        [
            0.11632018166782851,
            0.19337397490378294,
            0.15202749317158862,
            0.054757046815331646,
            0.056966759168064304,
            0.03775697153292439,
            0.047220175937875405,
            0.07317018135733382,
            0.2545386465220802,
            0.013868568923190211
        ],
        [
            0.2325460974086137,
            0.03644003815209159,
            0.02530535667244399,
            0.15871681350858685,
            0.04565842472393249,
            0.04619989273994074,
            0.014365784972722267,
            0.09150387970332914,
            0.3110388431428122,
            0.03822486897552705
        ],
        [
            0.1017059372565949,
            0.031989037629187214,
            0.13408395887247265,
            0.05881103415828781,
            0.017072988779097634,
            0.47730274489777774,
            0.01993482166551387,
            0.006360265415580907,
            0.1502415528369796,
            0.00249765848850754
        ],
        [
            0.05201955643256708,
            0.052943247801066295,
            0.04527337378667749,
            0.043585225491177555,
            0.07714068769466993,
            0.0636542273563905,
            0.023720973996426985,
            0.2044491588685081,
            0.20872437381536219,
            0.22848917475715388
        ],
        [
            0.06326074260715961,
            0.046544333817027404,
            0.14198958178121213,
            0.02337014277021334,
            0.054832090695517734,
            0.0189323176343159,
            0.01915846209013513,
            0.1425057263330026,
            0.23538049516861187,
            0.25402610710280427
        ],
        [
            0.03666548148833787,
            0.11858152815895169,
            0.005260656953281096,
            0.0013749142604093365,
            0.6333869070528926,
            0.009890691437651497,
            0.004506922082127237,
            0.011205678581290665,
            0.0029512134785624877,
            0.1761760065064955
        ],
        [
            0.011369918381356712,
            0.03428115152310937,
            0.17015823035009786,
            0.016449441838035456,
            0.027908823684322605,
            0.015393322101377144,
            0.013933578490222389,
            0.09303168092684315,
            0.04338499272108224,
            0.5740888599835531
        ],
        [
            0.16937342153676777,
            0.05380121726509478,
            0.058550276247200196,
            0.06198832002700155,
            0.10626133708167396,
            0.22977443056149224,
            0.015272123739438054,
            0.0752171542759329,
            0.2195587417507551,
            0.010202977514643403
        ],
        [
            0.02202304266530561,
            0.08716156650840522,
            0.057864811594254426,
            0.05766903424191912,
            0.07937125111462817,
            0.028772741441743542,
            0.014963810042245219,
            0.09712316243142807,
            0.049004737120055014,
            0.5060458428400156
        ],
        [
            0.004218613988164516,
            0.008337147809306772,
            0.2306418070665593,
            0.0039962359584842745,
            0.3880204258235412,
            0.004003254910518034,
            0.0014228202203822302,
            0.3532892490909193,
            0.004801902283140117,
            0.001268542848984347
        ],
        [
            0.033404681324970334,
            0.2097781112185823,
            0.005485011957217933,
            0.04794719891967468,
            0.13621581825426107,
            0.018077157495648595,
            0.3936350729711565,
            0.014510573584354949,
            0.0029753090065789255,
            0.13797106526755468
        ],
        [
            0.09945234388219387,
            0.015975861351549374,
            0.01882418721491749,
            0.05145239809318245,
            0.034212282790717155,
            0.027024689528507416,
            0.02020248526025711,
            0.06539630538286341,
            0.6517739937142258,
            0.015685452781585847
        ],
        [
            0.021480307795817784,
            0.8578880475124256,
            0.006286335095382152,
            0.01905766975517103,
            0.01930728787590772,
            0.0008096059072162994,
            0.02943912115891973,
            0.019400431187675253,
            0.002225177683834319,
            0.02410601602765024
        ],
        [
            0.007635652819624579,
            0.017786354562763274,
            0.004408488414262638,
            0.008355952680293769,
            0.036284828934817576,
            0.0003470886073037241,
            0.01643823596533972,
            0.8863993842160134,
            0.021465324593413604,
            0.0008786892061676092
        ],
        [
            0.03383270033562015,
            0.017887730023581967,
            0.054640396783002323,
            0.017321187099124235,
            0.04282419017336184,
            0.013793322161706367,
            0.010730467263163694,
            0.01704768835267867,
            0.2524643741397467,
            0.5394579436680139
        ],
        [
            0.04583853496102941,
            0.048015542499542915,
            0.06829561515984546,
            0.018917668945860285,
            0.16065824563914646,
            0.010334145024278282,
            0.019937276959130404,
            0.3336274128272131,
            0.28638000742626896,
            0.00799555055768483
        ],
        [
            0.24542220879718024,
            0.06932115934124689,
            0.0015267302189605873,
            0.4003272245810015,
            0.07773688010929422,
            0.004823649415206482,
            0.10603863748686668,
            0.027902129827895694,
            0.06071561748066902,
            0.006185762741678783
        ],
        [
            0.014874505649327857,
            0.0241583134008084,
            0.09398426127090714,
            0.02614538694912234,
            0.2830337684315368,
            0.065687844709561,
            0.03749091782774263,
            0.3851756711354772,
            0.04612269269081677,
            0.023326637934699794
        ],
        [
            0.06830801930842825,
            0.18312568521499384,
            0.07274992354850533,
            0.02956944990828566,
            0.19985808537045457,
            0.03806031367359417,
            0.014349878780654617,
            0.0978321689427589,
            0.20952609794108806,
            0.08662037731123656
        ],
        [
            0.03584707899096024,
            0.05409555182695856,
            0.09888245568485905,
            0.1627713582782231,
            0.06595855339207835,
            0.024748377513867284,
            0.011063577680680009,
            0.47019984608196685,
            0.03482600637800037,
            0.041607194172406145
        ],
        [
            0.011104906854686254,
            0.013364096355997035,
            0.10780082172058217,
            0.7163309717034225,
            0.009463244287681822,
            0.0017569864363348477,
            0.12256833140398307,
            0.013213920540412422,
            0.001745797901032655,
            0.0026509227958672133
        ],
        [
            0.04059484963803715,
            0.014759668488706884,
            0.0070661626288479554,
            0.0070942487578394735,
            0.009215229361927941,
            0.0008756256395873203,
            0.005185503340291554,
            0.8809775230556379,
            0.005159307621981317,
            0.029071881467142464
        ],
        [
            0.09521442394698029,
            0.07869379347679424,
            0.010459198251046669,
            0.37422848641616735,
            0.03676564517636016,
            0.044880688524609295,
            0.010124420709084644,
            0.08962965616042788,
            0.2525797756403775,
            0.007423911698151976
        ],
        [
            0.03241388188324928,
            0.01696922974441149,
            0.10514499242613626,
            0.014445649587315978,
            0.6254780440683669,
            0.0011120734124267907,
            0.008749449079460552,
            0.13472826500110094,
            0.004959732798210685,
            0.05599868199932119
        ],
        [
            0.028202086238511136,
            0.03194025453136331,
            0.008102824626940753,
            0.02022417225048939,
            0.011946512404745717,
            0.7317998715913943,
            0.03674092335324472,
            0.03643637193700406,
            0.08044844422816053,
            0.014158538838146092
        ],
        [
            0.014703405502359596,
            0.0430259017453364,
            0.0837421766684735,
            0.02405947010483854,
            0.1537584794889672,
            0.021377576259044302,
            0.3369039829280597,
            0.012803119634710813,
            0.04095938700526267,
            0.2686665006629473
        ],
        [
            0.10096641099914275,
            0.09657144018867034,
            0.03276410624329675,
            0.2330958321654102,
            0.04323485974188438,
            0.019128770280509542,
            0.04126400137686918,
            0.10942042654384107,
            0.23900863932937938,
            0.08454551313099637
        ],
        [
            0.04443907042935531,
            0.08130448305818035,
            0.05067784413390138,
            0.02583505398294205,
            0.6978732216042584,
            0.0013187756257525374,
            0.006121684237551685,
            0.08289752260574462,
            0.006428930651850806,
            0.003103413670463009
        ],
        [
            0.04459996323454077,
            0.23307699938669177,
            0.05705531098041363,
            0.011705030151654462,
            0.03172553087531225,
            0.03642146276266052,
            0.027992018872521222,
            0.17280072295901483,
            0.11438597513488998,
            0.27023698564230053
        ],
        [
            0.07733167074474319,
            0.09025571952572273,
            0.029274947339704482,
            0.008993142529725443,
            0.06451309417916724,
            0.301108302698449,
            0.012663402714941374,
            0.030614096276819703,
            0.36340046763884637,
            0.021845156351880505
        ],
        [
            0.021818757030011182,
            0.04207442053100479,
            0.011314405226294793,
            0.0638013784728068,
            0.04602570476303094,
            0.002734616394208248,
            0.5174679949187629,
            0.007421590656248635,
            0.013218748302323119,
            0.27412238370530856
        ],
        [
            0.1066517768423296,
            0.1135600860299382,
            0.02046258787601386,
            0.06682924764851764,
            0.021798767318163013,
            0.01907991625098427,
            0.1880715381047025,
            0.03979116023945599,
            0.41265128621256697,
            0.011103633477327856
        ],
        [
            0.01922131422811735,
            0.012629808398343026,
            0.019084471821765696,
            0.06758669689265412,
            0.05335970568402306,
            0.01685137260938518,
            0.7814119053684502,
            0.00996814046959921,
            0.007217104287209682,
            0.012669480240452474
        ],
        [
            0.25157177448937024,
            0.03715297988826094,
            0.010076277264196987,
            0.595046769127467,
            0.005180939419380556,
            0.002259467088739922,
            0.008954854163273336,
            0.015549632835937622,
            0.012852566487618688,
            0.06135473923575472
        ],
        [
            0.009524924167134354,
            0.012559903566024336,
            0.0703478671399385,
            0.03872245048517596,
            0.7190160511585637,
            0.0001546850191792703,
            0.02845071599621466,
            0.02670862444314741,
            0.04089962792946487,
            0.05361515009515697
        ],
        [
            0.020852731611432942,
            0.06570630203236476,
            0.023105441224274832,
            0.003020387949265306,
            0.03444740674775922,
            0.7475135135742803,
            0.0073359876345280685,
            0.01652600974831562,
            0.056876349332545005,
            0.02461587014523394
        ],
        [
            0.024041833914291696,
            0.13685774546958754,
            0.013596579085318536,
            0.07443243197574062,
            0.011524228225549979,
            0.6364748449154056,
            0.007004922417836254,
            0.04588195246512617,
            0.04003775994086638,
            0.010147701590277275
        ],
        [
            0.023512322357179604,
            0.017798147167889536,
            0.605994230920184,
            0.0013515644491014815,
            0.1277617166244252,
            0.05081310787647906,
            0.0020999351300717323,
            0.1235513429810567,
            0.038635663388258225,
            0.0084819691053544
        ],
        [
            0.08181975044214822,
            0.06619486106907835,
            0.13493212850017836,
            0.02166531957430437,
            0.037882615458404906,
            0.09847021357341346,
            0.009146004042065604,
            0.025334790864319452,
            0.5148246997315921,
            0.009729616744495156
        ],
        [
            0.07160591543470131,
            0.14639615681248952,
            0.07704644401648218,
            0.0957575942033156,
            0.19566333540309072,
            0.019072735416877405,
            0.018109043457634727,
            0.13127746709210203,
            0.19077149353802714,
            0.054299814625279365
        ],
        [
            0.0058074836033898194,
            0.10832963682644217,
            0.020122657604238193,
            0.0005646398017341268,
            0.13142172442037334,
            0.006977418275284197,
            0.32054350341733345,
            0.004245752512019755,
            0.006737991706340941,
            0.39524919183284407
        ],
        [
            0.83332200158139,
            0.07053954914377528,
            0.008051520817908508,
            2.8040349566800788e-05,
            0.03385536862957808,
            0.018049874125012372,
            0.004007053308620792,
            0.002027369478970098,
            0.0032198836424525883,
            0.02689933892272568
        ],
        [
            0.055351628995237934,
            0.03919429711908729,
            0.12197370987904807,
            0.16425896745391294,
            0.09240541689772719,
            0.05465089762808798,
            0.011819756609926232,
            0.10417601570677079,
            0.3014532426658758,
            0.054716067044325745
        ],
        [
            0.018759152246923184,
            0.0163685455276806,
            0.004750252462141814,
            0.0058134052282299,
            0.04150667450110984,
            0.0019608924741897674,
            0.006153781482266163,
            0.8942940382718987,
            0.003799966056498913,
            0.006593291749061249
        ],
        [
            0.030746245798380208,
            0.22581458546992383,
            0.054134798351971915,
            0.004650327769547355,
            0.09067757851874389,
            0.0045877249352278,
            0.25041282366166484,
            0.0041915939698879785,
            0.03580437072745872,
            0.29897995079719336
        ],
        [
            0.018040491899448712,
            0.008756756783867527,
            0.006096345822134874,
            0.045609404210808016,
            0.09813527012129489,
            0.0021066068924869173,
            0.6086463320800084,
            0.010384408194148242,
            0.012596755186034248,
            0.18962762880976816
        ],
        [
            0.16198632563164522,
            0.046228906665089706,
            0.0013702706865987633,
            0.5699755720767458,
            0.008367157043736143,
            0.0013953380588954344,
            0.0035373103573957073,
            0.010735753100688075,
            0.020914242097793627,
            0.17548912428141147
        ],
        [
            0.3579896441383659,
            0.0763127561751698,
            0.005267698535127501,
            0.14019429406932876,
            0.16065762646471266,
            0.015952744804150324,
            0.17126265748018138,
            0.012287045590821707,
            0.01774551862914218,
            0.04233001411299981
        ],
        [
            0.014371152116310923,
            0.1460319193195087,
            0.012381643224404102,
            0.03135333275168746,
            0.02290822832457502,
            0.006791337247758591,
            0.6185570870416326,
            0.010181769912951107,
            0.020497899905090607,
            0.11692563015608101
        ],
        [
            0.02307101936082419,
            0.04917997520374921,
            0.12160436037843432,
            0.5730176509860943,
            0.009003061216946363,
            0.023233539460299386,
            0.03032327559626773,
            0.015614667972354473,
            0.14159978471736293,
            0.013352665107667232
        ],
        [
            0.06489103467638421,
            0.03134802626640349,
            0.0028548201778853467,
            0.5058418181408892,
            0.010221349770435786,
            0.03543335104577466,
            0.01287440525073683,
            0.15635247059833376,
