{
    "accuracy": 0.56,
    "classification_report": "              precision    recall  f1-score   support\n\n           0       0.44      0.55      0.49        20\n           1       0.89      0.40      0.55        20\n           2       0.85      0.55      0.67        20\n           3       0.50      0.45      0.47        20\n           4       0.60      0.30      0.40        20\n           5       0.74      0.85      0.79        20\n           6       0.54      0.65      0.59        20\n           7       0.48      0.75      0.59        20\n           8       0.50      0.60      0.55        20\n           9       0.43      0.50      0.47        20\n\n    accuracy                           0.56       200\n   macro avg       0.60      0.56      0.56       200\nweighted avg       0.60      0.56      0.56       200\n",
    "y_score": [
        [
            0.08064296814296813,
            0.06313958263958262,
            0.0542712148962149,
            0.0788513986013986,
            0.047728535353535356,
            0.3450151237651238,
            0.06024830724830724,
            0.030514041514041527,
            0.113977133977134,
            0.12561169386169385
        ],
        [
            0.25960051060051065,
            0.061693917193917175,
            0.08599112325582915,
            0.1226386334253981,
            0.05295683728036669,
            0.14462691883280118,
            0.044200506193153244,
            0.026155844155844158,
            0.07017694070635247,
            0.1319587683558272
        ],
        [
            0.02525508641685112,
            0.04789632589632589,
            0.08683159814042166,
            0.01964199689199689,
            0.22904229104229099,
            0.19269287493552198,
            0.10207936507936508,
            0.19535158713835185,
            0.034351010101010104,
            0.06685786435786435
        ],
        [
            0.08406654456654455,
            0.0355709706959707,
            0.0720484237984238,
            0.14397495559995557,
            0.04116418303918303,
            0.20711301198801205,
            0.020133699633699632,
            0.060004773004773,
            0.20857492507492506,
            0.12734851259851263
        ],
        [
            0.16082589632589628,
            0.13952974802974802,
            0.13215405672758615,
            0.14355140692640694,
            0.050852419639184354,
            0.07220214507714506,
            0.014835858585858588,
            0.06912299138769726,
            0.14257320457320455,
            0.07435227272727273
        ],
        [
            0.0318482905982906,
            0.02642361804861805,
            0.13176284826284826,
            0.05825668775668775,
            0.16599945887445888,
            0.019843406593406596,
            0.26184959484959486,
            0.20673713786213793,
            0.020317460317460317,
            0.07696149683649682
        ],
        [
            0.02581818181818182,
            0.10297474747474747,
            0.13002557238083556,
            0.05104040404040404,
            0.12439343989343987,
            0.13880688755688755,
            0.0693668831168831,
            0.05493506493506493,
            0.08708549783549785,
            0.21555332094805782
        ],
        [
            0.03903956582633053,
            0.11920575911017085,
            0.26926715767892234,
            0.028371850371850374,
            0.17175099981717623,
            0.06438167224931932,
            0.03290626856803327,
            0.20032761764379414,
            0.02983568882098294,
            0.04491341991341992
        ],
        [
            0.011535087719298245,
            0.012367944748749702,
            0.12978744866244865,
            0.007977022977022977,
            0.22753722356934433,
            0.04289853610441846,
            0.004534090909090909,
            0.5189259621097855,
            0.01612227538543328,
            0.02831440781440782
        ],
        [
            0.05988131313131314,
            0.09376494338994337,
            0.06275718725718725,
            0.0871943056943057,
            0.07239665889665889,
            0.2721174381174381,
            0.14845780608280604,
            0.02687425074925075,
            0.05618553668553667,
            0.12037055999555997
        ],
        [
            0.2206517254675149,
            0.08774685037185037,
            0.021371914635072528,
            0.1457671078921079,
            0.022103840603840602,
            0.028128010878010878,
            0.08309387834387834,
            0.05795887445887447,
            0.11909221334221334,
            0.21408558400663666
        ],
        [
            0.18755819807986987,
            0.09707170607170604,
            0.05309333210648999,
            0.18850941868588925,
            0.06452680652680652,
            0.10536741036741036,
            0.05571969696969696,
            0.0335479797979798,
            0.09425096961861666,
            0.12035448177553439
        ],
        [
            0.21100405150405144,
            0.08138369963369962,
            0.032031135531135534,
            0.12902813852813855,
            0.04377417027417027,
            0.05614307914307914,
            0.06030354367854367,
            0.07198124098124098,
            0.209625333000333,
            0.10472560772560773
        ],
        [
            0.16008646745411448,
            0.06317223462811697,
            0.10073501824972414,
            0.144228255404726,
            0.016781135531135534,
            0.04616866466866467,
            0.007004901960784313,
            0.008148559773559773,
            0.395436195340607,
            0.05823856698856698
        ],
        [
            0.05796126096126097,
            0.07254145854145853,
            0.11435332722832722,
            0.15051434676434675,
            0.12784102009102008,
            0.16849841824841824,
            0.046833333333333345,
            0.058618145743145736,
            0.035177461427461434,
            0.16766122766122765
        ],
        [
            0.10199751022970836,
            0.09441612554112551,
            0.03178282828282829,
            0.30951479853995334,
            0.017375,
            0.03092579642579643,
            0.22967532467532462,
            0.01944444444444444,
            0.11499576648841354,
            0.04987240537240537
        ],
        [
            0.12699736374736373,
            0.05486313686313687,
            0.02600316350316351,
            0.21695558608058607,
            0.02012337662337662,
            0.09322778610278609,
            0.03815151515151515,
            0.012688714063714066,
            0.3339365218115217,
            0.07705283605283604
        ],
        [
            0.035898920523920526,
            0.146141317016317,
            0.11051184191625366,
            0.04150829725829725,
            0.090580103376156,
            0.14541849816849817,
            0.08677327492768669,
            0.1484735808996645,
            0.050658239421397314,
            0.14403592649180882
        ],
        [
            0.14596392496392496,
            0.04909423909423909,
            0.0792441724941725,
            0.13571914196914195,
            0.027467032967032966,
            0.07291866466866466,
            0.016996336996336996,
            0.04924547674547674,
            0.34925455100455094,
            0.0740964590964591
        ],
        [
            0.03961494061494062,
            0.1232057803307803,
            0.15265735653235654,
            0.07767171717171717,
            0.0163023088023088,
            0.014333333333333333,
            0.34386849261849256,
            0.018953823953823955,
            0.06946464646464647,
            0.14392760017760017
        ],
        [
            0.06976984126984126,
            0.08502453102453102,
            0.23221217744244055,
            0.03891181041181041,
            0.10791570929070927,
            0.11863275613275612,
            0.035358086358086356,
            0.06586219336219334,
            0.11439729714729716,
            0.1319155975603344
        ],
        [
            0.18028243978243977,
            0.11336607836607836,
            0.12342223054723053,
            0.07943237318237317,
            0.05439449439449439,
            0.03624264624264625,
            0.1661616439116439,
            0.0492283966033966,
            0.044069264069264064,
            0.1534004329004329
        ],
        [
            0.15956923631923633,
            0.09657993395493392,
            0.04584193584193584,
            0.2776625735375735,
            0.030535464535464532,
            0.03219094794094794,
            0.047653651903651895,
            0.01944094794094794,
            0.16190725940725945,
            0.12861804861804865
        ],
        [
            0.028305555555555553,
            0.03945834394363806,
            0.4471265393103628,
            0.02741889483065954,
            0.1547012293262293,
            0.07806248326836561,
            0.07022211938388409,
            0.10147444222444223,
            0.015869747899159663,
            0.03736064425770308
        ],
        [
            0.4992625225651542,
            0.028828319341477237,
            0.015582778332778331,
            0.0885253401569191,
            0.013392607392607392,
            0.060764031290347076,
            0.054700854700854694,
            0.004861111111111111,
            0.18520137172768752,
            0.04888106338106337
        ],
        [
            0.07351524129465306,
            0.5424375240772299,
            0.034654761904761903,
            0.04239034576534577,
            0.03641677766677767,
            0.012954545454545455,
            0.04867944555444555,
            0.06012024087024088,
            0.04412031024531025,
            0.10471080716668948
        ],
        [
            0.10560210051386519,
            0.04375588300588301,
            0.07763259246773177,
            0.1307447013770543,
            0.06455373865900181,
            0.07887848099612804,
            0.05244516594516594,
            0.1509233859535717,
            0.27864576926341633,
            0.016818181818181815
        ],
        [
            0.2109270174270174,
            0.11561746586746588,
            0.06556407481407481,
            0.11349611499611502,
            0.0357064602064602,
            0.11135395160395159,
            0.099750999000999,
            0.00877020202020202,
            0.1114344821844822,
            0.1273792318792319
        ],
        [
            0.05833243145743146,
            0.06370418470418468,
            0.13211453823953823,
            0.059378782165546866,
            0.11756529581529582,
            0.2627096694155518,
            0.04086984257572492,
            0.11433513708513705,
            0.07544100997042173,
            0.07554910857116738
        ],
        [
            0.023556277056277056,
            0.09876536208889149,
            0.02827195027195027,
            0.03953679653679653,
            0.1381524668142315,
            0.37038932799226915,
            0.06523251748251747,
            0.10789565989565991,
            0.08438495654672123,
            0.04381468531468531
        ],
        [
            0.08886187423687422,
            0.11113455988455989,
            0.06511905822935234,
            0.19624752698282102,
            0.05648174456262692,
            0.057563714063714064,
            0.21545697358197363,
            0.023335710041592392,
            0.12216472416472417,
            0.0636341142517613
        ],
        [
            0.01713888888888889,
            0.05824676385705797,
            0.38161825592707954,
            0.019353535353535355,
            0.2545313297813298,
            0.05427980352980352,
            0.07356425927014162,
            0.09435887723387722,
            0.007191197691197692,
            0.03971708846708846
        ],
        [
            0.03160314685314685,
            0.04556808469308469,
            0.11640349927849929,
            0.03606439393939394,
            0.1018023365523365,
            0.3981934209581267,
            0.010949346405228757,
            0.093576865944513,
            0.08599179415355886,
            0.0798471112221112
        ],
        [
            0.34251885395306453,
            0.00868215994531784,
            0.06709768009768009,
            0.04122222222222223,
            0.14864343843291208,
            0.05540270840270838,
            0.010184884559884559,
            0.1546193528693529,
            0.0525858395989975,
            0.1190428599178599
        ],
        [
            0.039511495040906806,
            0.46085025676937447,
            0.0417312826062826,
            0.05582215007215007,
            0.09821979409479407,
            0.05524145299145298,
            0.12014477924036746,
            0.031634213009213014,
            0.037075067905950256,
            0.059769508269508276
        ],
        [
            0.03627573243749715,
            0.0635741284858932,
            0.04128515928515928,
            0.1272388665256312,
            0.12499850557938792,
            0.056237918943801285,
            0.28179606504606514,
            0.05320473970473969,
            0.042325720031602385,
            0.17306316396022278
        ],
        [
            0.06553706235285184,
            0.08524729437229438,
            0.10555806182121973,
            0.02544660894660895,
            0.0580988455988456,
            0.049435786435786444,
            0.041102994227994225,
            0.03274242424242424,
            0.03718470418470418,
            0.4996462178172704
        ],
        [
            0.053924603174603174,
            0.03499542124542125,
            0.14205790043290045,
            0.0281025641025641,
            0.2806683455433456,
            0.05302987290487289,
            0.01467857142857143,
            0.3328806332556333,
            0.011305555555555555,
            0.04835653235653236
        ],
        [
            0.025719516594516593,
            0.082732017982018,
            0.3209542521462025,
            0.019437229437229434,
            0.14861401111788106,
            0.08685986235986237,
            0.18626451326451324,
            0.06592370310288265,
            0.00455988455988456,
            0.058935009435009435
        ],
        [
            0.2794097247781458,
            0.015474927849927848,
            0.022155844155844154,
            0.12878550616050613,
            0.06546031746031745,
            0.0877200577200577,
            0.06300985125985126,
            0.059220640470640476,
            0.24342274830432728,
            0.035340381840381845
        ],
        [
            0.10450996225996226,
            0.0548380785880786,
            0.03299023199023199,
            0.20732636807636806,
            0.048049663571722384,
            0.07456842014194956,
            0.04072952047952048,
            0.03382516095016095,
            0.3423446692196691,
            0.0608179247223365
        ],
        [
            0.11464084526584525,
            0.08238295038295038,
            0.023363247863247866,
            0.10034518259518262,
            0.03051660327976117,
            0.04977661227661228,
            0.043223956598956594,
            0.08548956964088543,
            0.20367911255411253,
            0.2665819195424459
        ],
        [
            0.026111111111111113,
            0.050095959595959604,
            0.09966587579087578,
            0.021253260628260627,
            0.26963894438894426,
            0.019269841269841274,
            0.014416666666666668,
            0.36616554279054264,
            0.03498286435786436,
            0.09839993339993339
        ],
        [
            0.5099551461610284,
            0.06040699006875477,
            0.010115440115440117,
            0.07192629592629592,
            0.012246753246753249,
            0.05517624042624043,
            0.029146367521367525,
            0.013927960927960926,
            0.15104347205082502,
            0.08605533355533357
        ],
        [
            0.12071076146076144,
            0.07686183261183262,
            0.06989349539349539,
            0.12860062160062158,
            0.03293795093795094,
            0.21844640082140082,
            0.03474451936951937,
            0.014881216006216004,
            0.1929659090909091,
            0.1099572927072927
        ],
        [
            0.06533574758574759,
            0.024877095127095128,
            0.022761904761904764,
            0.09081338106338106,
            0.02286183261183261,
            0.3942773615273616,
            0.04305128205128205,
            0.012836691086691087,
            0.22864527139527138,
            0.09453943278943278
        ],
        [
            0.03199819624819625,
            0.12746194083694085,
            0.05239091464091464,
            0.05589411976911976,
            0.10673837273837272,
            0.040180486180486176,
            0.44978639416139415,
            0.02397039072039072,
            0.003159090909090909,
            0.10842009379509378
        ],
        [
            0.06278719319895788,
            0.39604709342944633,
            0.038568181818181814,
            0.08057190032190033,
            0.0784838356088356,
            0.07475631313131313,
            0.09598334998334997,
            0.042458624708624694,
            0.06752687590187591,
            0.06281663189751426
        ],
        [
            0.03717650186071239,
            0.060752901295470944,
            0.12800502928444105,
            0.029906262854792264,
            0.19123196510232113,
            0.05095818886995357,
            0.0539559541765424,
            0.1573612718980366,
            0.03904890431206221,
            0.2516030203456674
        ],
        [
            0.010038461538461538,
            0.006675324675324675,
            0.11064006663271371,
            0.005752747252747253,
            0.18732822732822732,
            0.04959851096615801,
            0.012575757575757575,
            0.5053543849940909,
            0.027881895881895883,
            0.08415462315462313
        ],
        [
            0.007305555555555555,
            0.0329576697811992,
            0.03655128205128206,
            0.017936979686979684,
            0.3350850840336135,
            0.05611678517560871,
            0.03000703463203463,
            0.4257357936181467,
            0.026014132925897635,
            0.03228968253968254
        ],
        [
            0.03563636363636364,
            0.09061519036519032,
            0.08964646464646464,
            0.035759358288770055,
            0.08690054390054389,
            0.16325003101473684,
            0.08150371850371849,
            0.05649494949494948,
            0.10522254542842775,
            0.2549708347208346
        ],
        [
            0.03780735930735931,
            0.0456966921966922,
            0.10812809412809415,
            0.04330541680541681,
            0.2678691031191031,
            0.06273737373737372,
            0.04859498834498834,
            0.24641747141747136,
            0.04095559995559996,
            0.09848790098790097
        ],
        [
            0.031585643888275464,
            0.06263068364384154,
            0.03858308358308358,
            0.01632813458471353,
            0.0272002997002997,
            0.6193907379170536,
            0.0420013875013875,
            0.02559102009102009,
            0.051302437328753114,
            0.08538657176157177
        ],
        [
            0.1134780081030081,
            0.027945110445110447,
            0.05047284659784659,
            0.11538636363636359,
            0.10239774114774117,
            0.024712454212454212,
            0.022832833832833833,
            0.11805286380286378,
            0.37069653957153975,
            0.05402523865023865
        ],
        [
            0.21789968364968362,
            0.09053987678987678,
            0.07132195582195582,
            0.1354635364635364,
            0.04661926961926963,
            0.03237745587745588,
            0.19093878343878345,
            0.012723776223776224,
            0.14161510711510708,
            0.06050055500055498
        ],
        [
            0.0922919719169719,
            0.13650468975468974,
            0.02060750360750361,
            0.2284822440631264,
            0.03151262626262626,
            0.09152161727161723,
            0.06524470953882719,
            0.02974242424242424,
            0.16761417748917742,
            0.13647803585303586
        ],
        [
            0.14794457297088873,
            0.12351205738705735,
            0.12710999784529195,
            0.1861796051385835,
            0.014610823816706168,
            0.10871145521145521,
            0.15306486568986563,
            0.012113487819370172,
            0.09332226107226108,
            0.03343087304852011
        ],
        [
            0.07610019512651092,
            0.4261349900099902,
            0.04467503574856517,
            0.1934578301815144,
            0.04213562254738725,
            0.009995726495726496,
            0.09208420745920748,
            0.033244203508909394,
            0.046086913086913095,
            0.036085275835275835
        ],
        [
            0.10488863256626411,
            0.1657881234262813,
            0.045224678099678096,
            0.08907752408410304,
            0.07009920634920634,
            0.07388550703682281,
            0.11786233211233207,
            0.024489177489177484,
            0.15433290685922263,
            0.15435191197691198
        ],
        [
            0.05796371112547583,
            0.1396813088871912,
            0.1613523967862203,
            0.09966665279165278,
            0.039439328645211005,
            0.1543066998361116,
            0.07218210874093227,
            0.04396605600282071,
            0.10591664299752533,
            0.12552509418685887
        ],
        [
            0.17744820947026824,
            0.06521755858520566,
            0.030499108734402855,
            0.08842321077615195,
            0.02426486422074657,
            0.06234382284382283,
            0.032621336996337,
            0.03136973157561393,
            0.4071584232760702,
            0.08065373352138058
        ],
        [
            0.18791269841269836,
            0.07349289599289598,
            0.06847763347763348,
            0.15677064602064605,
            0.020179653679653676,
            0.074752886002886,
            0.08099703074703075,
            0.011893939393939394,
            0.16293820068820064,
            0.1625844155844156
        ],
        [
            0.0635355339105339,
            0.07385461760461759,
            0.09023263256351491,
            0.04053841991341991,
            0.17769944597885773,
            0.10465909090909092,
            0.018972222222222224,
            0.17057049894549892,
            0.07943303918303916,
            0.18050449876920463
        ],
        [
            0.14414871239871233,
            0.0858476800976801,
            0.10365737040737041,
            0.0838816045066045,
            0.10140329991645779,
            0.053510101010101015,
            0.08186187423687423,
            0.07867575845207422,
            0.1383404095904096,
            0.1286731893837157
        ],
        [
            0.015664183039183033,
            0.1080072288822289,
            0.10637062937062938,
            0.02273326673326673,
            0.24380494505494507,
            0.08385010822510823,
            0.01365811965811966,
            0.22184977522477517,
            0.015806027306027304,
            0.1682557165057165
        ],
        [
            0.03220100161276632,
            0.06555664188752423,
            0.14104432495608965,
            0.05431568431568432,
            0.08766353091353091,
            0.07918284493284494,
            0.047286037491919834,
            0.10022235770765184,
            0.1339217392085039,
            0.258605836973484
        ],
        [
            0.124775086025086,
            0.08696256521256521,
            0.09481996731338835,
            0.08260615773115773,
            0.12704317101027626,
            0.1096937229437229,
            0.07654395604395604,
            0.13640513506960875,
            0.1022384004884005,
            0.058911838161838155
        ],
        [
            0.05103088578088578,
            0.07276190476190475,
            0.1407239982239982,
            0.019566502941502945,
            0.1582199635160161,
            0.07050051337551336,
            0.0031111111111111114,
            0.25235160891739844,
            0.050198227211385095,
            0.1815352841602842
        ],
        [
            0.0020535714285714285,
            0.02079076479076479,
            0.17374119834413954,
            0.010213675213675213,
            0.303588666235725,
            0.021726551226551226,
            0.028022727272727272,
            0.4049632728382728,
            0.013080128205128203,
            0.021819444444444443
        ],
        [
            0.07591014541014542,
            0.1553837135087135,
            0.08539216175980884,
            0.06623593073593075,
            0.12347870675076555,
            0.0783317940229705,
            0.2251040626040626,
            0.09657558046528633,
            0.033573232323232324,
            0.06001467241908418
        ],
        [
            0.2381304259466024,
            0.020386215092097447,
            0.04596031746031746,
            0.10146522758287464,
            0.0583628454878455,
            0.0434554367201426,
            0.11003478874067107,
            0.09184248921013624,
            0.2297960560681149,
            0.06056619769119769
        ],
        [
            0.0376697909933204,
            0.4371344880609586,
            0.038102813852813854,
            0.05947782772782772,
            0.0266985236985237,
            0.030910062160062157,
            0.20681887556887557,
            0.012880341880341881,
            0.005333333333333333,
            0.14497394272394273
        ],
        [
            0.005472222222222223,
            0.04170634920634921,
            0.07786764989396568,
            0.0060231990231990225,
            0.2288968261270892,
            0.021238095238095236,
            0.01075,
            0.5726599745283956,
            0.008344017094017095,
            0.027041666666666672
        ],
        [
            0.07802083292524467,
            0.058766573295985045,
            0.05322150072150073,
            0.11355948218448217,
            0.05951461038961039,
            0.05327912447030094,
            0.06177656820303879,
            0.025541597291597294,
            0.3491478823464118,
            0.14717182817182817
        ],
        [
            0.02145421245421246,
            0.01387774725274725,
            0.15122323874955448,
            0.014113247863247863,
            0.26716858214884526,
            0.016353174603174602,
            0.05785744810744809,
            0.342514162007583,
            0.0677094017094017,
            0.047728785103785094
        ],
        [
            0.24972036297036296,
            0.059062326562326566,
            0.02251231774761187,
            0.15627920363949777,
            0.04971216691804927,
            0.021503108003108003,
            0.1579184149184149,
            0.04491049636637871,
            0.19109292096792097,
            0.04728868190632896
        ],
        [
            0.020424714174714174,
            0.06585435397935396,
            0.14596449710420298,
            0.022950937950937948,
            0.21945593540446484,
            0.09128679653679654,
            0.05560778926955397,
            0.3108914418914418,
            0.016118006993006993,
            0.05144552669552669
        ],
        [
            0.04304545454545455,
            0.0746628094128094,
            0.12353943278943276,
            0.02629040404040404,
            0.16031776556776556,
            0.179829698079698,
            0.039098956598956604,
            0.059140442890442874,
            0.10148254523254523,
            0.1925924908424908
        ],
        [
            0.08911086136086135,
            0.08963117438117435,
            0.117267153598036,
            0.09126262626262627,
            0.17622039724980895,
            0.04672059884559885,
            0.026337051837051838,
            0.20235608835608837,
            0.09682914307914309,
            0.0642649050296109
        ],
        [
            0.08038240925740926,
            0.08829002941502939,
            0.1128170301920302,
            0.1683597791097791,
            0.08208528971028971,
            0.028207070707070705,
            0.30541100566100576,
            0.05973781773781773,
            0.024575757575757574,
            0.05013381063381063
        ],
        [
            0.03673611111111111,
            0.026957070707070704,
            0.07525962925962927,
            0.03022222222222222,
            0.13532534132534133,
            0.031178932178932178,
            0.003492063492063492,
            0.5912832861582861,
            0.01298174048174048,
            0.05656360306360306
        ],
        [
            0.09850591805854964,
            0.0601774008155587,
            0.03144516594516594,
            0.2073088344404134,
            0.023123376623376622,
            0.09080461570593147,
            0.07399544899544899,
            0.04932215007215007,
            0.31021705049336623,
            0.055100038850038835
        ],
        [
            0.015115440115440115,
            0.030584526584526584,
            0.20029236041736037,
            0.019303932178932174,
            0.2467984180851827,
            0.016238566988566988,
            0.008963675213675214,
            0.3171296677179029,
            0.009082584082584081,
            0.13649082861582862
        ],
        [
            0.08574203574203575,
            0.09926351426351426,
            0.024455128205128206,
            0.1110653578447696,
            0.03369272394272394,
            0.24463897540368126,
            0.040194499944499945,
            0.04817721167721165,
            0.22664559460147696,
            0.08612495837495837
        ],
        [
            0.03556944444444445,
            0.047313963813963814,
            0.10139484126984127,
            0.03359534909534909,
            0.08127046401311105,
            0.11992142008318478,
            0.19328248467219056,
            0.014199494949494948,
            0.012853174603174602,
            0.3605993630552454
        ],
        [
            0.08044083694083697,
            0.10825685425685425,
            0.05475696525696525,
            0.07318275188863424,
            0.03996800421800423,
            0.11158744033744034,
            0.09897176026587791,
            0.035329725829725836,
            0.18714621489621489,
            0.21035944610944604
        ],
        [
            0.07401286213786214,
            0.1169515762015762,
            0.16230665168165168,
            0.061138583638583634,
            0.13816616716616714,
            0.044204184704184704,
            0.0337277861027861,
            0.28046170496170486,
            0.03932056832056832,
            0.04970991508491509
        ],
        [
            0.12767509124862064,
            0.1127429319046966,
            0.058648712398712395,
            0.0557239565989566,
            0.04098001998001998,
            0.0802626964538729,
            0.1025878051686875,
            0.07589668664668663,
            0.11046822458587163,
            0.23501387501387494
        ],
        [
            0.10757998288261446,
            0.08586618425434216,
            0.11884176934176935,
            0.08455035680693573,
            0.06842435342435343,
            0.18951761104392686,
            0.052489898989898996,
            0.020526320901320904,
            0.20765772093403673,
            0.06454580142080142
        ],
        [
            0.11960647685647684,
            0.11373414085914085,
            0.0749434176934177,
            0.15861918636918637,
            0.023345598845598847,
            0.04442027417027417,
            0.11706114718614719,
            0.021410714285714283,
            0.15271027583527588,
            0.17414876789876793
        ],
        [
            0.11676587301587302,
            0.12823629148629143,
            0.022314574314574315,
            0.2232240259740259,
            0.03848020035520036,
            0.06329279054279052,
            0.11464814352314347,
            0.01888972138972139,
            0.2319723332223332,
            0.04217604617604618
        ],
        [
            0.06462334887334886,
            0.07009185259185259,
            0.04037229437229437,
            0.13460381285381284,
            0.017705808080808082,
            0.09257509157509157,
            0.3736027167277167,
            0.005253968253968253,
            0.11437672050172053,
            0.08679438616938617
        ],
        [
            0.2853069985569985,
            0.10571399433899431,
            0.024387168387168385,
            0.3005785048285048,
            0.008309634809634809,
            0.024516788766788766,
            0.07643473193473194,
            0.007853396603396602,
            0.1140836247086247,
            0.05281515706515706
        ],
        [
            0.03590141802641802,
            0.04671149683649684,
            0.08626325308678247,
            0.029310703185703182,
            0.2599965839544013,
            0.11118296980796984,
            0.06907026307026308,
            0.23305463138512672,
            0.05532740359056148,
            0.07318127705627704
        ],
        [
            0.018795454545454546,
            0.06272266622266622,
            0.09620152070152069,
            0.08082828282828283,
            0.16598976023976023,
            0.30810506160506157,
            0.024388306138306143,
            0.11926404151404149,
            0.052163419913419905,
            0.07154148629148628
        ],
        [
            0.051978687978687974,
            0.06887673437673436,
            0.05707234432234433,
            0.06472727272727273,
            0.06703323065823065,
            0.3570438311688311,
            0.007975940725940725,
            0.12087734487734489,
            0.10609726384726383,
            0.09831734931734931
        ],
        [
            0.048218115218115226,
            0.01996887834387834,
            0.26300611888111886,
            0.024207070707070705,
            0.20860014985014977,
            0.17146009546009547,
            0.0016666666666666666,
            0.15576438838938841,
            0.0511745337995338,
            0.05593398268398268
        ],
        [
            0.14237778887778887,
            0.06982656232656233,
            0.12262626262626262,
            0.11300326470914705,
            0.017206099456099456,
            0.10435650460650459,
            0.042843582887700536,
            0.03158954933954934,
            0.2811783216783217,
            0.07499206349206348
        ],
        [
            0.08096572871572871,
            0.15181216006216006,
            0.12075439837939837,
            0.08573756798756799,
            0.13065675092880974,
            0.04629089211442153,
            0.021853535353535354,
            0.07759468309468309,
            0.12206576756576755,
            0.16226851579792753
        ],
        [
            0.008473776223776224,
            0.14227559940059942,
            0.16716729104229103,
            0.019877344877344875,
            0.09193509268509269,
            0.1016330613830614,
            0.1590198135198135,
            0.07577583527583527,
            0.025706099456099456,
            0.20813608613608614
        ],
        [
            0.33955587833219414,
            0.13659926184926183,
            0.054994047619047616,
            0.12687861772730194,
            0.03526868964368965,
            0.08648556998556996,
            0.06051731601731602,
            0.026363636363636363,
            0.08916219891219888,
            0.04417478354978354
        ],
        [
            0.10163735284323519,
            0.04468300571977042,
            0.09085599123099124,
            0.12267639305139301,
            0.03035975135975136,
            0.07720573870573871,
            0.03988383838383839,
            0.023602564102564106,
            0.4053673287496817,
            0.06372803585303584
        ],
        [
            0.03677579146000199,
            0.06106993883309672,
            0.06320723965576906,
            0.0352192945942946,
            0.2054308005805683,
            0.05854752600340836,
            0.012079476079476077,
            0.473828681938976,
            0.004988978127136022,
            0.04885227272727272
        ],
        [
            0.036412087912087915,
            0.12313036963036962,
            0.08601892388657094,
            0.041512987012987015,
            0.13074357423622127,
            0.11839137251637251,
            0.225646067168126,
            0.05934848484848485,
            0.028678071928071928,
            0.15011806086070792
        ],
        [
            0.09473809523809523,
            0.0339813936063936,
            0.09615177877677877,
            0.11096771284271283,
            0.10567930680430679,
            0.02646825396825397,
            0.24914851814851816,
            0.10249531024531022,
            0.0320297619047619,
            0.1483398684648685
        ],
        [
            0.3109457939721097,
            0.039206807081807085,
            0.005173992673992673,
            0.2784418527379053,
            0.007392246642246641,
            0.007243867243867243,
            0.01191219891219891,
            0.012758658008658007,
            0.258591249393881,
            0.06833333333333332
        ],
        [
            0.21236428848928846,
            0.11631537906537907,
            0.01961976911976912,
            0.10350993450993454,
            0.04636130536130536,
            0.02544502719502719,
            0.12624236874236872,
            0.08757002719502718,
            0.13281060606060605,
            0.12976129426129426
        ],
        [
            0.05791652791652791,
            0.16780558330558332,
            0.04360741872506579,
            0.05895609945609946,
            0.0124993894993895,
            0.14862898212898215,
            0.20112884501119793,
            0.017353535353535354,
            0.07957620157620156,
            0.212527417027417
        ],
        [
            0.08343359418359418,
            0.1001052142302142,
            0.1450544733044733,
            0.2585503385503385,
            0.042838023088023085,
            0.07730194805194804,
            0.042599206349206345,
            0.03386591186591187,
            0.18437094849594848,
            0.03188034188034188
        ],
        [
            0.17244705294705287,
            0.09033089133089131,
            0.020332722832722833,
            0.18116602841602839,
            0.03282661782661783,
            0.056963980463980456,
            0.07557720057720058,
            0.09776776001776001,
            0.2064741924741924,
            0.0661135531135531
        ],
        [
            0.36584409244006766,
            0.08196504372820161,
            0.06124216061716062,
            0.03265758261346497,
            0.044853930555168946,
            0.1326068931068931,
            0.07591648629148628,
            0.015333805083805083,
