{
    "accuracy": 0.435,
    "classification_report": "              precision    recall  f1-score   support\n\n           0       0.50      0.25      0.33        20\n           1       0.78      0.35      0.48        20\n           2       0.50      0.65      0.57        20\n           3       0.50      0.25      0.33        20\n           4       0.88      0.35      0.50        20\n           5       0.41      0.60      0.49        20\n           6       0.42      0.70      0.53        20\n           7       1.00      0.45      0.62        20\n           8       0.22      0.60      0.32        20\n           9       0.27      0.15      0.19        20\n\n    accuracy                           0.43       200\n   macro avg       0.55      0.43      0.44       200\nweighted avg       0.55      0.43      0.44       200\n",
    "y_score": [
        [
            0.028718422925668226,
            0.046063613527514716,
            0.07439645504812417,
            0.05930285680883876,
            0.06759931838283686,
            0.21411523299816518,
            0.010662502981381855,
            0.139067417396118,
            0.24154376004390973,
            0.11853041988744235
        ],
        [
            0.07753051750254225,
            0.10612776735834595,
            0.074767787538149,
            0.03774113312827601,
            0.2135672660247989,
            0.058482635889086254,
            0.03658976125470472,
            0.02575234778434443,
            0.02183625062712333,
            0.34760453289262894
        ],
        [
            0.05377572521037352,
            0.06594908853895226,
            0.025624600991100442,
            0.05038328598842199,
            0.08606260134877712,
            0.16964714939363063,
            0.010477242223807838,
            0.08276278848683881,
            0.2833883554072739,
            0.17192916241082365
        ],
        [
            0.01979669728919882,
            0.04141375340429466,
            0.04507920912723342,
            0.01962047277595532,
            0.10963786165070502,
            0.4513166695055153,
            0.008676528032229833,
            0.03636246442114536,
            0.10435909255285906,
            0.16373725124086347
        ],
        [
            0.05671070745047967,
            0.06686672226891102,
            0.10421523289929076,
            0.16898347274123757,
            0.047832449715040894,
            0.07162634938095484,
            0.009656886071435498,
            0.15863062012332482,
            0.2641814415791922,
            0.051296117770133286
        ],
        [
            0.02560379758218435,
            0.0444980373112904,
            0.01961967770139817,
            0.08920751545768454,
            0.07412918939204359,
            0.00860558874946363,
            0.661019394964662,
            0.011686184165054424,
            0.008970926098938611,
            0.0566596885772811
        ],
        [
            0.024596576297335086,
            0.04390755053198802,
            0.11848779991898323,
            0.04094075922832448,
            0.08549796504451393,
            0.20731842821338864,
            0.011189299453680721,
            0.13962743863811888,
            0.18720565861798658,
            0.14122852405568093
        ],
        [
            0.012208592087376891,
            0.02578416819022225,
            0.5773962816347585,
            0.0274663771870106,
            0.09818585193773768,
            0.04512791786888134,
            0.010928670516762683,
            0.11219596045147778,
            0.025167421088968443,
            0.06553875903680342
        ],
        [
            0.03360036212983298,
            0.06400578298029272,
            0.14216029300571772,
            0.051134011863342044,
            0.44596617295427393,
            0.02967285683439959,
            0.05088161969118257,
            0.05678916341816989,
            0.013509743846033285,
            0.11227999327675513
        ],
        [
            0.07884616939319267,
            0.05801636373167872,
            0.0825125117864972,
            0.08301938552461832,
            0.061854199034785125,
            0.4914833620678763,
            0.022721197813043277,
            0.015889565775267817,
            0.04085877544296447,
            0.06479846943007511
        ],
        [
            0.22658520643071894,
            0.14115073519111104,
            0.014155643483655111,
            0.27798539117014676,
            0.08630946340989167,
            0.013735996785905539,
            0.16936825495429217,
            0.01208510475058104,
            0.01681963547080203,
            0.041804568352895276
        ],
        [
            0.07856844933188543,
            0.14715207153558849,
            0.037183002419892405,
            0.10267503900144759,
            0.2680391248960816,
            0.04341710725640291,
            0.11872617347236185,
            0.02839430083983542,
            0.028624061888903117,
            0.14722066935760114
        ],
        [
            0.12825376224867216,
            0.06727223894856368,
            0.01990780317445024,
            0.15558617557027266,
            0.04404152859309509,
            0.05164829970522973,
            0.00853027513777825,
            0.10333015779966316,
            0.35773005177338296,
            0.06369970704889219
        ],
        [
            0.1545296564305896,
            0.05494108125754896,
            0.010735329870704535,
            0.11430827873947429,
            0.0771356533664382,
            0.04265486014758392,
            0.010068732325992695,
            0.031853599285552564,
            0.3377196126518034,
            0.1660531959243121
        ],
        [
            0.09668496973040892,
            0.20362144407221516,
            0.03423947377347882,
            0.18215838755712763,
            0.09077035879699068,
            0.032590508911975805,
            0.031660161092407164,
            0.019963467631863286,
            0.01732474870777073,
            0.29098647972576136
        ],
        [
            0.03062646843317356,
            0.057397339584389605,
            0.023220222855741074,
            0.1531942325889256,
            0.04958248277087768,
            0.008336697421110824,
            0.6140105731361599,
            0.009076059296151488,
            0.011543742889752654,
            0.04301218102371723
        ],
        [
            0.03443206036487998,
            0.055375109517911476,
            0.04161764998147282,
            0.04521788397761968,
            0.06815951724096862,
            0.25102461245600316,
            0.009447934027461425,
            0.07150552673209827,
            0.2660302150753689,
            0.15718949062621596
        ],
        [
            0.10710924280894425,
            0.12058150368701356,
            0.027944808942733896,
            0.14356720613984889,
            0.0786479189379,
            0.28800790145028,
            0.02102302954679747,
            0.03232094314015868,
            0.07363483316070699,
            0.10716261218561582
        ],
        [
            0.17196083042035254,
            0.061144238068052637,
            0.009723118951690894,
            0.14401628175961295,
            0.049169618969628376,
            0.049659990353013314,
            0.00862257757551999,
            0.050563518470530436,
            0.3561112819647829,
            0.0990285434668161
        ],
        [
            0.026693751901055152,
            0.11970166811559953,
            0.11985163780804824,
            0.047733433307170114,
            0.03694447762517418,
            0.010676027516130912,
            0.562536256320353,
            0.014260133556982841,
            0.014895029971232142,
            0.0467075838782542
        ],
        [
            0.014207915364675345,
            0.025779242763386546,
            0.538511804744933,
            0.04073319554931222,
            0.07218109865664964,
            0.054663085100539514,
            0.010027368546956196,
            0.13762261114819635,
            0.04753923045666374,
            0.05873444766868733
        ],
        [
            0.19272675973352096,
            0.1381391666629226,
            0.013560619367592166,
            0.14791743470693605,
            0.16978921091838295,
            0.020466006064334505,
            0.23164709889350754,
            0.012723415103027286,
            0.013655894879396616,
            0.0593743936703796
        ],
        [
            0.09881140130597653,
            0.23914288436486358,
            0.03344516823483649,
            0.4568529741806321,
            0.03903232814746082,
            0.011730574957697642,
            0.02246278923318193,
            0.017325903645101608,
            0.014801292920015958,
            0.06639468301023317
        ],
        [
            0.03104521749902049,
            0.07507527700015146,
            0.558477226858063,
            0.014118558048945936,
            0.07911258650937338,
            0.02062737647028704,
            0.0563674618227641,
            0.018100011942786855,
            0.014322157627281978,
            0.132754126221326
        ],
        [
            0.674884278097349,
            0.05728973784888757,
            0.006255415160977214,
            0.1263579968992986,
            0.04493927710779967,
            0.01175689073087222,
            0.017170438436557623,
            0.010287200544776042,
            0.021935562080597805,
            0.029123203092884457
        ],
        [
            0.06080658671825677,
            0.5425090286846946,
            0.04854979286935479,
            0.09207118034251467,
            0.0873329392795111,
            0.016790628249464267,
            0.05801208167232678,
            0.026895097286415138,
            0.019553975405145398,
            0.04747868949231647
        ],
        [
            0.10045880767039095,
            0.05107077085522772,
            0.02973632103468615,
            0.11329465185384163,
            0.05752962793714225,
            0.07795261574961719,
            0.008306929571290252,
            0.11455143116661759,
            0.37983579494681613,
            0.06726304921437014
        ],
        [
            0.15149784445171743,
            0.13396585801028313,
            0.018223502345558553,
            0.1761871413271886,
            0.06979707204261285,
            0.19261649461833757,
            0.019769967225167377,
            0.024823344583058914,
            0.07822479281665928,
            0.13489398257941634
        ],
        [
            0.07149017063230245,
            0.060598828749871776,
            0.03651176291648661,
            0.10710070588101119,
            0.05580705412041835,
            0.13670043856723527,
            0.009687166966077002,
            0.13390817376886088,
            0.3030379074653917,
            0.08515779093234546
        ],
        [
            0.02075383973645798,
            0.04428251857092403,
            0.13540358083346968,
            0.04378641619728471,
            0.07293737179019949,
            0.29693564749248375,
            0.010173194714160581,
            0.1303794505849057,
            0.13553584495220086,
            0.10981213512791378
        ],
        [
            0.02556738917492941,
            0.053716302574923734,
            0.02818155331604152,
            0.11938063784898148,
            0.05193398315511333,
            0.008477184765468137,
            0.6524100642154943,
            0.010795257395170009,
            0.010512978160058873,
            0.03902464939381985
        ],
        [
            0.0270583986428828,
            0.06786999483756137,
            0.5748506573631716,
            0.02475570252167925,
            0.1110990967309146,
            0.017859982856557946,
            0.05674650799445615,
            0.028786095027541692,
            0.010187337921385022,
            0.08078622610384995
        ],
        [
            0.018964736606961158,
            0.03481631315825206,
            0.4115532713230814,
            0.03729075055625239,
            0.12941294425389505,
            0.10377639509218424,
            0.013546780274174122,
            0.09056071873007543,
            0.030753607307414273,
            0.12932448269770985
        ],
        [
            0.5573369204268038,
            0.06023910468531818,
            0.04612594690544842,
            0.07289720514570786,
            0.11963289312578373,
            0.020869540542517318,
            0.036219450099549924,
            0.019920438844626794,
            0.01604144373139048,
            0.05071705649285323
        ],
        [
            0.09398732071751602,
            0.5817148261894147,
            0.04851216041763889,
            0.027475292620389658,
            0.08101684261212608,
            0.04664583252648869,
            0.015542470939314108,
            0.016839867239219004,
            0.024407181875284727,
            0.06385820486260858
        ],
        [
            0.036953211480216075,
            0.06714195569467996,
            0.014485944013126287,
            0.12347753891983838,
            0.09039926723773976,
            0.011902916671715188,
            0.5640706950818917,
            0.010709199822305221,
            0.01155048451474354,
            0.06930878656374383
        ],
        [
            0.015268175107361462,
            0.046491072212157154,
            0.04563734513075026,
            0.0181875951495402,
            0.11270358913634503,
            0.013667090841095618,
            0.3666508872107317,
            0.010064631704805076,
            0.014613714684563489,
            0.3567158988226501
        ],
        [
            0.04850222801806117,
            0.05213976449647905,
            0.10869416138353152,
            0.08996457945536887,
            0.07005572374545246,
            0.05270567539931802,
            0.007835993797855483,
            0.32501788120028946,
            0.1985194935888692,
            0.046564498914776015
        ],
        [
            0.01759543155022708,
            0.07499988517980669,
            0.4995872588854894,
            0.02292494388066167,
            0.05191241409604263,
            0.011656930502633906,
            0.24589652146616137,
            0.01709279746394547,
            0.009482460988556716,
            0.04885135598647504
        ],
        [
            0.5634038265035574,
            0.0889139240574466,
            0.006883684954555008,
            0.1942098609265258,
            0.053206013404894184,
            0.011086386307889624,
            0.016700314325413777,
            0.008934118883025723,
            0.02227492045946948,
            0.03438695017722231
        ],
        [
            0.035752828933709915,
            0.04915156555098996,
            0.08784628628764106,
            0.11118927701853966,
            0.07307463888365169,
            0.1214558008529648,
            0.0098345400688561,
            0.15456209804103338,
            0.2655925682191128,
            0.09154039614350025
        ],
        [
            0.20952451445581582,
            0.06317667436449183,
            0.010507856406996342,
            0.1644389345752051,
            0.05584261998594909,
            0.030309579938348086,
            0.010304305600609945,
            0.04169339589667568,
            0.31320004462521334,
            0.10100207415069444
        ],
        [
            0.07892455785093891,
            0.06112352762920017,
            0.035105284813519134,
            0.142014064083157,
            0.06591841889905585,
            0.05031377626699365,
            0.0068943778897570945,
            0.2585100552008336,
            0.25389259060822894,
            0.047303346758315996
        ],
        [
            0.21946943009888778,
            0.057924837494119516,
            0.016322164847235737,
            0.11024878548485666,
            0.04355301384560374,
            0.07629307176665276,
            0.007570159802554174,
            0.06964973664237102,
            0.3174883995007529,
            0.08148040051696519
        ],
        [
            0.04729776749594452,
            0.06086241219255497,
            0.024233241132500027,
            0.07671498307889094,
            0.05808805236117552,
            0.2271649684450146,
            0.008837020365880058,
            0.08123157628672532,
            0.2971342552482929,
            0.11843572339302176
        ],
        [
            0.03268033139097253,
            0.04120288158611069,
            0.04951699046794497,
            0.05333943455578649,
            0.05428582157661395,
            0.31711725518384154,
            0.009276389228408545,
            0.10097788710483376,
            0.2523720231482156,
            0.08923098575727187
        ],
        [
            0.017650888464269453,
            0.04470237604520389,
            0.03785293141608692,
            0.056409729356036976,
            0.09792074198777377,
            0.011209578081993151,
            0.6401223127928559,
            0.011657315335687847,
            0.008609471302013729,
            0.07386465521807845
        ],
        [
            0.06743725121730368,
            0.5625389988075653,
            0.0315773777133169,
            0.10133127339095972,
            0.07576697845497415,
            0.018347725865491715,
            0.050391994426671305,
            0.022874534429648596,
            0.022362708008728322,
            0.04737115768534063
        ],
        [
            0.016502220019821035,
            0.04200321892322047,
            0.06622202232599848,
            0.022999821443254007,
            0.17717701466409183,
            0.012717979774233926,
            0.3013448066836622,
            0.016182380751635812,
            0.013594541663095006,
            0.3312559937509875
        ],
        [
            0.02252822277503948,
            0.04137905584615275,
            0.052685521018778464,
            0.033994837896098015,
            0.11043918027051067,
            0.012743434754980132,
            0.03536891663788451,
            0.6409522998722637,
            0.009386804534841428,
            0.04052172639345119
        ],
        [
            0.04019276349685688,
            0.07822277437691419,
            0.07964787867260878,
            0.034950442748706456,
            0.3881137321647082,
            0.04002817924822121,
            0.08269181318007789,
            0.03446897081869865,
            0.018273439449849174,
            0.20341000584335886
        ],
        [
            0.01909498908353201,
            0.03433212122996892,
            0.39273533455597154,
            0.044913197108192034,
            0.07549121028972705,
            0.0945306214606535,
            0.014850817883616549,
            0.1448756929012127,
            0.08375181261726156,
            0.09542420286986432
        ],
        [
            0.032123964270048676,
            0.06552542119867798,
            0.1312182306448327,
            0.05765134977381133,
            0.45860128808485207,
            0.024958351863504123,
            0.0668590415870799,
            0.055052612486066466,
            0.012536323863246948,
            0.09547341622787985
        ],
        [
            0.05240951011918333,
            0.06443281729391545,
            0.03485720409692164,
            0.07218349818322416,
            0.05664738185460776,
            0.19458690325937406,
            0.008508067535857967,
            0.13896690911331847,
            0.27072668041739967,
            0.10668102812619688
        ],
        [
            0.11399525087841553,
            0.0478371053829468,
            0.01413929021700985,
            0.15602177292277983,
            0.04069108971416326,
            0.04899067377338549,
            0.0066142730408409005,
            0.07539004038450746,
            0.4363518440142766,
            0.059968659671674314
        ],
        [
            0.05085036198158749,
            0.08607975581521662,
            0.030248539849118936,
            0.10728123032168925,
            0.1545642066097958,
            0.015324273125985544,
            0.4685011222491816,
            0.011157939007884273,
            0.01308561719471902,
            0.06290695384482113
        ],
        [
            0.02618609249941267,
            0.04374417512229142,
            0.23846168861861242,
            0.10303980769288203,
            0.07384208780407517,
            0.11491309214487676,
            0.012468835657737003,
            0.12460568413766199,
            0.14207514589548773,
            0.1206633904269627
        ],
        [
            0.03412333604741456,
            0.1503668480964457,
            0.13833333828357708,
            0.06392595628086005,
            0.03893039322622284,
            0.012629807941527347,
            0.48329000068194744,
            0.016839594216595737,
            0.01876940834715164,
            0.04279131687825803
        ],
        [
            0.09858865024378378,
            0.15744546170625331,
            0.014016577602778624,
            0.2774668679364819,
            0.07339444285514192,
            0.012408429720070627,
            0.2814242306858019,
            0.012399464303221792,
            0.017375982646478768,
            0.05547989229998737
        ],
        [
            0.09690928844274442,
            0.06428078892715858,
            0.10883489875122028,
            0.14578537951402315,
            0.08197490188114157,
            0.33929137941887993,
            0.022666706870890424,
            0.020502812658694337,
            0.05258962382524046,
            0.06716421971000681
        ],
        [
            0.08220143933355163,
            0.0735512616233681,
            0.025470524530520518,
            0.09602939908288631,
            0.06649526996168491,
            0.12318607189090555,
            0.009913296010911933,
            0.08433973185661298,
            0.31681194681276165,
            0.12200105889679638
        ],
        [
            0.2120377754421437,
            0.05791120187391599,
            0.010849706444530517,
            0.15291259238282218,
            0.04858510093171858,
            0.04123618200573021,
            0.009275960730594222,
            0.04910207906955451,
            0.34583310920248106,
            0.07225629191650866
        ],
        [
            0.14087209679884882,
            0.0496077451651679,
            0.12136753294078886,
            0.051567071498215156,
            0.06618406594338838,
            0.4098430827785178,
            0.020553718678823777,
            0.013855761289463968,
            0.043406285744585237,
            0.08274263916220011
        ],
        [
            0.08742064338857601,
            0.06904567478245865,
            0.03319102319714753,
            0.13717110342507569,
            0.05017782208310594,
            0.07545774266149671,
            0.008411459708417467,
            0.16152156878391424,
            0.31007290596614384,
            0.06753005600366381
        ],
        [
            0.17855117367239332,
            0.06397593835356967,
            0.012907235160335666,
            0.1641551149425895,
            0.06424910980512244,
            0.03703952715464319,
            0.00869601388113512,
            0.05697367541108539,
            0.32577619727037616,
            0.08767601434874954
        ],
        [
            0.08428924535800073,
            0.12394658940279285,
            0.06385342665716151,
            0.02034317032476996,
            0.2512735341743187,
            0.05810156730595529,
            0.019632018373268775,
            0.019526143161852895,
            0.0602550393889395,
            0.2987792658529403
        ],
        [
            0.020770111203333885,
            0.04605705038055859,
            0.11066782508784992,
            0.04528342271041089,
            0.08263772402164365,
            0.19862305834333552,
            0.010433851205366168,
            0.15739233487435367,
            0.1613413314103539,
            0.1667932907627938
        ],
        [
            0.09772865743046785,
            0.058831223245926406,
            0.020692045838908813,
            0.10942865951269187,
            0.06171164017915813,
            0.11169226896785069,
            0.008655926549760712,
            0.09827295222038634,
            0.34630864386931054,
            0.08667798218553893
        ],
        [
            0.1293243284562018,
            0.07724236714305331,
            0.013980085385113899,
            0.1530546581954,
            0.06552890956781418,
            0.05303441571635894,
            0.008123577705127226,
            0.08760563085091536,
            0.3141567577829362,
            0.09794926919707965
        ],
        [
            0.009289377413410778,
            0.019780786115933556,
            0.47286076305014313,
            0.019648847049183,
            0.09542376141390611,
            0.03791490412079832,
            0.008082981992800173,
            0.25169203432691606,
            0.04137421384886134,
            0.04393233066804765
        ],
        [
            0.03859497936384967,
            0.08767648782812298,
            0.02522113677310412,
            0.09078283089947235,
            0.1332587379371257,
            0.013749179625753564,
            0.533993004268647,
            0.012066839016425291,
            0.009977837159352557,
            0.054678967128146884
        ],
        [
            0.12318008153578655,
            0.05181988056480574,
            0.011886512778437169,
            0.11269740463557454,
            0.055780907153462116,
            0.07350408590964756,
            0.009197246673096288,
            0.061249064107395564,
            0.40012723484503726,
            0.1005575817967576
        ],
        [
            0.04868174259390522,
            0.4891182495472696,
            0.06870270963362647,
            0.09281939977611776,
            0.10807472626487162,
            0.020648134597644367,
            0.06564351602112017,
            0.028440465752613112,
            0.01780359099956021,
            0.0600674648132716
        ],
        [
            0.06597535308541493,
            0.08441721894023307,
            0.015764614650118695,
            0.07865574809289352,
            0.09869368695592134,
            0.0128742627551493,
            0.02690010505226636,
            0.5674842317106376,
            0.01989626759356442,
            0.02933851116380098
        ],
        [
            0.02899072652949901,
            0.041181950722314384,
            0.24105372040061898,
            0.08906090182023117,
            0.0657688680173907,
            0.08092136930769166,
            0.011326868135527055,
            0.15276697015698462,
            0.20177971822623184,
            0.087148906683511
        ],
        [
            0.06842615115266476,
            0.04868194809056577,
            0.019931014379516585,
            0.04664639255884086,
            0.1232730810274028,
            0.1001809932843383,
            0.010955422391969461,
            0.11850988174916414,
            0.29265822388267,
            0.1707368914828671
        ],
        [
            0.4932271030592971,
            0.10914100431462145,
            0.005471225034211393,
            0.2564247487933996,
            0.04831114939381104,
            0.012305763056555487,
            0.023334825965150765,
            0.009986398204831975,
            0.01860755073804111,
            0.023190231440080433
        ],
        [
            0.02878116446190271,
            0.04301648844857075,
            0.15128396461821922,
            0.06949793253377988,
            0.07437371583258709,
            0.082641031059126,
            0.010329200337386317,
            0.33196740610442715,
            0.1507996608914942,
            0.05730943571250669
        ],
        [
            0.05009632169035593,
            0.05899080674178237,
            0.016390917010214435,
            0.04116040169547009,
            0.10961356189456557,
            0.13793633911737485,
            0.010465516507446303,
            0.06342328884564641,
            0.28182850254922526,
            0.23009434394791972
        ],
        [
            0.035543874357920786,
            0.04487243186940075,
            0.22362429475545556,
            0.12692642529297748,
            0.04785024529407638,
            0.03686355120423498,
            0.009771075054131778,
            0.3166601577207459,
            0.12752598356097242,
            0.03036196089008402
        ],
        [
            0.05900683502512449,
            0.08825000185904015,
            0.07520120155355652,
            0.29652285374024606,
            0.057347843932902154,
            0.014614178870816053,
            0.32308103475329125,
            0.016341100488672194,
            0.01593312249288029,
            0.05370182728347053
        ],
        [
            0.08380553344323614,
            0.08454854606204584,
            0.017439569323585796,
            0.08359780936974416,
            0.09019703887028646,
            0.015701918895979383,
            0.02921533280004757,
            0.5334584120674635,
            0.020355845249506302,
            0.041679993918104945
        ],
        [
            0.08965952233189076,
            0.0648313529394121,
            0.03308232246210074,
            0.1376759929257933,
            0.046512388232333536,
            0.07948369494073372,
            0.00844421703227046,
            0.13252549911587666,
            0.34876976269265114,
            0.059015247326937414
        ],
        [
            0.03541716387976254,
            0.06331829367947303,
            0.1484098738705542,
            0.05880719941973952,
            0.41653531424956736,
            0.020867248649247033,
            0.08123349604755184,
            0.05851318175256455,
            0.014848157136644842,
            0.10205007131489494
        ],
        [
            0.07072526942373515,
            0.0614597184571342,
            0.027369274928315472,
            0.11217371778914859,
            0.04741320025306607,
            0.1664308058512547,
            0.00876557652600062,
            0.11158226215554166,
            0.3111257772526874,
            0.08295439736311629
        ],
        [
            0.018635839167410385,
            0.0445848341371373,
            0.07178265519305141,
            0.0297745584495948,
            0.16778785501557514,
            0.016462085389008396,
            0.29865272603892284,
            0.014018582521476742,
            0.014117044179182924,
            0.3241838199086401
        ],
        [
            0.05037791886436938,
            0.06595924507323185,
            0.030180483298657006,
            0.09473717092145356,
            0.06606022781433593,
            0.14378998916347868,
            0.009704788046307564,
            0.1140687365633734,
            0.2890251462363334,
            0.1360962940184592
        ],
        [
            0.04424031160573367,
            0.07793523179198703,
            0.11366091353517072,
            0.0911009135364768,
            0.4271600451874145,
            0.019367895519911683,
            0.08428948453391104,
            0.06210975565224603,
            0.01671906608293093,
            0.06341638255421721
        ],
        [
            0.025821321944020512,
            0.06210051776921284,
            0.1025210145175763,
            0.041009956318147654,
            0.0751459662960767,
            0.20883918948092306,
            0.012076596769744792,
            0.13839994835567382,
            0.18798836094994514,
            0.14609712759867968
        ],
        [
            0.02244728165720047,
            0.04374678105356159,
            0.023002246688125644,
            0.01635983273785498,
            0.09562652773754188,
            0.4135285139364255,
            0.009746255737807961,
            0.03096191584372893,
            0.18610221408862604,
            0.15847843051912697
        ],
        [
            0.017884015030530033,
            0.07866525832832229,
            0.032162720571851246,
            0.061819119194023955,
            0.07037914745280638,
            0.011446221194451515,
            0.6107442029820016,
            0.010245693604253885,
            0.012670045009217772,
            0.0939835766325411
        ],
        [
            0.024593053208722238,
            0.05042922255358817,
            0.14596215546775929,
            0.05543024407630917,
            0.0858422099658847,
            0.23465087202621113,
            0.016136778464776073,
            0.08081693384867833,
            0.1539933021809647,
            0.15214522820710621
        ],
        [
            0.021030967206574682,
            0.04363131488624138,
            0.02929477243413798,
            0.08678148144430677,
            0.0608573860963506,
            0.010727665726298252,
            0.6836934479757569,
            0.010917387817770343,
            0.009972889226655932,
            0.04309268718590764
        ],
        [
            0.2592297612338851,
            0.14540276742888453,
            0.008823839285059781,
            0.4940822206399851,
            0.01488055449547499,
            0.01005616292040399,
            0.012624361314887375,
            0.012022133792662483,
            0.01740255154456262,
            0.025475647344193924
        ],
        [
            0.020692630084222917,
            0.07531366837047879,
            0.05593592031483932,
            0.06928480274879349,
            0.16416240272268984,
            0.011055549099045167,
            0.4708590277315925,
            0.021398305011219778,
            0.015237715188393968,
            0.09605997872872471
        ],
        [
            0.025865203505588196,
            0.09823001863528093,
            0.03081621933710675,
            0.0171502096578828,
            0.11356134235366672,
            0.47926790991501056,
            0.007204892534465288,
            0.027490649200169744,
            0.0593491834249159,
            0.14106437143591294
        ],
        [
            0.02551811308450904,
            0.0476721340350061,
            0.15343961079877122,
            0.0815412645484744,
            0.06184680804694317,
            0.2229529811434098,
            0.010802074772199645,
            0.15692726701691673,
            0.15053513024172524,
            0.08876461631204434
        ],
        [
            0.01862163856336511,
            0.04809210120482225,
            0.1551257412659418,
            0.01756983462850143,
            0.1440823324596089,
            0.3040217699907198,
            0.008499729376849879,
            0.04907177988935062,
            0.04817102161734366,
            0.20674405100349647
        ],
        [
            0.023024851071108254,
            0.04751409223780141,
            0.05576165774614753,
            0.02082412658780352,
            0.10954560497123449,
            0.4222430543302011,
            0.009343625856437561,
            0.035114004532686996,
            0.11231972170741408,
            0.1643092609591652
        ],
        [
            0.07167791132831455,
            0.061835222763674445,
            0.015872543838786984,
            0.07102960850771954,
            0.10277890846694378,
            0.10081329587300904,
            0.009242462106841083,
            0.06791245940606963,
            0.30567760620235035,
            0.19315998150629082
        ],
        [
            0.049665557276839356,
            0.14745709851752128,
            0.050679988110139206,
            0.019194305376994784,
            0.2321724121457113,
            0.039098406017668556,
            0.03410052368991768,
            0.020549986705815027,
            0.02685831601068195,
            0.3802234061487111
        ],
        [
            0.20354273039620535,
            0.444462113520283,
            0.046544040708484925,
            0.03453228434114592,
            0.09104539812776315,
            0.04510163704101875,
            0.019696406427312574,
            0.018573146148394833,
            0.0249647838933558,
            0.07153745939603572
        ],
        [
            0.026044720179808484,
            0.0328951988763082,
            0.383658606452663,
            0.08114723648123333,
            0.06435482505672843,
            0.05254659421916455,
            0.01236129235335627,
            0.18214553155899874,
            0.12021841562942236,
            0.04462757919231671
        ],
        [
            0.036921822013931495,
            0.06622073992478038,
            0.022977220002170194,
            0.053300987582936235,
            0.08454694649391761,
            0.013473891863108869,
            0.030810173524446205,
            0.6504318694457215,
            0.012774450005937295,
            0.02854189914305035
        ],
        [
            0.04082866630459544,
            0.08137149630936273,
            0.05738186868550666,
            0.018895712082088154,
            0.1724436002724581,
            0.026377741854049327,
            0.12069651948951828,
            0.01365396545413025,
            0.036262713477333494,
            0.43208771607095786
        ],
        [
            0.12039691215586444,
            0.08871280143212419,
            0.015275408516909271,
            0.28862456634678374,
            0.09970632166348649,
            0.015386611744921818,
            0.2618520826022365,
            0.0148819590631251,
            0.021593699262979077,
            0.07356963721156973
        ],
        [
            0.37672877714134784,
            0.08039586772566946,
            0.005647159235312014,
            0.4394760747626333,
            0.017829228864915957,
            0.010287239869757877,
            0.010318177816833606,
            0.009716452379282634,
            0.02000347831516144,
            0.029597543889086215
        ],
        [
            0.27073503094377405,
            0.1478251934470625,
            0.010061818481946896,
            0.23884029792715983,
            0.12015477813610975,
            0.018421881039578057,
            0.1271984155101702,
            0.012704244187728109,
            0.015952977282274922,
            0.0381053630441955
        ],
        [
            0.01991572057754443,
            0.10365619660557854,
            0.033437022607051045,
            0.10017845125039489,
            0.05199028263289304,
            0.010329755145875317,
            0.6082202526753997,
            0.01114581709077839,
            0.013348866093399232,
            0.0477776353210853
        ],
        [
            0.04150235816868443,
            0.05412827424594982,
            0.11649759504716367,
            0.1965881349980857,
            0.04389162898886856,
            0.0879845315142266,
            0.01048044417380211,
            0.10937732605269328,
            0.2687326397175974,
            0.07081706709292816
        ],
        [
            0.09072348288253296,
            0.060972223104564134,
            0.020352639152551196,
            0.1878498916951108,
            0.03565246200838802,
            0.06616175491745942,
            0.0073802713717132885,
            0.11026435160361024,
            0.3468153731862663,
            0.07382755007780349
        ],
        [
            0.5244330801596704,
            0.10629835236045787,
            0.0788921747275985,
            0.03836239589075411,
            0.0684301390910367,
