{
    "accuracy": 0.4,
    "classification_report": "              precision    recall  f1-score   support\n\n           0       0.70      0.35      0.47        20\n           1       0.90      0.45      0.60        20\n           2       0.38      0.70      0.49        20\n           3       0.50      0.25      0.33        20\n           4       0.60      0.15      0.24        20\n           5       0.48      0.50      0.49        20\n           6       0.33      0.75      0.46        20\n           7       1.00      0.35      0.52        20\n           8       0.20      0.50      0.28        20\n           9       0.00      0.00      0.00        20\n\n    accuracy                           0.40       200\n   macro avg       0.51      0.40      0.39       200\nweighted avg       0.51      0.40      0.39       200\n",
    "y_score": [
        [
            0.030786790783736005,
            0.05547230892654189,
            0.12676833293664108,
            0.09386075012492419,
            0.09762877866054957,
            0.1898189194392161,
            0.017243124198785313,
            0.11966587678714187,
            0.16799922630398673,
            0.10075589183847734
        ],
        [
            0.08343551860920528,
            0.15676336307404196,
            0.07897158493968938,
            0.05615404977546769,
            0.2142020278356884,
            0.07898177871891118,
            0.04037953655855139,
            0.031914949552683085,
            0.03425248480881906,
            0.22494470612694195
        ],
        [
            0.048041258566887346,
            0.0773094427817319,
            0.03301411714073906,
            0.06945728076458985,
            0.1191549695346474,
            0.1948418392683492,
            0.008817282358890134,
            0.09068257780853153,
            0.22230769660859312,
            0.13637353516704087
        ],
        [
            0.018335376586133594,
            0.053792357902347834,
            0.08398364258024663,
            0.038350410650450494,
            0.14383481722486927,
            0.3349069069193396,
            0.010207884322922857,
            0.05871479100147412,
            0.09864324137811396,
            0.15923057143410177
        ],
        [
            0.046466042470272584,
            0.057222677427873486,
            0.12611418430463245,
            0.16028656848708162,
            0.06523345911871423,
            0.10205001667171798,
            0.010036658259098606,
            0.15236058166799707,
            0.227344857937277,
            0.05288495365533474
        ],
        [
            0.042501914107681935,
            0.07504723464513288,
            0.0466463563747667,
            0.10547723448305606,
            0.08759183544958404,
            0.02589061707238957,
            0.518068695091887,
            0.01846463641830115,
            0.01812330113762912,
            0.06218817521957117
        ],
        [
            0.028590354263254982,
            0.056327184563067,
            0.1478586974298774,
            0.08006860362919778,
            0.11396692507684708,
            0.187242987211943,
            0.021276616130968557,
            0.11188009913689202,
            0.13942693016101726,
            0.11336160239693477
        ],
        [
            0.006124047588490865,
            0.02030212987668434,
            0.461147696706356,
            0.034015305261318955,
            0.12395654317230002,
            0.09905395387103387,
            0.004053307202577301,
            0.11600255821048758,
            0.044414181654473806,
            0.09093027645627717
        ],
        [
            0.03208759036892803,
            0.09113449886855024,
            0.10460210889013676,
            0.05322263695268737,
            0.35483750760554456,
            0.07241518800829516,
            0.05482739230209254,
            0.050386960669197095,
            0.02177700533320583,
            0.16470911100136237
        ],
        [
            0.08580009162400377,
            0.0781487910827414,
            0.1465117220473911,
            0.1205908806229707,
            0.11256807227578974,
            0.253740344838402,
            0.07343654367988277,
            0.02638632281491369,
            0.03540289079139021,
            0.06741434022251455
        ],
        [
            0.22865176344153326,
            0.18382889546875134,
            0.028691363757212082,
            0.24726282979910216,
            0.07087700881581108,
            0.03230188843874325,
            0.1163192982640981,
            0.018627911867624216,
            0.02389817000748962,
            0.04954087013963494
        ],
        [
            0.08503629601383425,
            0.1385434763311676,
            0.10700008951782033,
            0.11059866891141494,
            0.1417033782481656,
            0.06012857765545751,
            0.19179146102996145,
            0.03668644463618103,
            0.03359697091231373,
            0.09491463674368326
        ],
        [
            0.11499990790188365,
            0.061195322871404584,
            0.012236868689546227,
            0.13656998798137793,
            0.040668614273959236,
            0.0788974397558201,
            0.003349731748766788,
            0.1140852772908664,
            0.38971339403553273,
            0.04828345545084197
        ],
        [
            0.10145683533252634,
            0.05436116816416027,
            0.002621609160064718,
            0.06589528919998566,
            0.1085570529305514,
            0.07196369290105535,
            0.0016520175683406126,
            0.046007754806472054,
            0.32348179212705136,
            0.22400278780979244
        ],
        [
            0.09192728148221116,
            0.16459838497386794,
            0.08916949911697064,
            0.16958328666399478,
            0.10435534812264333,
            0.05337027730749395,
            0.10491116425014486,
            0.027304936015801633,
            0.027119069025973733,
            0.16766075304089786
        ],
        [
            0.03932555255833533,
            0.06716363516973131,
            0.05101033978197493,
            0.13563538550405002,
            0.06566441498847478,
            0.023621660450795463,
            0.5303710748925384,
            0.017195333982301424,
            0.01922270749793308,
            0.050789895173865236
        ],
        [
            0.03341432296157355,
            0.0655802153116717,
            0.08569400958514269,
            0.08032142817414324,
            0.11082836949474797,
            0.22096270862747294,
            0.020129984777347575,
            0.08454381017584253,
            0.17100996944466754,
            0.12751518144738994
        ],
        [
            0.08088884246883174,
            0.16123380931683426,
            0.038608999116453664,
            0.15712065040173281,
            0.09260951572236342,
            0.18462191722444019,
            0.049062431403115406,
            0.037369018884153726,
            0.060115741410991845,
            0.13836907405108323
        ],
        [
            0.14794115892338364,
            0.06247088370337994,
            0.0024422333167991067,
            0.11010480174893673,
            0.048024665585921736,
            0.0850925253742716,
            0.0017369413698805406,
            0.07316733544105516,
            0.38302568719584024,
            0.08599376734053173
        ],
        [
            0.03874282924467066,
            0.11434529200501439,
            0.13195828590594852,
            0.06909626619928734,
            0.0638404521678121,
            0.02767576619776342,
            0.4561561567585581,
            0.02193352769613699,
            0.02169156942262801,
            0.054559854402179864
        ],
        [
            0.010343659765598265,
            0.025980447400455048,
            0.41215722212870276,
            0.05693458671391144,
            0.09837234715897615,
            0.1081287996821105,
            0.007348494442703584,
            0.13070708599879918,
            0.06950863173343425,
            0.08051872497530875
        ],
        [
            0.19377513029826637,
            0.19327898495107415,
            0.03520425608358565,
            0.15545031426456543,
            0.12150331183523759,
            0.04330209648249829,
            0.14671873976781294,
            0.019622469143356153,
            0.02238861918046645,
            0.0687560779931371
        ],
        [
            0.07250674306050849,
            0.2634038969264818,
            0.05526871773715331,
            0.3209600602215924,
            0.0747181360052984,
            0.03074812035137042,
            0.050329209837461,
            0.026992061783299066,
            0.02209853553475344,
            0.08297451854208122
        ],
        [
            0.03551934443221416,
            0.08515044915632237,
            0.46942306342141893,
            0.02926364024364325,
            0.1116488488943489,
            0.04155559196395804,
            0.0584047946055842,
            0.024236185631571667,
            0.02409757802048129,
            0.12070050363045708
        ],
        [
            0.8787736507340017,
            0.02338205772938273,
            0.0009179557039487195,
            0.0538443992668851,
            0.012975877303609676,
            0.005195906604659455,
            0.0026467347324177887,
            0.0031539181261572746,
            0.005271242340360885,
            0.013838257458576307
        ],
        [
            0.06312391502828489,
            0.3675425625593962,
            0.08214698112090509,
            0.11423616890196744,
            0.10484991266344645,
            0.039612337605792115,
            0.1020544411675539,
            0.035479872419805,
            0.028525285251959458,
            0.0624285232808892
        ],
        [
            0.08549549707930663,
            0.05393381750464809,
            0.021368456537291018,
            0.10602721853798552,
            0.066995948715782,
            0.11375975775236971,
            0.004007665236565238,
            0.13143336779381315,
            0.36302283539886654,
            0.053955435443372585
        ],
        [
            0.09023697192835102,
            0.17829852779840757,
            0.02423979503788106,
            0.14800135513556556,
            0.08814137076901758,
            0.16101462241194672,
            0.03717907459863986,
            0.030919439292394196,
            0.057123760893291645,
            0.18484508213450473
        ],
        [
            0.06731742709613084,
            0.06528743397434256,
            0.045123142383925494,
            0.11887523468201174,
            0.07112201375480441,
            0.14906594246123622,
            0.007903452588827086,
            0.13202427615146312,
            0.2715071761927483,
            0.07177390071451044
        ],
        [
            0.021595653902164405,
            0.04940773518175679,
            0.17883688979173828,
            0.07834624821186327,
            0.10322663602933707,
            0.21666453833475532,
            0.016607441551031155,
            0.11494095676332297,
            0.11711161242456793,
            0.10326228780946319
        ],
        [
            0.036839671184240294,
            0.06520848759927553,
            0.0513682535721014,
            0.12048798712061799,
            0.06614396817740675,
            0.023014999303198586,
            0.5507943291363909,
            0.018051352100366246,
            0.018478719947702314,
            0.049612231858700714
        ],
        [
            0.007885578345811424,
            0.03415571067117677,
            0.5433033365043517,
            0.011503465912229737,
            0.1704845466051496,
            0.037198906993536666,
            0.03336634498688913,
            0.015145382954734376,
            0.01021347539524678,
            0.13674325163087356
        ],
        [
            0.005630698849555662,
            0.01940211984701638,
            0.3168323060265201,
            0.03235539302955447,
            0.1464336714901228,
            0.17635109907935467,
            0.003226423429057741,
            0.09266632988420517,
            0.0433242344670303,
            0.1637777238975827
        ],
        [
            0.5050631100943147,
            0.07698263569709547,
            0.06810241310005462,
            0.07431014106815637,
            0.07782263020608125,
            0.03503172044811662,
            0.06372920945058586,
            0.023785010478688157,
            0.02128927774522691,
            0.05388385171167977
        ],
        [
            9.842582793753773e-08,
            0.9997377056527404,
            1.7074007649681457e-07,
            1.1691937759504342e-07,
            1.7585404350110844e-05,
            1.6281496971976645e-05,
            6.135568099695536e-08,
            6.778546517390256e-06,
            0.0001403642875645061,
            8.083717089204232e-05
        ],
        [
            0.044531922305986224,
            0.09456885777205083,
            0.03449543640186338,
            0.12493853939836555,
            0.10113150918788036,
            0.02673982103313974,
            0.46949001022437004,
            0.01661036006377547,
            0.017822755336076745,
            0.06967078827649109
        ],
        [
            0.023924462742042657,
            0.06312413026489475,
            0.07411758243544317,
            0.03671174528930815,
            0.12516029431858824,
            0.02883004816082594,
            0.4085366950742174,
            0.01582965788437645,
            0.01896165266630792,
            0.20480373116399547
        ],
        [
            0.051017739856107414,
            0.051051934616561594,
            0.0883449975091072,
            0.11698044965091642,
            0.06962593247142969,
            0.09366085963459563,
            0.006533719832975542,
            0.22642339592358451,
            0.24824478725582289,
            0.048116183248899484
        ],
        [
            0.025813409998395525,
            0.0751046570826801,
            0.36842492166974505,
            0.0444964817232803,
            0.08602669112676378,
            0.03247042492022922,
            0.2588942098917388,
            0.0220273920029625,
            0.01878349956553977,
            0.06795831201866515
        ],
        [
            0.7694543339507034,
            0.06982509114671415,
            0.00013327993590523318,
            0.10847604563916914,
            0.0194303862715531,
            0.004154196622931925,
            0.0014588031486740792,
            0.001510158165066091,
            0.003282096572046495,
            0.022275608547236096
        ],
        [
            0.03517175800538704,
            0.05601669852052989,
            0.13035984542438436,
            0.12386031133179567,
            0.09434872164777865,
            0.14499082621209924,
            0.015271936896516207,
            0.129888738970771,
            0.18557424262555622,
            0.08451692036518184
        ],
        [
            0.16452889682771904,
            0.05280708092001931,
            0.001691292668001371,
            0.12625209713611016,
            0.05304155143830828,
            0.042881346060676374,
            0.0017164243688942967,
            0.06076522810839535,
            0.37835894199512526,
            0.1179571404767501
        ],
        [
            0.06926791896686717,
            0.052266719333525176,
            0.02683833661162066,
            0.1319905209943341,
            0.05309706329623238,
            0.08020539590344795,
            0.003789663618120331,
            0.2081868998006964,
            0.33476620882276564,
            0.039591272652390055
        ],
        [
            0.20866788758355903,
            0.06917309847209942,
            0.017441429136450106,
            0.10960356044396788,
            0.05276693764736768,
            0.10935861137711501,
            0.0047431627711196755,
            0.08242698659363737,
            0.275010463085253,
            0.07080786288943153
        ],
        [
            0.04587215285176429,
            0.07068814209188092,
            0.04954060898402254,
            0.10008784799648114,
            0.0951090811473276,
            0.2091774102162682,
            0.01221064350623253,
            0.09356835765294698,
            0.21600005716783718,
            0.10774569838523813
        ],
        [
            0.03779148049891037,
            0.05759103960499938,
            0.09087158720921144,
            0.09238867629377129,
            0.0899699592386466,
            0.22209511152825817,
            0.014865893469889337,
            0.11353605922825324,
            0.1897219829623879,
            0.09116820996567242
        ],
        [
            0.026592138431559314,
            0.05790678165019596,
            0.06465882610729838,
            0.07121250377781528,
            0.11056608336049759,
            0.02872484484477786,
            0.5362171853952252,
            0.01850507087673703,
            0.016095087557255885,
            0.06952147799863681
        ],
        [
            0.07418155808928939,
            0.35678046775171146,
            0.07532397804533997,
            0.1213500784816644,
            0.09577603475108269,
            0.04290319608086699,
            0.10373901561339802,
            0.03354838347123352,
            0.031406674496380606,
            0.06499061321903289
        ],
        [
            0.02474693199019145,
            0.05705654985197557,
            0.08338542260182633,
            0.034854268814111654,
            0.1717347411192455,
            0.03141586770121295,
            0.3248345820490113,
            0.018581080573479625,
            0.018787450812677835,
            0.23460310448626728
        ],
        [
            0.029045207163565442,
            0.0545484605557721,
            0.06167045022142293,
            0.04449143839688001,
            0.1066569723589654,
            0.043474477979713204,
            0.05393133097531752,
            0.5290015781513401,
            0.02025100368403113,
            0.056929080512991566
        ],
        [
            0.06789665631193854,
            0.1157011102908734,
            0.13710337467585265,
            0.0815983382709425,
            0.17545159135473273,
            0.06264824294559047,
            0.18012339757638282,
            0.037312352003669814,
            0.03081414763727191,
            0.11135078893274539
        ],
        [
            0.017099550543727787,
            0.03768116076091661,
            0.31720121359414905,
            0.07017002027536419,
            0.10072885382018903,
            0.1331826561882901,
            0.014263284711637684,
            0.12100214427130708,
            0.0927439289939082,
            0.09592718684051056
        ],
        [
            0.03939764665971298,
            0.09465000820765113,
            0.12714782814192885,
            0.06783038526988042,
            0.31400082608321367,
            0.06660185810856538,
            0.08643736101825879,
            0.04977597338886872,
            0.02388120241982857,
            0.1302769107020913
        ],
        [
            0.05291506158754508,
            0.07113886058567799,
            0.047046934423860466,
            0.09768054078019993,
            0.0797055709400737,
            0.18040503929741541,
            0.008236068819365342,
            0.13709480984808492,
            0.23680708639557657,
            0.08897002732220016
        ],
        [
            0.10072754308351765,
            0.0519520136103346,
            0.01231827559358345,
            0.14606509214771304,
            0.04659765205198554,
            0.07969743483321402,
            0.003346796200651927,
            0.09281875778826752,
            0.41701728273694694,
            0.049459151953785634
        ],
        [
            0.05993938658755092,
            0.101973532858643,
            0.0663187611046982,
            0.10852083567674208,
            0.14298274383451204,
            0.03468170021778436,
            0.3777806034942063,
            0.020554887982892088,
            0.020981762984238338,
            0.06626578525873303
        ],
        [
            0.019715561103366367,
            0.042552054329338285,
            0.24156461144259989,
            0.09949316630831051,
            0.09844766076884409,
            0.1446728306607234,
            0.013240403755621077,
            0.11077927433565851,
            0.12358670269414848,
            0.10594773460138968
        ],
        [
            0.041232940994448956,
            0.12742821276087954,
            0.14241057810325175,
            0.07519497591111383,
            0.06275375735392275,
            0.02811548906106292,
            0.42491090939626935,
            0.02248550784221883,
            0.022814528913131536,
            0.052653099663700714
        ],
        [
            0.05406811485392415,
            0.35854330500181547,
            0.008941296090551784,
            0.21157866435230369,
            0.07342213744954931,
            0.017987417434345915,
            0.19488110304772954,
            0.010888626668389013,
            0.013854642249064816,
            0.055834692852326465
        ],
        [
            0.08884788323449176,
            0.08079902505820204,
            0.14879679718633337,
            0.14428021833645602,
            0.12366062626715717,
            0.20869434620508281,
            0.07289786719205428,
            0.02766045273659808,
            0.03762635926211762,
            0.06673642452150705
        ],
        [
            0.07227403325251293,
            0.08010102415766227,
            0.029375202441531908,
            0.10401759513859896,
            0.09099241330278365,
            0.15578271509032796,
            0.007386422893456968,
            0.09748648065786036,
            0.2581065809538588,
            0.1044775321114062
        ],
        [
            0.20837258951424747,
            0.05013884101674293,
            0.0025473242741369468,
            0.11969305278432513,
            0.04207480826078232,
            0.06470513671055304,
            0.0019559223798608803,
            0.06427729096576443,
            0.3907429665644343,
            0.0554920675291532
        ],
        [
            0.16323466640944806,
            0.07050828741370534,
            0.16530954762011568,
            0.08134250287760751,
            0.10405937546333784,
            0.21913940974941737,
            0.06010345368186236,
            0.022895137254998053,
            0.03695140753721969,
            0.07645621199228829
        ],
        [
            0.0807050677113763,
            0.0630596965752158,
            0.030853960597427253,
            0.13413954098796627,
            0.05091703746141423,
            0.10405315664834519,
            0.0049532300771593695,
            0.1471927478958007,
            0.3317204985213132,
            0.052405063523981735
        ],
        [
            0.15109523935073452,
            0.05822088338299283,
            0.002616619437353916,
            0.13653289585067235,
            0.06053683751154685,
            0.055043484951706925,
            0.0015829765311482426,
            0.08145165545450445,
            0.38194626255974823,
            0.07097314496959126
        ],
        [
            0.08887916646964411,
            0.16203941934061175,
            0.05705286436155261,
            0.03706944857075974,
            0.24175029123504874,
            0.05687798632845436,
            0.01982471520574264,
            0.029877819021940335,
            0.06216633103272966,
            0.2444619584335159
        ],
        [
            0.026284309539366398,
            0.057155471462111446,
            0.14156984595771793,
            0.08352779221294189,
            0.11057042328491969,
            0.1882965448772737,
            0.019911586074393774,
            0.11836888775650917,
            0.1319332573715451,
            0.12238188146322067
        ],
        [
            0.09033351000509277,
            0.06607667934757346,
            0.02049349062498885,
            0.10627869660242631,
            0.07768786225961918,
            0.1461181049238244,
            0.004689886664207042,
            0.10978473089012131,
            0.3072528835350096,
            0.07128415514713624
        ],
        [
            0.10761342188780641,
            0.07789531700288235,
            0.006180435141902701,
            0.1331926930404793,
            0.06447881663898926,
            0.08452287036181783,
            0.0024259549833966806,
            0.11271402080577214,
            0.3261656291438669,
            0.08481084099308682
        ],
        [
            0.012091462657906482,
            0.02893268604029642,
            0.35163222181745557,
            0.04898444500786258,
            0.11050154679200251,
            0.10560320961015798,
            0.009843427371929099,
            0.1870011663657564,
            0.07685181957197972,
            0.06855801476465322
        ],
        [
            0.057068098613252204,
            0.10434574084235873,
            0.05914035398992218,
            0.1080253005731268,
            0.13303473146500894,
            0.032234410446702645,
            0.40372526463969605,
            0.02087413361688395,
            0.019161144657741703,
            0.062390821155306794
        ],
        [
            0.11335103021933211,
            0.05745347183534623,
            0.00826397965841633,
            0.1008172868647882,
            0.07078330110124591,
            0.12264677970803771,
            0.003239923082764767,
            0.07726515703804729,
            0.36125895821313153,
            0.08492011227889003
        ],
        [
            0.03903947994299128,
            0.3959696079400149,
            0.07901184313739663,
            0.08938616587461085,
            0.13856241695731034,
            0.04199443495838282,
            0.08135923693300195,
            0.033124770384867365,
            0.022882659924957527,
            0.07866938394646623
        ],
        [
            0.05920610687233674,
            0.07941996088734896,
            0.014350534824608328,
            0.06615344473770673,
            0.0660404193254355,
            0.0333966038684295,
            0.023499127893331796,
            0.5974085193866772,
            0.02515875618565576,
            0.0353665260184694
        ],
        [
            0.02487850884436455,
            0.040619308503051364,
            0.22948873876411385,
            0.10756400637992482,
            0.08179562500516006,
            0.11422723458432738,
            0.011212691002115801,
            0.14179328007342806,
            0.17421350446205514,
            0.07420710238145907
        ],
        [
            0.04911517690843467,
            0.05527826860358211,
            0.01731140590945388,
            0.047279712531928836,
            0.15424777675273843,
            0.1538020679078876,
            0.00573896302346842,
            0.1281091484740458,
            0.2413280548150319,
            0.14778942507342865
        ],
        [
            0.5663539223927693,
            0.13888202373311878,
            0.0009672386427424976,
            0.21961482903174812,
            0.021736128291440657,
            0.01329489027947209,
            0.0050216496387162825,
            0.004827501760190655,
            0.008491665932848488,
            0.020810150296953742
        ],
        [
            0.03344774320045691,
            0.050733416656692794,
            0.15523804772142932,
            0.10936668438107423,
            0.08791319434679987,
            0.12566512166264468,
            0.01308361455275983,
            0.19497623350792387,
            0.16337031933338422,
            0.06620562463683437
        ],
        [
            0.03521365758785424,
            0.06849537949442201,
            0.01913231646355349,
            0.04902009720607253,
            0.15093075403976958,
            0.18669929113111786,
            0.007971700156742955,
            0.06968113818875805,
            0.219043443581827,
            0.1938122221498821
        ],
        [
            0.027037114785676417,
            0.0327348973300816,
            0.20298393008211474,
            0.1342433868011385,
            0.05287343988671658,
            0.0649909272088357,
            0.00632349062793736,
            0.2632194851842554,
            0.18276716918911315,
            0.032826158904131
        ],
        [
            0.05548417593136148,
            0.09559388746980704,
            0.11051567555677605,
            0.11162383895871496,
            0.10337671240565273,
            0.04186407511239912,
            0.36234729296080836,
            0.02578070015179121,
            0.0234953612636917,
            0.06991828018899753
        ],
        [
            0.0706085937457896,
            0.08293883079866217,
            0.01851304011475768,
            0.0707219763233134,
            0.06945797329512682,
            0.03745314074627388,
            0.02996237983152423,
            0.5495665387353813,
            0.02564434560130713,
            0.04513318080786339
        ],
        [
            0.07857297267955693,
            0.06116190597902333,
            0.03542917889035198,
            0.13697056217963371,
            0.05492762937363268,
            0.11254831883053273,
            0.0053627360457594205,
            0.14240649323922216,
            0.3213879277462995,
            0.051232275035987145
        ],
        [
            0.050478693752811464,
            0.10338666909491634,
            0.15170166651907563,
            0.08248345288218109,
            0.2351148642906011,
            0.05899334352646986,
            0.13399732706315143,
            0.04899572057371457,
            0.02709276923035771,
            0.10775549306672068
        ],
        [
            0.06655346278642854,
            0.06864369319889478,
            0.03948111827768174,
            0.12428210211246683,
            0.06524970685933511,
            0.16508822621513927,
            0.0073073350034780545,
            0.11903631936539744,
            0.2732358959609993,
            0.07112214022017892
        ],
        [
            0.023437322060531847,
            0.054995563061207335,
            0.08294344141073212,
            0.03508291749291939,
            0.1858765854236912,
            0.03598606872396096,
            0.2945065135659455,
            0.016358372416119753,
            0.018657062206471807,
            0.25215615363842003
        ],
        [
            0.05090725793268907,
            0.0738552349330077,
            0.0514523572948764,
            0.11287253131581125,
            0.09582598075395259,
            0.16693193709471776,
            0.011813857361850597,
            0.11005735963184513,
            0.21712749457999322,
            0.10915598910125617
        ],
        [
            0.058422303896279976,
            0.10836701191484997,
            0.14579915253763068,
            0.1046299494173863,
            0.20273361626958325,
            0.0530564425493572,
            0.16173614598254799,
            0.05265964168405663,
            0.029036420531326768,
            0.08355931521698169
        ],
        [
            0.0290393254664892,
            0.06467451550370135,
            0.14139980594925958,
            0.08021081584811739,
            0.10958235389426203,
            0.18895003920093967,
            0.02228818468016006,
            0.11206895875352345,
            0.13849122781695955,
            0.11329477288658772
        ],
        [
            0.019416524223485845,
            0.05002366773044684,
            0.044591371793090355,
            0.0389599330544227,
            0.14167923025520274,
            0.35211629276448064,
            0.017528614521053566,
            0.05031038327698509,
            0.15090691373997142,
            0.13446706864086067
        ],
        [
            0.025973964200163527,
            0.09967581036432162,
            0.0610378193790186,
            0.07906967504891207,
            0.08852141766502196,
            0.025995722095925062,
            0.4946283783723607,
            0.017040694910263395,
            0.018418800403536377,
            0.0896377175604763
        ],
        [
            0.019908519028487188,
            0.05243803933268404,
            0.18329703440137052,
            0.0735490527321756,
            0.11561436493544658,
            0.20881094645884196,
            0.017656492121806342,
            0.08373546231187602,
            0.11373830446922399,
            0.13125178420808759
        ],
        [
            0.03088648352265702,
            0.05772977042067575,
            0.056848329273209396,
            0.0985134062388862,
            0.080202345882296,
            0.024980643944892144,
            0.5610745046973242,
            0.018557579118464975,
            0.01745250142538457,
            0.053754435476209894
        ],
        [
            0.24182186059589286,
            0.19837042112271155,
            0.01506046701888966,
            0.40361332109511605,
            0.021755540377358187,
            0.02531126315325224,
            0.015876225266946157,
            0.017051768993598074,
            0.023865624385735508,
            0.037273507990499256
        ],
        [
            0.02919480246365859,
            0.10738935606326366,
            0.07328812365963189,
            0.08851651606974835,
            0.13122960219218197,
            0.02825252386987107,
            0.4081636257144324,
            0.02409776035284452,
            0.020713587112637606,
            0.08915410250172953
        ],
        [
            0.016224803861607275,
            0.09184829600760847,
            0.03288966307829515,
            0.012664343410783296,
            0.13973396720444095,
            0.38673871206882765,
            0.0009760249453474334,
            0.05899009004961439,
            0.09569855393639708,
            0.16423554543707822
        ],
        [
            0.024806398752760417,
            0.049192733799591236,
            0.18276074371807946,
            0.10195224420987055,
            0.0898867235676211,
            0.18678609249033365,
            0.01584679052499447,
            0.12754451197111807,
            0.1318497305762255,
            0.08937403038940551
        ],
        [
            0.01200884214469992,
            0.04544644401805952,
            0.18819974763349026,
            0.019215567416204733,
            0.16647820074838818,
            0.24215089004620696,
            0.003062400703906643,
            0.055744647129743294,
            0.06212848697605955,
            0.20556477318324073
        ],
        [
            0.02101167178284244,
            0.05797652715630053,
            0.0929084895681257,
            0.038499161102080154,
            0.14163810974310242,
            0.3145480475360091,
            0.010511309790077722,
            0.05449599374043132,
            0.10952615544390884,
            0.15888453413712175
        ],
        [
            0.05255908796019355,
            0.07135019992398302,
            0.015980949522965353,
            0.06920913629741353,
            0.13885444367409064,
            0.150165906773298,
            0.005559900223284162,
            0.07931000775404373,
            0.2435655456230672,
            0.17344482224766092
        ],
        [
            0.013170563689405767,
            0.08605784607308205,
            0.021788293029510356,
            0.006326652692093984,
            0.29456304207283474,
            0.019024691529198903,
            0.016729775087473274,
            0.013457279703713632,
            0.020070207271817804,
            0.5088116488508702
        ],
        [
            0.46339538919284445,
            0.22153682476933773,
            0.030166573916130278,
            0.01209151737897778,
            0.05065419927746956,
            0.02377213475934271,
            0.010718438522384154,
            0.05510011464641541,
            0.028419812372817897,
            0.1041449951642802
        ],
        [
            0.017829714714913552,
            0.028886871098795033,
            0.3304003929445098,
            0.09397994650344309,
            0.08145031888601312,
            0.08721397637063043,
            0.008934315820426062,
            0.1642036674513155,
            0.13272144230212468,
            0.05437935390782861
        ],
        [
            0.06507830867644547,
            0.09617911823450083,
            0.05340032586366879,
            0.08352282340647169,
            0.08594630508866997,
            0.046431085663591,
            0.07257144661153715,
            0.416751749037132,
            0.029844411072353548,
            0.05027442634562994
        ],
        [
            0.03024258122608512,
            0.07409906214685055,
            0.04601373174032707,
            0.02220180578760296,
            0.2181921983852683,
            0.030433438608600174,
            0.1278750203695617,
            0.01647935949117508,
            0.028649246151972948,
            0.40581355609255637
        ],
        [
            0.0657700372988151,
            0.10606183901131257,
            0.006703973174243767,
            0.25474058822791723,
            0.1539482871033877,
            0.017549761608562617,
            0.2882715024515919,
            0.011966725465010644,
            0.011701176798309381,
            0.08328610886084956
        ],
        [
            0.33941315723609683,
            0.09240157221771456,
            0.0019097527679121965,
            0.4925207161313792,
            0.010812189121380622,
            0.012577950678478665,
            0.0035077147808551846,
            0.006880823152938588,
            0.011353995773116798,
            0.02862212814012766
        ],
        [
            0.26588054866129734,
            0.20632683444583927,
            0.022252610106216774,
            0.21600814313267946,
            0.07823047341162753,
            0.037702799822395744,
            0.08172266176186399,
            0.018004487479502618,
            0.022869235625200778,
            0.05100220555337617
        ],
        [
            0.03418704709770149,
            0.12148398286203597,
            0.06419951454381545,
            0.11399570751445802,
            0.07460942307372237,
            0.026461050132918343,
            0.464271273841478,
            0.018383273379613117,
            0.021563607076547132,
            0.060845120477710485
        ],
        [
            0.03828318364584167,
            0.05480467223387037,
            0.14074720375888772,
            0.16171366882246996,
            0.06930153851342923,
            0.12081074276670765,
            0.012334508000209587,
            0.1230622111573927,
            0.20881273232988629,
            0.0701295387713051
        ],
        [
            0.07858863962640265,
            0.06326661359480676,
            0.03029922884423277,
            0.17028820404132464,
            0.048820836628238815,
            0.10579555425217574,
            0.005648767017508642,
            0.11953083493474856,
            0.31178421082946783,
            0.06597711023109329
        ],
        [
            0.6247171262223271,
            0.07736615617337582,
            0.06712316489038612,
            0.031666692819206144,
            0.036630146722859705,
