{
    "accuracy": 0.645,
    "classification_report": "              precision    recall  f1-score   support\n\n           0       0.73      0.40      0.52        20\n           1       0.83      0.50      0.62        20\n           2       0.88      0.70      0.78        20\n           3       0.54      0.65      0.59        20\n           4       0.57      0.65      0.60        20\n           5       0.82      0.90      0.86        20\n           6       0.65      0.75      0.70        20\n           7       0.71      0.60      0.65        20\n           8       0.50      0.65      0.57        20\n           9       0.50      0.65      0.57        20\n\n    accuracy                           0.65       200\n   macro avg       0.67      0.65      0.64       200\nweighted avg       0.67      0.65      0.64       200\n",
    "y_score": [
        [
            0.022634591289342743,
            0.019053001468929763,
            0.008572745945927943,
            0.013935875672417112,
            0.022411817213364046,
            0.33302098428142596,
            0.012651161488959967,
            0.0566246389829936,
            0.32080708327628116,
            0.1902881003803576
        ],
        [
            0.1057644264893269,
            0.03929802252883092,
            0.027943465830721038,
            0.12517788114431924,
            0.2127327979761165,
            0.034276135058648106,
            0.055917458052714065,
            0.006020156328183772,
            0.0187355324576325,
            0.37413412413350705
        ],
        [
            0.06892512770381498,
            0.25925916603677224,
            0.08062411536194344,
            0.01577834216393463,
            0.16157809925917563,
            0.123443002713071,
            0.06607806788557127,
            0.05556522163851002,
            0.07622731942104788,
            0.09252153781615885
        ],
        [
            0.03548177630183916,
            0.018058827035912137,
            0.03280286933591713,
            0.011347831178057816,
            0.04924290906217725,
            0.42696532912945717,
            0.005698531041548049,
            0.02593642956486362,
            0.3187007538568299,
            0.07576474349339776
        ],
        [
            0.13723016791101414,
            0.21906681579907644,
            0.044920244999404474,
            0.18820761051162005,
            0.05149917931241153,
            0.05597076087742729,
            0.006796586782557469,
            0.06761825707149731,
            0.20526674632631653,
            0.023423630408674668
        ],
        [
            0.01605026926614477,
            0.0038393516744258554,
            0.07655651440477429,
            0.025590248448083906,
            0.08534761084264661,
            0.00029442476213259125,
            0.630751562988028,
            0.07227420786789465,
            0.004589975414013532,
            0.08470583433185576
        ],
        [
            0.0431944645424542,
            0.06474306160438321,
            0.15864822839004256,
            0.015475119282849985,
            0.14628568036869208,
            0.04635164097381787,
            0.008449656806847275,
            0.06840441043861525,
            0.12617191771168745,
            0.32227581988061005
        ],
        [
            0.010849794756099502,
            0.06427742237026265,
            0.5883797569040714,
            0.010751854052456471,
            0.12719483116445024,
            0.02756447654113074,
            0.009193026617361046,
            0.1402953107489408,
            0.007864697316186005,
            0.013628829529041157
        ],
        [
            0.013682831186516942,
            0.02421684175310935,
            0.10290032988983296,
            0.06565521430400381,
            0.7330710281632168,
            0.0037637641197817333,
            0.017052943070890475,
            0.027732847604795365,
            0.004029982035784403,
            0.00789421787206807
        ],
        [
            0.05256051210127753,
            0.05374442481832825,
            0.054377114614909836,
            0.011125250803617509,
            0.003714329768726204,
            0.7503309322762954,
            0.01465454544928379,
            0.018311420167116666,
            0.013656239488572383,
            0.02752523051187238
        ],
        [
            0.24444574358975668,
            0.02396533974765853,
            0.002990826416808665,
            0.05242304392850723,
            0.04816060816675229,
            0.0008578178623806493,
            0.03229287094090918,
            0.0038446327333523135,
            0.004835861283942108,
            0.5861832553299323
        ],
        [
            0.08916359839874693,
            0.2629588282402513,
            0.004061072770193155,
            0.22207025860436863,
            0.30503660574307884,
            0.017369254053737425,
            0.01814297711472522,
            0.013858864232054319,
            0.014705496641267348,
            0.05263304420157684
        ],
        [
            0.1049474387046923,
            0.07739839651321562,
            0.06940031187741423,
            0.07125981723591746,
            0.07117953063695627,
            0.011791102048706679,
            0.018626439733054098,
            0.0964055146384775,
            0.4094238956769426,
            0.06956755293462322
        ],
        [
            0.16064417464079356,
            0.03468500855741133,
            0.032808903568040046,
            0.053556746123746835,
            0.019149977494691908,
            0.004120193018093325,
            0.009716520072140647,
            0.011134512484105042,
            0.6393211548510325,
            0.034862809189944846
        ],
        [
            0.13774054881490164,
            0.14510542071778537,
            0.026932532437021962,
            0.41135972202060767,
            0.03624970288260281,
            0.07180702627940655,
            0.008313933805101172,
            0.04622978361869537,
            0.00376099433610201,
            0.11250033508777539
        ],
        [
            0.07661248365517684,
            0.0699428054779567,
            0.042447334180307716,
            0.41371776764230966,
            0.039163198686461426,
            0.0011944886937155885,
            0.3024935172074511,
            0.005224972442286901,
            0.014428530813735638,
            0.03477490120059841
        ],
        [
            0.11983015466084632,
            0.15148752069303795,
            0.021866935351830617,
            0.024937555115233344,
            0.021416906760891773,
            0.06802806091706692,
            0.0066147574092821,
            0.024916017118239358,
            0.4720600365181699,
            0.08884205545540173
        ],
        [
            0.047126088332114166,
            0.03429128573145367,
            0.08460174302708542,
            0.0067706666651762,
            0.022648593945958934,
            0.701684842364761,
            0.011780088786574723,
            0.031112146383708496,
            0.009868820346476802,
            0.05011572441669061
        ],
        [
            0.1139477323145653,
            0.03551389346951787,
            0.016482683103386624,
            0.059802824593938084,
            0.02295059593443948,
            0.032276959931590965,
            0.01088910680589399,
            0.08354592190043174,
            0.34821472209336257,
            0.2763755598528733
        ],
        [
            0.026349068748659426,
            0.05282981100646032,
            0.24212478498388826,
            0.008566110325022244,
            0.007068016831941928,
            0.0014655952619187554,
            0.4501861521824459,
            0.006551356842917179,
            0.014727183885870637,
            0.19013191993087536
        ],
        [
            0.014362094404064624,
            0.024926847423550186,
            0.5714459469860598,
            0.025719493088241497,
            0.03377910721684494,
            0.02453181411022883,
            0.0062308260923782935,
            0.15167821491208522,
            0.08819997353699964,
            0.05912568222954686
        ],
        [
            0.3084485381719111,
            0.04192108959141701,
            0.008236862750267391,
            0.07499898350370343,
            0.07006993518936817,
            0.005932053827587309,
            0.33177238899255695,
            0.02298325215937303,
            0.007882002510956273,
            0.12775489330285938
        ],
        [
            0.11457732251070078,
            0.03752184499422068,
            0.016368510387000712,
            0.7366065584007033,
            0.0063566480803473446,
            0.0037267488366106776,
            0.006864409550717621,
            0.0074228389262575275,
            0.002280645609638518,
            0.06827447270380285
        ],
        [
            0.011127964665255313,
            0.12959317827556707,
            0.7300756087195508,
            0.0012613832735208987,
            0.030079115430540128,
            0.0060321526489599585,
            0.05160188625933203,
            0.00619026198776475,
            0.006497999830920915,
            0.027540448908588117
        ],
        [
            0.9020706215221594,
            0.028233887759967973,
            0.0014919386146014825,
            0.014792854054472749,
            0.010052967394295004,
            0.0022678396645015057,
            0.009357439910298661,
            0.008495808321969212,
            0.020577984978079517,
            0.0026586577796543515
        ],
        [
            0.037371594370497016,
            0.8008200225338022,
            0.02407114408232295,
            0.003103044021527661,
            0.022517080845748407,
            0.0003023457769158746,
            0.01095370993321038,
            0.016301857331174525,
            0.002637076556523662,
            0.0819221245482773
        ],
        [
            0.047568171691618685,
            0.027683768270299502,
            0.11308899190706671,
            0.04228141665954964,
            0.057394255026762,
            0.1254345282216261,
            0.014612130099270098,
            0.07754464661039231,
            0.486555511094092,
            0.007836580419322963
        ],
        [
            0.31689046189736475,
            0.08226763106413362,
            0.07896073215964065,
            0.04592794129842577,
            0.026718998752595646,
            0.3037321649642048,
            0.00735540630552733,
            0.03858685551842145,
            0.07127696230230222,
            0.028282845737383783
        ],
        [
            0.049342724222364076,
            0.03248493174788951,
            0.04951983991421395,
            0.06687263537480914,
            0.08688917910065512,
            0.42845799072215474,
            0.027127612805225253,
            0.08972323074625436,
            0.13788730652664194,
            0.03169454883979187
        ],
        [
            0.029760778626328026,
            0.054212774416428425,
            0.01837668358069443,
            0.009101797104371385,
            0.028467224648613336,
            0.7374540512542613,
            0.006688831136931988,
            0.03652249371308304,
            0.051359000205219274,
            0.028056365314068722
        ],
        [
            0.018718782057215385,
            0.04482812552792724,
            0.08366737543147673,
            0.2011282988460168,
            0.06809818057290695,
            0.0016707848504407146,
            0.5589359682118771,
            0.011638228709391352,
            0.004909661338009274,
            0.006404594454738443
        ],
        [
            0.009879177995489406,
            0.08007253687907978,
            0.7967499226061456,
            0.005316409973173381,
            0.023119449958923767,
            0.0038168601309591333,
            0.049721403071754953,
            0.026022242459499294,
            0.0010514498198876292,
            0.004250547105087014
        ],
        [
            0.018410325068012687,
            0.04680263389618008,
            0.02849013889319807,
            0.013541780403439646,
            0.08263903951436077,
            0.5968979814359339,
            0.015373002401854824,
            0.07780773523946202,
            0.01741367867160502,
            0.10262368447595302
        ],
        [
            0.6448862778080713,
            0.014112548744908188,
            0.015291069950025488,
            0.05192497761819096,
            0.2518878066397725,
            0.0028731044715307437,
            0.005438229575317854,
            0.009263563920192156,
            0.002545662884653314,
            0.0017767583873374419
        ],
        [
            0.023064077502412312,
            0.8622342835670722,
            0.002827973183755252,
            3.7062073004770196e-05,
            0.07058828954352288,
            0.009728485507300055,
            0.005297510971298147,
            0.0013239489571962083,
            0.014861551308125626,
            0.010036817386312522
        ],
        [
            0.017213135744637842,
            0.06861025246143473,
            0.0069170246796619,
            0.091307070822969,
            0.18239272716532767,
            0.0024619213972717985,
            0.5477750496737401,
            0.01965124409254879,
            0.0077333341266673334,
            0.05593823983574079
        ],
        [
            0.012478616352989177,
            0.053044406448781466,
            0.0110648189970164,
            0.007002242372931676,
            0.1435795817264376,
            0.0009339220298908559,
            0.05574401938242788,
            0.0067798081248122465,
            0.006002343970419686,
            0.7033702405942931
        ],
        [
            0.024586642292774703,
            0.033051390848638965,
            0.20196025462120137,
            0.01095405034049534,
            0.4005236802306177,
            0.01070515065005736,
            0.002828795011109887,
            0.2730968861175134,
            0.03974256788323903,
            0.002550582004352235
        ],
        [
            0.010277744188115308,
            0.16218513376320595,
            0.5848693851968213,
            0.0035134462988454023,
            0.025549527897556663,
            0.017524366472409302,
            0.1737422883124751,
            0.008365601301542973,
            0.0017384202177778685,
            0.012234086351250019
        ],
        [
            0.15016594334221234,
            0.025728300688914345,
            0.0005166711932977414,
            0.29694031932328946,
            0.0714858995346413,
            0.001994932062143188,
            0.06197078897116688,
            0.0047169721765831585,
            0.36790884362739473,
            0.018571329080356865
        ],
        [
            0.027449563667640797,
            0.05184595550152001,
            0.016440875732292432,
            0.33942361089938544,
            0.09058989490133486,
            0.004131538029117798,
            0.015438717347436338,
            0.05884834905469114,
            0.36419972557156804,
            0.03163176929501312
        ],
        [
            0.05813859948543655,
            0.02480901230282279,
            0.008609973264430375,
            0.03715660863585573,
            0.006247668680541869,
            0.0032769483700937005,
            0.013189316958008734,
            0.10143345733992168,
            0.363196296915556,
            0.3839421180473326
        ],
        [
            0.007404331642247491,
            0.016504944865306397,
            0.04738175147842798,
            0.03369149205705597,
            0.40361094895288857,
            0.008784099745487314,
            0.0011657277112992119,
            0.2937306174985698,
            0.031259633129438184,
            0.1564664529192791
        ],
        [
            0.6883047516579415,
            0.042060534015853086,
            0.018467630735534937,
            0.03798947143978007,
            0.020607889079526424,
            0.018046658705878592,
            0.006761244996944721,
            0.03949689066340964,
            0.10923556839545945,
            0.019029360309671627
        ],
        [
            0.04362424243736139,
            0.07353771953932527,
            0.013466032060063027,
            0.09588538908566537,
            0.022698967058784634,
            0.5226997560394466,
            0.015762231868086278,
            0.06306244064711794,
            0.13493270296969556,
            0.014330518294453889
        ],
        [
            0.023614374652222353,
            0.011583273764046045,
            0.015463878846158638,
            0.013174720973610604,
            0.019936989413618447,
            0.7221990652621549,
            0.01704767212995669,
            0.025511571822144613,
            0.14030253025073214,
            0.011165922885355506
        ],
        [
            0.01069998064808805,
            0.021073371316969472,
            0.008114019711452286,
            0.011489681785155317,
            0.09171286293330036,
            0.001884328056905715,
            0.7253939073648124,
            0.008153444509896652,
            0.002974633847635966,
            0.11850376982578377
        ],
        [
            0.035173044454917264,
            0.8724882024243057,
            0.00987320322194014,
            0.02183837101306233,
            0.02348088762327467,
            0.0005607285273542471,
            0.007008789770299911,
            0.013830654823890853,
            0.009440193386778921,
            0.006305924754176032
        ],
        [
            0.009899407735608285,
            0.03499375664270815,
            0.05869761309956305,
            0.012955490388317198,
            0.4284242957536747,
            0.0003687483702807668,
            0.0938789932400634,
            0.034089073521890334,
            0.02605404950493543,
            0.30063857174295866
        ],
        [
            0.015984451257732856,
            0.004910294655448924,
            0.005008377015673541,
            0.005319656034480589,
            0.02149426313189893,
            0.0036873787573846748,
            0.008904801849498763,
            0.9175894917551514,
            0.006833647064951993,
            0.010267638477778396
        ],
        [
            0.019537911683760716,
            0.06442389678067788,
            0.01221326647840094,
            0.014990520152506528,
            0.8041876250148542,
            0.004259466529431067,
            0.00919781483248135,
            0.041180124820506966,
            0.004322998603401219,
            0.025686375103979052
        ],
        [
            0.0707582016614619,
            0.06679684389359135,
            0.1674974776907528,
            0.04018828386113101,
            0.08663567543507501,
            0.0629200901541466,
            0.11457843923821227,
            0.10144342408479538,
            0.08592466878270737,
            0.20325689519812631
        ],
        [
            0.01695144764230446,
            0.02819711576147761,
            0.03460335238942547,
            0.020664753543419463,
            0.7204076857000132,
            0.0058147737579992195,
            0.051825895415225455,
            0.11328454891469635,
            0.0018967285051769566,
            0.006353698370261661
        ],
        [
            0.017252797250210495,
            0.04789121478549043,
            0.04551968574766351,
            0.006079153010622955,
            0.021676143957224253,
            0.6965653693757817,
            0.0084266936961988,
            0.06011886511524249,
            0.04302429164994975,
            0.05344578541161561
        ],
        [
            0.07623258855254036,
            0.0056296435794214155,
            0.012272803492797144,
            0.16048665045746816,
            0.027681884526183375,
            0.0039562807847061815,
            0.0047060769973026415,
            0.05473918772239146,
            0.6493580189419296,
            0.004936864945259639
        ],
        [
            0.1669294944916187,
            0.135742696505165,
            0.02569440636641851,
            0.2695565749959725,
            0.16402350075828617,
            0.00759265521681874,
            0.1553366106665722,
            0.005039449236341804,
            0.02083108796749501,
            0.04925352379531128
        ],
        [
            0.03220048669076775,
            0.03716463082949051,
            0.017255828569577438,
            0.3930797471599815,
            0.022138935675705414,
            0.010866787675881309,
            0.02023124218445149,
            0.021419813433691613,
            0.14582195764082223,
            0.29982057013963076
        ],
        [
            0.03813275122004584,
            0.20534336071999007,
            0.39109764459396285,
            0.023114432027894715,
            0.00334825706701286,
            0.0019403988330630307,
            0.2841237815997301,
            0.011755659319385204,
            0.029062306345604288,
            0.012081408273310917
        ],
        [
            0.027965449949133792,
            0.6175678087138717,
            0.016697437128954946,
            0.13920228177878347,
            0.042034679188486176,
            0.0017353698765024156,
            0.11780892848221444,
            0.019873733244436427,
            0.008840245311643097,
            0.008274066325973588
        ],
        [
            0.05700864785311277,
            0.04159943405686269,
            0.06474414547563391,
            0.3548706999434616,
            0.04059381412252282,
            0.10925994344273282,
            0.010064086946841262,
            0.026583514559197212,
            0.18765391324298117,
            0.10762180035665372
        ],
        [
            0.11642831728410971,
            0.1937485223390248,
            0.1521267605633726,
            0.05480439497503213,
            0.05704327161414356,
            0.03744147738738993,
            0.04727948499208333,
            0.07325269186424117,
            0.25401146792774687,
            0.013863611052855954
        ],
        [
            0.2330545452320855,
            0.036589916703431855,
            0.025334980070992375,
            0.15889557305834973,
            0.04575827148073807,
            0.04607845230396289,
            0.014370760207245706,
            0.09168035046373232,
            0.30990506877780916,
            0.038332081701652435
        ],
        [
            0.1016941931259776,
            0.031999696779176356,
            0.13405854983203164,
            0.05882137714472765,
            0.017046099193977544,
            0.47780674126942335,
            0.019905825626399247,
            0.006354657088780179,
            0.1498245404862971,
            0.002488319453209182
        ],
        [
            0.05205317266303568,
            0.053194105799370575,
            0.04542198802902393,
            0.04366038034820461,
            0.0772579301310186,
            0.06339677409170047,
            0.023772126762808526,
            0.2046777692044289,
            0.20764554172379546,
            0.22892021124661338
        ],
        [
            0.06340927725933668,
            0.0467438362880548,
            0.14208794781725112,
            0.023404059421975928,
            0.05498302887764319,
            0.018764448098008226,
            0.019183723015188704,
            0.14291153805105689,
            0.23444807972646223,
            0.25406406144502225
        ],
        [
            0.03677101913486777,
            0.11774432515185729,
            0.005259944131107933,
            0.0013766155927078208,
            0.6337507341347436,
            0.009548493659287342,
            0.004510574620341943,
            0.01121255762082066,
            0.002993563246094254,
            0.17683217270817136
        ],
        [
            0.011370046605167924,
            0.03419453793142291,
            0.170108669359531,
            0.016446157813178562,
            0.02791351529039456,
            0.015254096580519344,
            0.01393291146899855,
            0.09303140525096831,
            0.04338291410421844,
            0.5743657455956004
        ],
        [
            0.1695562238949795,
            0.05390116327922863,
            0.05861361794419127,
            0.06201008416537905,
            0.10639273391769755,
            0.2296980159612385,
            0.015293225762394946,
            0.07530004710777102,
            0.21901258425379852,
            0.010222303713320956
        ],
        [
            0.022012447359554647,
            0.0874026972172702,
            0.05786818673713322,
            0.057678500503379526,
            0.07943504018406634,
            0.02851502341725909,
            0.014968395130880035,
            0.09716217117204248,
            0.04899575680788197,
            0.5059617814705325
        ],
        [
            0.004218282918774355,
            0.00833092338874469,
            0.230632839890157,
            0.003995854015104617,
            0.38809945834074655,
            0.003948393812820311,
            0.001422654002962631,
            0.35327920191787815,
            0.004805041589812769,
            0.0012673501229988906
        ],
        [
            0.03338904210874314,
            0.21016943088135082,
            0.005484725363856045,
            0.04793934070131896,
            0.13617570486818117,
            0.017868253172725466,
            0.3935738678665773,
            0.014505422004688304,
            0.0029748481273530573,
            0.13791936490520576
        ],
        [
            0.09999993232868558,
            0.016101304497272005,
            0.018915896915328016,
            0.05165798009389163,
            0.03430045475153347,
            0.026909941305175728,
            0.020301791924844985,
            0.06581806415548493,
            0.6502191354517496,
            0.01577549857603417
        ],
        [
            0.021483358553412508,
            0.8579613726684254,
            0.0062838010664750905,
            0.01905751788326826,
            0.019269073999071754,
            0.0008057970094764038,
            0.029437567015088473,
            0.019403800238711865,
            0.0022919443558450407,
            0.024005767210225175
        ],
        [
            0.007634976045000565,
            0.017824242798191444,
            0.0044080420946564945,
            0.008356421291816449,
            0.03628384875684319,
            0.00033817312796650067,
            0.016437969735621193,
            0.8864412349883464,
            0.021398926027558256,
            0.0008761651339994
        ],
        [
            0.03383719766309,
            0.01790762163930776,
            0.05471600409570656,
            0.017341695177601556,
            0.04285716622563195,
            0.013708835423402349,
            0.01073476585152101,
            0.01705972768781016,
            0.2516868851240039,
            0.5401501011119247
        ],
        [
            0.04591275380103325,
            0.0479209735024829,
            0.06834819242461224,
            0.018928663334331713,
            0.16093892013464348,
            0.010155923437064557,
            0.019958496911618533,
            0.3338928790068318,
            0.2859458346339093,
            0.007997362813472256
        ],
        [
            0.24539238855939347,
            0.06940894930707535,
            0.0015269777572032464,
            0.4004047466102322,
            0.07773675005251765,
            0.0047485965573685,
            0.10605042150463602,
            0.02790706002953584,
            0.06063673262209268,
            0.00618737699994497
        ],
        [
            0.014869961746825497,
            0.024162897879915483,
            0.09400506093030045,
            0.026148781459640995,
            0.2831301388586743,
            0.06548678955463219,
            0.03750469122857945,
            0.3853058757951646,
            0.046044521404915675,
            0.023341281141351367
        ],
        [
            0.0683841412506598,
            0.18279267111018713,
            0.07272142091698018,
            0.029592107314059916,
            0.20001835367715745,
            0.03760755318941589,
            0.014359639238621016,
            0.09785245934169741,
            0.2098768230995916,
            0.08679483086162967
        ],
        [
            0.03575643516965745,
            0.054253888997498764,
            0.09885582351797123,
            0.16277303743054441,
            0.06597979716100497,
            0.02460496799989354,
            0.011064526779418446,
            0.4701270489531157,
            0.03493894568619671,
            0.04164552830469881
        ],
        [
            0.011086043887381759,
            0.01337775181845786,
            0.1078014684130637,
            0.7163490302707597,
            0.009466257740411366,
            0.0017363573991986837,
            0.12257103121149031,
            0.013214117083449,
            0.0017542750840406469,
            0.002643667091747129
        ],
        [
            0.040600341250965045,
            0.014797195865459778,
            0.007065219359606185,
            0.007094278939209936,
            0.00920904597075248,
            0.0008558368237929501,
            0.005185394611768526,
            0.8809737287976747,
            0.005162873899430355,
            0.02905608448134009
        ],
        [
            0.09518368911441388,
            0.07879996764125173,
            0.010456557608984342,
            0.37437910460591717,
            0.0367698425893915,
            0.04473320639996263,
            0.010124050040482238,
            0.08962588479405553,
            0.2525216782657755,
            0.007406018939765388
        ],
        [
            0.03239098740862349,
            0.017045550728900197,
            0.10515463618440776,
            0.014444705006470476,
            0.6254700052706037,
            0.0010926269583230162,
            0.008748183300919721,
            0.13474947382370367,
            0.004971855210869462,
            0.05593197610717845
        ],
        [
            0.02819937824123465,
            0.031982848184892235,
            0.008098364322714924,
            0.02020586908118591,
            0.011918726596979845,
            0.7320959018773672,
            0.036693227811958815,
            0.03639880813487199,
            0.08029265826138512,
            0.014114217487409339
        ],
        [
            0.014719022747885988,
            0.0428592561493368,
            0.0837572744643619,
            0.024066886615625647,
            0.1538157011474407,
            0.02108913064392938,
            0.3370520660322327,
            0.012816596487738344,
            0.041027015408129065,
            0.2687970503033194
        ],
        [
            0.10108310063253315,
            0.09660463127069345,
            0.03281714425631725,
            0.23336743937732196,
            0.0432915186518672,
            0.01892792833642757,
            0.041342086735540295,
            0.10957106168721256,
            0.2382690143480543,
            0.0847260747040322
        ],
        [
            0.044395859813093956,
            0.08105197285950276,
            0.05067605541758642,
            0.025843353420564086,
            0.698166448224234,
            0.0012931650473544875,
            0.006120533037193344,
            0.08290981100536735,
            0.006431886426420978,
            0.0031109147486825606
        ],
        [
            0.044613849922148195,
            0.2332405696216157,
            0.057057718368222064,
            0.011703697883851743,
            0.03173757518265653,
            0.03609160024885562,
            0.027998511122677205,
            0.17284753615850157,
            0.11424382166360494,
            0.2704651198278664
        ],
        [
            0.07756321765625757,
            0.09007799793898372,
            0.02922465534083376,
            0.009003515929381652,
            0.0645071392782551,
            0.29961073454793025,
            0.012693852313937229,
            0.030675516580909317,
            0.3647988236336603,
            0.021844546779851155
        ],
        [
            0.0218128869103452,
            0.04224106950894718,
            0.011317163512095886,
            0.06380684760577722,
            0.04601989892378618,
            0.0026731601489752978,
            0.517481935446448,
            0.0074253867340747706,
            0.013222098176747913,
            0.2739995530328023
        ],
        [
            0.10677561778525195,
            0.1133459396474539,
            0.02046057692409211,
            0.06681905196013238,
            0.0217985324348366,
            0.018855732680944128,
            0.18804755359251643,
            0.03978887594684094,
            0.4130137943156142,
            0.01109432471231742
        ],
        [
            0.0192088071986184,
            0.01262366332838866,
            0.01908636231583239,
            0.06759269460618778,
            0.05338962555621023,
            0.0167492534465251,
            0.7814984144505019,
            0.009969447004918934,
            0.007228674230305385,
            0.012653057862511136
        ],
        [
            0.2514300162939761,
            0.03713952631463452,
            0.010075489826532934,
            0.595113465961081,
            0.00518058422357765,
            0.002224110351944842,
            0.00895545353654718,
            0.015551131573760266,
            0.012886152741546,
            0.06144406917639968
        ],
        [
            0.009529173211873803,
            0.012545738718901378,
            0.07034207663594845,
            0.0387188484022435,
            0.7190747140579787,
            0.00015124396142819903,
            0.028448819390728387,
            0.026709157482318457,
            0.04092541497656563,
            0.05355481316201347
        ],
        [
            0.02085647868822374,
            0.06503226400723106,
            0.02305356673986976,
            0.003014557120610624,
            0.03439352383479653,
            0.7476038888164512,
            0.007324657630481744,
            0.016490737832869116,
            0.05767537526773379,
            0.024554950061732306
        ],
        [
            0.023998384358593958,
            0.13678890231539906,
            0.01357558465100257,
            0.07430668035641833,
            0.011495658633994908,
            0.6370933237799699,
            0.006983344980915078,
            0.04579089913309996,
            0.039822302585543014,
            0.010144919205063215
        ],
        [
            0.023525970161233513,
            0.01776786297534956,
            0.6062314593908337,
            0.0013531690328953353,
            0.12779281592100608,
            0.05039139417336876,
            0.0021006526541329394,
            0.12360508378140342,
            0.03875341605524464,
            0.008478175854531958
        ],
        [
            0.08192418384997266,
            0.06595494517616406,
            0.1350849442386726,
            0.021641876292458187,
            0.03790313367914093,
            0.09744075023208883,
            0.009157532173134083,
            0.025336347830158583,
            0.5158449621878824,
            0.00971132434032751
        ],
        [
            0.07166015122006107,
            0.1464694439326765,
            0.07708214267463911,
            0.09584549050556021,
            0.19593552926166216,
            0.018799069714226936,
            0.01812983201075154,
            0.1313785523392303,
            0.19021878923923502,
            0.05448099910195718
        ],
        [
            0.005812683425979972,
            0.10776853522921681,
            0.020126468341875182,
            0.0005651534734358898,
            0.1313757138379653,
            0.0067576230737053326,
            0.32060917551259815,
            0.004246540461116515,
            0.006732410427342871,
            0.3960056962167639
        ],
        [
            0.8351368698288262,
            0.06949158277881487,
            0.008058040645285473,
            2.8082511703112818e-05,
            0.03373485045542796,
            0.01729948988442111,
            0.004012314457092795,
            0.0020282503938345337,
            0.00332478334206681,
            0.026885735702527176
        ],
        [
            0.055370226408026066,
            0.039224535351493436,
            0.12225896227064299,
            0.16444831789423606,
            0.09245201548600863,
            0.0544374215314374,
            0.011839707524308244,
            0.10429980960467226,
            0.3009557538914268,
            0.05471325003774814
        ],
        [
            0.01874956016595381,
            0.016384295972844895,
            0.004749941063574343,
            0.005813788063729729,
            0.04153718854772307,
            0.0019158754131310945,
            0.006153626041615104,
            0.8942925504522211,
            0.0037979959270097808,
            0.0066051783521968045
        ],
        [
            0.030794278351508005,
            0.22498024469246078,
            0.05423123498962397,
            0.004663601090119797,
            0.09065746424240553,
            0.004422848337918032,
            0.25087680745548613,
            0.004192344254028419,
            0.03598635281592995,
            0.2991948237705194
        ],
        [
            0.018030220932665514,
            0.008756793780894057,
            0.006095398816203144,
            0.04560966503583278,
            0.09818828683495683,
            0.0020649681238608495,
            0.6086310059101487,
            0.010383806252109806,
            0.012588628377924526,
            0.18965122593540382
        ],
        [
            0.16192601016945046,
            0.04624572688837982,
            0.001370071177788446,
            0.5699792135666988,
            0.008367277971372494,
            0.0013763865795079731,
            0.0035372855222834112,
            0.010736050242096479,
            0.020906010162808564,
            0.17555596771961351
        ],
        [
            0.3578624134397112,
            0.07642843636909885,
            0.005268540659990723,
            0.14023765371200217,
            0.16072773571992074,
            0.015764489718642367,
            0.1713132858441376,
            0.01229238059625564,
            0.01774007709720026,
            0.042364986843040395
        ],
        [
            0.014373474953671533,
            0.14645918027504928,
            0.012381015978435075,
            0.03133884101719528,
            0.022888690504473043,
            0.006685863525169279,
            0.6182967424776508,
            0.010182858479256235,
            0.020494253906438713,
            0.11689907888266075
        ],
        [
            0.02308941782690644,
            0.04914287413690611,
            0.1216461049263878,
            0.573241767231581,
            0.009004566602271658,
            0.023067946516416058,
            0.030326471621411232,
            0.015623113756967663,
            0.1415323036696856,
            0.013325433711466373
        ],
        [
            0.06494625900707433,
            0.03138415022674527,
            0.002856865265133857,
            0.5065302095228643,
            0.010228848732543285,
            0.035340242577857804,
            0.012879386758439512,
            0.1563946870062937,
