{
    "accuracy": 0.64,
    "classification_report": "              precision    recall  f1-score   support\n\n           0       0.64      0.45      0.53        20\n           1       0.82      0.45      0.58        20\n           2       0.76      0.65      0.70        20\n           3       0.57      0.60      0.59        20\n           4       0.65      0.55      0.59        20\n           5       0.90      0.90      0.90        20\n           6       0.62      0.75      0.68        20\n           7       0.67      0.70      0.68        20\n           8       0.42      0.85      0.57        20\n           9       0.67      0.50      0.57        20\n\n    accuracy                           0.64       200\n   macro avg       0.67      0.64      0.64       200\nweighted avg       0.67      0.64      0.64       200\n",
    "y_score": [
        [
            0.04237527013786361,
            0.04351019141094219,
            0.016076305799471398,
            0.06013798758142285,
            0.040993709148339906,
            0.20848790315904972,
            0.013059601394286562,
            0.05556153742771341,
            0.40051893385924175,
            0.11927856008166948
        ],
        [
            0.05186040627793324,
            0.06348344781703821,
            0.04479009031927221,
            0.050372958508857854,
            0.18219040669899764,
            0.01970691843992491,
            0.04013556057900487,
            0.008623786773752912,
            0.007098288013130392,
            0.5317381365720876
        ],
        [
            0.05844072366547452,
            0.21698964804074725,
            0.04481038457763673,
            0.02734517816306065,
            0.14406375116335698,
            0.13636704899523297,
            0.01634712194065608,
            0.07659699748469123,
            0.13442605752745368,
            0.1446130884416901
        ],
        [
            0.030853758710505816,
            0.036400190552655705,
            0.032431171320521555,
            0.02198536652888942,
            0.07979822863577075,
            0.43244264850963104,
            0.009553149926896466,
            0.02303847174491796,
            0.2851279447684976,
            0.04836906930171383
        ],
        [
            0.09303707787889003,
            0.19179536325542837,
            0.04481956619446022,
            0.19012857538660127,
            0.0400717271621024,
            0.053313312928232534,
            0.013198974722201443,
            0.05709974896902141,
            0.27808478886303245,
            0.03845086464002926
        ],
        [
            0.008504017927621406,
            0.016519832243889327,
            0.04579434550091371,
            0.0649888285981817,
            0.12101853495327348,
            0.002445786719708769,
            0.6516065741158373,
            0.01952691367723428,
            0.002812969388533501,
            0.0667821968748061
        ],
        [
            0.03488722339574228,
            0.05854922873994621,
            0.09687589983637723,
            0.03181024635247327,
            0.16521197364458348,
            0.07569862271732089,
            0.012273469153087628,
            0.11722116083248853,
            0.17041599809034605,
            0.23705617723763547
        ],
        [
            0.0016249228512674183,
            0.015731879224003015,
            0.7039940077489778,
            0.005694636495774741,
            0.1360333769491815,
            0.0066982976655037664,
            0.0062068828617853075,
            0.1129209876388989,
            0.0032061204515036607,
            0.007888888113104136
        ],
        [
            0.0036245645727766766,
            0.014511173132667705,
            0.19459863272689137,
            0.022599251640607113,
            0.6742934029268829,
            0.003027705447582687,
            0.02696038690421644,
            0.045237400954186505,
            0.0008411839439352851,
            0.01430629775025319
        ],
        [
            0.07154275588587505,
            0.02657957073393752,
            0.03580064390521772,
            0.012046857492851447,
            0.004073642013755449,
            0.7944087008301018,
            0.011716027665595846,
            0.004702996052757511,
            0.013868681637300703,
            0.025260123782606808
        ],
        [
            0.4003456532011384,
            0.06270828186660041,
            0.0073588328309055154,
            0.16663678546555083,
            0.03228340611599048,
            0.007431850549840409,
            0.1452733880931978,
            0.006348684934042601,
            0.006243431815127372,
            0.1653696851276063
        ],
        [
            0.1296738312385402,
            0.3004533645382757,
            0.013286927043734144,
            0.18430388250303203,
            0.19296177381962643,
            0.01560343165989401,
            0.04390952662403333,
            0.014078979788824808,
            0.013249276311225954,
            0.09247900647281351
        ],
        [
            0.126716399660868,
            0.07311047377235998,
            0.03648970015351957,
            0.13261057473443108,
            0.08883176138928804,
            0.029732766074485443,
            0.015297545409440923,
            0.08661851009363483,
            0.29880664876408974,
            0.11178561994788201
        ],
        [
            0.16182541743417744,
            0.028051715818176757,
            0.003458076630236977,
            0.07807745507404487,
            0.01801310485781703,
            0.009764008831184681,
            0.005640236244730257,
            0.006914673835692876,
            0.626476262300089,
            0.061779048973850274
        ],
        [
            0.12948646911705466,
            0.2903099107701347,
            0.01961196208570081,
            0.2734537228160643,
            0.02724214685073849,
            0.025076547339094625,
            0.008936337649705486,
            0.02312046042981227,
            0.0032756395414908863,
            0.1994868034002038
        ],
        [
            0.03696358579368177,
            0.06639478798760992,
            0.02175745987105952,
            0.536000384142872,
            0.0358994835099769,
            0.00307102364629753,
            0.2474106436575934,
            0.003726826083237925,
            0.007218686399195528,
            0.04155711890847541
        ],
        [
            0.12650843952287052,
            0.13144874698271142,
            0.011278299260022525,
            0.0615898128701624,
            0.026900975844901486,
            0.07511484188969013,
            0.008282931173251106,
            0.019350582888913143,
            0.472025785219633,
            0.06749958434784441
        ],
        [
            0.09871276172202413,
            0.018946770574254704,
            0.06631254865377138,
            0.017468790248344412,
            0.025938797495001758,
            0.6864761412968472,
            0.008369459355209354,
            0.017516273941122457,
            0.017376208338947863,
            0.04288224837447653
        ],
        [
            0.14479270471407935,
            0.04074627400784707,
            0.006985879938513179,
            0.08799205825925935,
            0.025989597178798306,
            0.048663796004845834,
            0.00798322245653894,
            0.04851344575584895,
            0.45520520411019555,
            0.1331278175740731
        ],
        [
            0.01511652821613558,
            0.13709776176504618,
            0.16486621700362308,
            0.010671547883032085,
            0.010443745683706354,
            0.004108202411670043,
            0.5290193538468615,
            0.005962509932585095,
            0.003610095188263294,
            0.11910403806907631
        ],
        [
            0.006530830365915544,
            0.020159973473142075,
            0.5510903921570588,
            0.02074504056025286,
            0.07413926660818333,
            0.03141517928278417,
            0.00812572583042516,
            0.21313556585223076,
            0.029112730412367515,
            0.045545295457639814
        ],
        [
            0.23766642960684145,
            0.11569685755652366,
            0.006761052018393912,
            0.10111160082229116,
            0.05542825727632801,
            0.010086981118831207,
            0.37430766977155644,
            0.0109283156833367,
            0.003688904836599686,
            0.08432393130929786
        ],
        [
            0.1027187059633365,
            0.027995480120136994,
            0.011296233591634985,
            0.8272215412526723,
            0.001912644079755937,
            0.0018508725548348186,
            0.004498009834448144,
            0.0027567671762806444,
            0.002046381113474131,
            0.01770336431342541
        ],
        [
            0.004000904137875887,
            0.09913767230516038,
            0.6698329389838888,
            0.0015611621352482588,
            0.06375161060375274,
            0.006231157957091151,
            0.08171511225192707,
            0.01026828022845751,
            0.0014266667546739891,
            0.062074494641924625
        ],
        [
            0.9645379317593845,
            0.0030362699903432482,
            0.0001615307837165195,
            0.018986407838693566,
            0.002468600573611797,
            0.0005062138972764984,
            0.0014052094603633754,
            0.00036372833346436654,
            0.00723310138423077,
            0.0013010059789150656
        ],
        [
            0.012744992791321201,
            0.8314609187728538,
            0.027032048872900463,
            0.0100746841125981,
            0.028647565764122807,
            0.002803555247691436,
            0.03890561786862271,
            0.016492963635643173,
            0.0019587197755710026,
            0.029878933158675614
        ],
        [
            0.07048602190949403,
            0.027104095005313307,
            0.08300284442709753,
            0.04867195559595943,
            0.11166720527263396,
            0.06753951608313079,
            0.013114841793752021,
            0.12933549873607011,
            0.4162521275737226,
            0.03282589360282667
        ],
        [
            0.5583975028594313,
            0.03461007479744006,
            0.022615971038385894,
            0.06796407919894347,
            0.010147479607752155,
            0.14808005630262838,
            0.006124856746963974,
            0.009526596408356043,
            0.09565714552734705,
            0.04687623751275151
        ],
        [
            0.05873517884328024,
            0.0542326734316838,
            0.044827216516721544,
            0.07930457801745856,
            0.09680525824719267,
            0.28444643927755275,
            0.020119158732611747,
            0.10216341021408623,
            0.17167083259130766,
            0.08769525412810454
        ],
        [
            0.01998147833977044,
            0.09022849488056528,
            0.03534882799529859,
            0.03240853158834201,
            0.04779669077153892,
            0.5987212369111028,
            0.009494629126115242,
            0.04242404200393493,
            0.06950166485952057,
            0.05409440352381111
        ],
        [
            0.011857693905470564,
            0.05004988065775242,
            0.04474612864525202,
            0.2494816450752655,
            0.05830841723894028,
            0.003588860564790153,
            0.543048408867434,
            0.006760579508944574,
            0.003779561011470038,
            0.0283788245246803
        ],
        [
            0.00046760629032631645,
            0.013321510485811485,
            0.888065019204277,
            0.0011060609148307971,
            0.014154220702000783,
            0.0007218116871620495,
            0.07114186904971478,
            0.005325968282275467,
            0.00019361829208406524,
            0.005502315091517586
        ],
        [
            0.009178564870289566,
            0.04107788638709158,
            0.14181407403945653,
            0.03080203300358244,
            0.11661992730591195,
            0.35939900574090955,
            0.01682701957577937,
            0.11881406486110573,
            0.02106396444798282,
            0.14440345976789054
        ],
        [
            0.6446095575639315,
            0.026162690752419684,
            0.02016214756373274,
            0.11687390336570194,
            0.1403093169838898,
            0.004978899753660039,
            0.016373505360104127,
            0.009259902171662731,
            0.0053405794976664036,
            0.015929496987230903
        ],
        [
            0.002681196812568139,
            0.9660486539400315,
            0.0007962396031520535,
            0.00010727257147880629,
            0.010516472424292572,
            0.006307284403858396,
            0.0032475422311148703,
            0.0008238034011181067,
            0.0013256611776670368,
            0.008145873434718474
        ],
        [
            0.014874645507812902,
            0.0903332159612658,
            0.010367383466485922,
            0.14180930761981736,
            0.17038891237174655,
            0.0047796068341574,
            0.45116412210376944,
            0.009773055317935379,
            0.004110563196907051,
            0.10239918762010208
        ],
        [
            0.002297768831882882,
            0.03065867403966943,
            0.020676616572952805,
            0.005735375764301802,
            0.0797629180248227,
            0.002168781255119619,
            0.1478281755720201,
            0.0059194841024364005,
            0.0016869425010131954,
            0.7032652633357813
        ],
        [
            0.012100441221774302,
            0.020373787273122376,
            0.24026092611781097,
            0.009693991198545493,
            0.19921112143499503,
            0.008847117273248275,
            0.005662298203987387,
            0.48306155122967137,
            0.011253015772106011,
            0.009535750274738491
        ],
        [
            0.002441412524069415,
            0.14022202376984158,
            0.48313644550618123,
            0.0023216843545992775,
            0.0270830993889614,
            0.006823671553529478,
            0.3017380684090444,
            0.007767488262824939,
            0.0007892855293855771,
            0.0276768207015624
        ],
        [
            0.5893507755039414,
            0.05287301470398177,
            0.0006461086374390421,
            0.2426028306938575,
            0.015239526701791335,
            0.004170926818753148,
            0.03824184842099443,
            0.0019835358196348216,
            0.032442527765125476,
            0.0224489049344813
        ],
        [
            0.05114151992966734,
            0.061122028814103405,
            0.01739401928629377,
            0.2929866661355136,
            0.08136726769914945,
            0.020411552926337416,
            0.009594716138639412,
            0.05904207505320883,
            0.3421173883182004,
            0.06482276569888643
        ],
        [
            0.11466011647273415,
            0.029858564061825812,
            0.005471548201673435,
            0.10462870057181435,
            0.013391803471515553,
            0.010828671331238519,
            0.013250125542643982,
            0.04923997248572961,
            0.45516195740503385,
            0.20350854045579064
        ],
        [
            0.01563695687756894,
            0.01780629059166532,
            0.04772034452158954,
            0.04193717220404118,
            0.23822213728794192,
            0.009942288937258533,
            0.006186408612727117,
            0.5716653372415953,
            0.020632750720010782,
            0.030250313005601524
        ],
        [
            0.7714842949815855,
            0.021426846437487313,
            0.005800713314405083,
            0.03970545533887869,
            0.009228928711763748,
            0.012633364870445885,
            0.005011371997846389,
            0.012375723838826309,
            0.1032982508738812,
            0.019035049634879925
        ],
        [
            0.07281599779263366,
            0.10092926514889057,
            0.011893177989875893,
            0.12138357670572615,
            0.027051265462349018,
            0.3472264999298335,
            0.010300844747236526,
            0.0386012230588436,
            0.2148133362358368,
            0.05498481292877397
        ],
        [
            0.029219575443343613,
            0.017572351622790378,
            0.015646498451100166,
            0.023456979641194583,
            0.022512363796962715,
            0.6561164062480941,
            0.009176474777264111,
            0.025038596691358155,
            0.17567787008317826,
            0.02558288324471375
        ],
        [
            0.002072189205453588,
            0.016508976869345007,
            0.014741455714340759,
            0.019553402213468737,
            0.04045933927854362,
            0.002658161212766145,
            0.8482134721786164,
            0.004087765853892686,
            0.0012856072257828536,
            0.05041963024779035
        ],
        [
            0.01106692007283346,
            0.9180310987398917,
            0.005834898267529103,
            0.015412767570032475,
            0.015307361790005072,
            0.0014722804254918378,
            0.015316465067496636,
            0.005464026113336448,
            0.002154466124980656,
            0.009939715828402218
        ],
        [
            0.003127075226901591,
            0.03750179073832179,
            0.13267207295704112,
            0.010912308491374633,
            0.31380969891497484,
            0.002170888961944754,
            0.1937200047923632,
            0.03719063984295662,
            0.0036262663481118305,
            0.2652692537260091
        ],
        [
            0.0018627143091523172,
            0.004323356576063356,
            0.026838296627298492,
            0.005226562276191355,
            0.12556246147869043,
            0.0012711618336273055,
            0.012906431515071959,
            0.8151396353739027,
            0.0005007821595945354,
            0.006368597850407371
        ],
        [
            0.005024806680622356,
            0.02280400975136873,
            0.01596137390302068,
            0.004918398596554794,
            0.8904263412080936,
            0.0025231843430058337,
            0.00886202004266932,
            0.03220420372989229,
            0.0006751312976652091,
            0.016600530447107624
        ],
        [
            0.02554400388283106,
            0.05865648762663068,
            0.2613484442049917,
            0.03905915271489502,
            0.1035026710820845,
            0.07498627067688558,
            0.025957540904917607,
            0.13897653598492513,
            0.05616347902096766,
            0.21580541390087096
        ],
        [
            0.004040608650409913,
            0.017734345014553447,
            0.1053006103835999,
            0.01075889843488427,
            0.7342145535428618,
            0.0030189100617503645,
            0.0389561679592507,
            0.07185041112369099,
            0.0007521242973861045,
            0.013373370531612248
        ],
        [
            0.02042233003887017,
            0.07459275372012772,
            0.028025871775466317,
            0.022803479731302843,
            0.03502833703888904,
            0.5501298000498592,
            0.01264856944896796,
            0.08273289427016245,
            0.05742874205174749,
            0.11618722187460678
        ],
        [
            0.11420569307360627,
            0.007981464099357502,
            0.004782315931377344,
            0.12440991474263526,
            0.02307854266088307,
            0.007919500653965541,
            0.0049281723858925755,
            0.025331202724248963,
            0.6745121866335415,
            0.012851007094491843
        ],
        [
            0.09434561531922571,
            0.2547148873885468,
            0.0165568142584379,
            0.1606546607743427,
            0.07940680766697324,
            0.011858477211700734,
            0.31545856911511844,
            0.005298874371400874,
            0.004843869754102415,
            0.05686142414015104
        ],
        [
            0.048608756546824096,
            0.05335270063141664,
            0.026380883109970582,
            0.359626806798808,
            0.02758625150013367,
            0.025772510532533915,
            0.017534283904278997,
            0.028131189837763537,
            0.18925036779845783,
            0.22375624933981283
        ],
        [
            0.034689358403271295,
            0.2665466008372093,
            0.21768940872635004,
            0.04121752282551442,
            0.01591282258802021,
            0.0072053530547772785,
            0.34689318790373963,
            0.013045001013192135,
            0.010997923639875605,
            0.04580282100804982
        ],
        [
            0.023386988357834374,
            0.5150035986030657,
            0.008192924956939705,
            0.190736085489223,
            0.02795666334360363,
            0.0037167456267694823,
            0.19998623745694655,
            0.006882435325068426,
            0.004995681078635943,
            0.01914263976191334
        ],
        [
            0.15288462068557532,
            0.06203631304897893,
            0.07763535125794035,
            0.3257195710092193,
            0.023411675071866197,
            0.12530278333335912,
            0.011128755210422501,
            0.012826541595055495,
            0.10972021463172914,
            0.09933417415585381
        ],
        [
            0.11819860483731115,
            0.18619670921780268,
            0.05671301070449872,
            0.09261131710019582,
            0.08047667271451459,
            0.0770058205919459,
            0.016765059165731018,
            0.05705990613086562,
            0.25893959442059394,
            0.05603330511654103
        ],
        [
            0.2851483159937023,
            0.02965675098464186,
            0.00925147308772897,
            0.10726946452303333,
            0.042649377098855266,
            0.034824443821880324,
            0.011761728839033524,
            0.06008445742100899,
            0.37691789046823027,
            0.042436097761885415
        ],
        [
            0.20903479896205596,
            0.0499081834945544,
            0.06578107588070267,
            0.04767876154321779,
            0.016101788637860177,
            0.4532400607946925,
            0.010628308390853575,
            0.006374496417639457,
            0.12236962543675678,
            0.018882900441666833
        ],
        [
            0.054070738520574896,
            0.06668875003477594,
            0.050698495984883324,
            0.09917916733692378,
            0.12223220824061366,
            0.06326995229991603,
            0.014931335313209608,
            0.2343005357618327,
            0.14974613930192848,
            0.14488267720534165
        ],
        [
            0.071799673468804,
            0.055296918679103,
            0.04795585363492555,
            0.0985676216470119,
            0.10540206419572423,
            0.028982104199838973,
            0.0122337393678323,
            0.1299986929925017,
            0.27612652496792445,
            0.17363680684633342
        ],
        [
            0.011273215475263991,
            0.12034898207232947,
            0.004651666193333098,
            0.0017758584039062374,
            0.7387682176358976,
            0.0060236430865518685,
            0.005583429864527642,
            0.009733095973853145,
            0.0015891548757848313,
            0.10025273641855184
        ],
        [
            0.015352648336727134,
            0.05252122592274296,
            0.09480941503777265,
            0.027308983363698396,
            0.09172355913244029,
            0.03589936564397653,
            0.01346463999115456,
            0.17774941042439646,
            0.05830978369197915,
            0.4328609684551115
        ],
        [
            0.11940963926716046,
            0.0518082195927962,
            0.03283436218143269,
            0.07310996790859174,
            0.10151893993897784,
            0.14816738111872343,
            0.011165444068271975,
            0.09013666775127185,
            0.34126464989592076,
            0.0305847282768529
        ],
        [
            0.034212948731902115,
            0.12019145376708358,
            0.026354352268341128,
            0.08084551031518555,
            0.13591542230480627,
            0.03782968876074136,
            0.018615654933151333,
            0.15130679590900545,
            0.08851783620889758,
            0.30621033680088605
        ],
        [
            0.0015649641993995631,
            0.004782863604951611,
            0.21738440499522532,
            0.002393443831977321,
            0.29989678583425317,
            0.0031686518230717477,
            0.004649859981165571,
            0.45933930048762595,
            0.0025458485911496105,
            0.004273876651180089
        ],
        [
            0.019311872531216953,
            0.18138260305437665,
            0.008939460139552512,
            0.04598493209802047,
            0.12664609901875873,
            0.010119254335678975,
            0.5350549700258485,
            0.0068118540309159235,
            0.002092521035740418,
            0.0636564337298912
        ],
        [
            0.13039608777579137,
            0.023121078616246907,
            0.009538945201453642,
            0.057291777955386945,
            0.04386998464467598,
            0.03292144007836053,
            0.01562733268091871,
            0.0479166663982863,
            0.5953229108687301,
            0.04399377578014925
        ],
        [
            0.008923551787937673,
            0.8136768813459514,
            0.01706062535659366,
            0.020453058917221784,
            0.024330330790341498,
            0.003184874995375201,
            0.0706109530688684,
            0.01058557500701965,
            0.0016983989545793095,
            0.0294757497761123
        ],
        [
            0.003291854623496404,
            0.011310162549948408,
            0.004171807791869364,
            0.004853808823467056,
            0.1263403055765786,
            0.0004907212873018627,
            0.0095613668021731,
            0.8375880076324337,
            0.000933484940195447,
            0.001458479972536126
        ],
        [
            0.03674485038663362,
            0.028310445029971217,
            0.10589122451601007,
            0.06935874646384525,
            0.08526652943814968,
            0.039625710838158135,
            0.012842767756464264,
            0.051495486918639345,
            0.25641614007514757,
            0.31404809857698124
        ],
        [
            0.07071846876988484,
            0.044205903320823615,
            0.04019379558607447,
            0.013842371951648457,
            0.34286074213066,
            0.021082270303059238,
            0.012716265014874105,
            0.3525685374298074,
            0.06890889912799356,
            0.032902746365174595
        ],
        [
            0.4273632119944535,
            0.11006971680115873,
            0.002273360195279173,
            0.30608848191993815,
            0.038092496152126204,
            0.009078987997253807,
            0.07188038187940801,
            0.006128214180432531,
            0.014704446400559911,
            0.014320702479390065
        ],
        [
            0.011749795297237664,
            0.0261039779540065,
            0.12715037688654426,
            0.019368705302359755,
            0.2033957584422908,
            0.03710756205000458,
            0.013437893218859033,
            0.50624575515022,
            0.02558411575667476,
            0.02985605994180247
        ],
        [
            0.05673291410069849,
            0.16062992527813555,
            0.024952666537668436,
            0.03115174375887343,
            0.2016842949228624,
            0.06262069203883905,
            0.008255804721181174,
            0.0737462887085867,
            0.1993414102244866,
            0.18088425970866798
        ],
        [
            0.020232935220576297,
            0.04214081860814182,
            0.18948561066417888,
            0.0888543047593871,
            0.08632887000536328,
            0.027247515884083896,
            0.01210093024601244,
            0.46511550043643896,
            0.03418079865818696,
            0.034312715517630404
        ],
        [
            0.007509699501057584,
            0.004838567019506617,
            0.021532780681992544,
            0.89459106553778,
            0.00538632436259722,
            0.0012983141715308662,
            0.05752876166492482,
            0.0018525333921207852,
            0.0015919958935011413,
            0.0038699577749885397
        ],
        [
            0.016619900834409576,
            0.016621878288588618,
            0.012349722081639319,
            0.010596454115640265,
            0.12247240354901764,
            0.0010667864751163615,
            0.010996783269747032,
            0.7932652785838678,
            0.0012344874650806817,
            0.014776305336892722
        ],
        [
            0.11659027136443816,
            0.07138343766929854,
            0.02065649785026113,
            0.13375929096516012,
            0.04582783321886498,
            0.05299912364131199,
            0.0110890179458933,
            0.07998350984465567,
            0.4402677206808316,
            0.027443296819284545
        ],
        [
            0.008387803220043505,
            0.010461615922332381,
            0.12923441830497157,
            0.012760371401177889,
            0.7124267163716475,
            0.0017931641493729301,
            0.022145088166147655,
            0.07847081379855542,
            0.0012869068799233859,
            0.02303310178582797
        ],
        [
            0.038576611140715054,
            0.07205432735812585,
            0.009339101131219878,
            0.047337030780158156,
            0.020677538032979254,
            0.6159684156094787,
            0.0139444748169394,
            0.029001905017403216,
            0.11017218608675257,
            0.042928410026228145
        ],
        [
            0.003368866523372892,
            0.02872280189553297,
            0.09326585804462952,
            0.015141822848970175,
            0.1474120692188305,
            0.0055880659367002865,
            0.3242999213749706,
            0.017866916323645992,
            0.00544807553021675,
            0.3588856023031296
        ],
        [
            0.08753202598036258,
            0.12848619970923786,
            0.01675931160942775,
            0.1849868234804836,
            0.06122922196114663,
            0.04504048559061885,
            0.015640230052643325,
            0.07823958997352062,
            0.2405117077341833,
            0.14157440390837522
        ],
        [
            0.01539629142144643,
            0.046692197281537305,
            0.12648500120282102,
            0.02316386215050795,
            0.6571452816140595,
            0.002265271523988187,
            0.02301177193092229,
            0.08889447436233522,
            0.0019073944358499074,
            0.015038454076533028
        ],
        [
            0.04059677072846483,
            0.2626826080376097,
            0.06512864176226144,
            0.019952300970418592,
            0.0653848076972365,
            0.06677002172714527,
            0.01861667142622975,
            0.12326067211272265,
            0.1068914280378514,
            0.23071607750005993
        ],
        [
            0.06103179575214035,
            0.08804838537637902,
            0.01389331335540458,
            0.014764655696356094,
            0.04162994094103146,
            0.2722827712120254,
            0.008257989995387925,
            0.0173227501411176,
            0.44232797004352287,
            0.04044042748663457
        ],
        [
            0.00831301554211939,
            0.06952135023644958,
            0.019477071105202,
            0.05698467577962476,
            0.03787375840409539,
            0.004101206913035227,
            0.6144048071240477,
            0.005810653486295229,
            0.005987218379316156,
            0.17752624302981468
        ],
        [
            0.09288215031734252,
            0.13972229265029754,
            0.028515275883043978,
            0.1376328412036641,
            0.03008347231237982,
            0.045582676588435046,
            0.041809075991480385,
            0.03911319229145706,
            0.3767217096385348,
            0.06793731312336493
        ],
        [
            0.005608291225368056,
            0.013358488351361256,
            0.017172969513951194,
            0.05553008087996138,
            0.02324002704517338,
            0.005051804733998233,
            0.8472790385560246,
            0.004040319484239363,
            0.0019002774226633652,
            0.026818702787259244
        ],
        [
            0.28749268755534857,
            0.03406741090801456,
            0.0027041231500118377,
            0.6446539494115079,
            0.0013260098592226001,
            0.0012424484247120144,
            0.002887225699892833,
            0.002583825113166222,
            0.005266033272025342,
            0.017776286606098497
        ],
        [
            0.005532224046165589,
            0.015128131057541766,
            0.07610095686607428,
            0.024477290871812624,
            0.694277042144358,
            0.0013269436770227147,
            0.0859607677260363,
            0.03985071136626076,
            0.005904660328896117,
            0.051441271915832185
        ],
        [
            0.008194844351096062,
            0.06575892687312138,
            0.023092795128149636,
            0.002906711782251156,
            0.033069530463563104,
            0.765345268736792,
            0.00732967811984341,
            0.011809777628165135,
            0.05334903155980074,
            0.029143435357217872
        ],
        [
            0.03167717597828885,
            0.09368010542229473,
            0.028878614491160883,
            0.11751948942607335,
            0.02514680773209066,
            0.48600914751769814,
            0.013130794784563247,
            0.054759946087568116,
            0.0875227314963773,
            0.06167518706388483
        ],
        [
            0.004673786680511446,
            0.01407910244186834,
            0.5697226663914471,
            0.0024656197727367744,
            0.16182774402296884,
            0.04625074689831422,
            0.003209307312741185,
            0.16741268878202098,
            0.011764276015708019,
            0.018594061681682688
        ],
        [
            0.06752231709206964,
            0.08734353634213775,
            0.053090043960272185,
            0.02119657131398952,
            0.0635596112412126,
            0.16744880137289583,
            0.009855239447408362,
            0.02487735674894133,
            0.46402504942537265,
            0.04108147305570005
        ],
        [
            0.07342692195148255,
            0.13522524428931748,
            0.021437368176424755,
            0.10466643578777002,
            0.16473041263980498,
            0.03895272519798067,
            0.0105357586674899,
            0.08312892290386424,
            0.24847978143288388,
            0.11941642895298166
        ],
        [
            0.0011215987994037612,
            0.07680841072190886,
            0.031821832340126484,
            0.001063386742698935,
            0.11850582755905187,
            0.004165059301991374,
            0.15558638194923757,
            0.004670151660852967,
            0.0018967579488086287,
            0.6043605929759193
        ],
        [
            0.42256720656040236,
            0.15316312923892916,
            0.03097378633290843,
            0.003962899070472112,
            0.12991964753714375,
            0.05065187371910752,
            0.02080200511811024,
            0.011455724286846054,
            0.010185506354800823,
            0.16631822178127945
        ],
        [
            0.049222367769091356,
            0.03000536017900173,
            0.20652711803996293,
            0.07335400089580979,
            0.10493174145186542,
            0.06852127326924405,
            0.01550003576817777,
            0.1614493601084021,
            0.2253816003226359,
            0.06510714219580789
        ],
        [
            0.007184513457954052,
            0.0236317488501196,
            0.01032349224555733,
            0.007849827357760642,
            0.13143764820538925,
            0.001300685165428395,
            0.011249696631727094,
            0.7990752319140094,
            0.0006412011020561611,
            0.00730595506999822
        ],
        [
            0.0071250656534468625,
            0.21077897389080757,
            0.02770110242886842,
            0.0039442427429128984,
            0.10893666623762611,
            0.005108409364625878,
            0.14278581748200214,
            0.004999867759712686,
            0.00838580389907624,
            0.4802340505409211
        ],
        [
            0.03284243254712002,
            0.03305080893619988,
            0.007216240959918281,
            0.20243101747387945,
            0.07781236841183786,
            0.00901926575491919,
            0.511311612576318,
            0.007269121867737405,
            0.009031180292624709,
            0.11001595117944502
        ],
        [
            0.3144482911714502,
            0.022064134490971665,
            0.0006581940205069847,
            0.608103999362662,
            0.0013705179297894541,
            0.0010658778180727756,
            0.0022039069500993306,
            0.0015352543556956394,
            0.010813143096857963,
            0.03773668080389375
        ],
        [
            0.3526061937005615,
            0.11164577139508428,
            0.0049301844980841674,
            0.18920355188439372,
            0.06366512724336003,
            0.011990638943715671,
            0.2091460734439611,
            0.007989801378926714,
            0.0070723204478911955,
            0.041750337064021543
        ],
        [
            0.004703184077450501,
            0.09689747890652711,
            0.018475083240062,
            0.03826695009254162,
            0.018078966891437745,
            0.003667784003259829,
            0.7404740565306411,
            0.008012405550647977,
            0.004619271172132014,
            0.06680481953530025
        ],
        [
            0.03981673559552627,
            0.04759096604865629,
            0.04202388477344434,
            0.5929615558005971,
            0.010825098705510992,
            0.023529646276389926,
            0.0130872355490742,
            0.012123880521678246,
            0.18961243921064558,
            0.02842855751847699
        ],
        [
            0.11149890893955568,
            0.043333533830854316,
            0.004124035102104892,
            0.37803059969307845,
            0.008772678564171552,
            0.022102246376698352,
            0.006514239721071197,
            0.04265108113307103,
