{
    "accuracy": 0.64,
    "classification_report": "              precision    recall  f1-score   support\n\n           0       0.64      0.45      0.53        20\n           1       0.82      0.45      0.58        20\n           2       0.76      0.65      0.70        20\n           3       0.57      0.60      0.59        20\n           4       0.65      0.55      0.59        20\n           5       0.90      0.90      0.90        20\n           6       0.62      0.75      0.68        20\n           7       0.67      0.70      0.68        20\n           8       0.42      0.85      0.57        20\n           9       0.67      0.50      0.57        20\n\n    accuracy                           0.64       200\n   macro avg       0.67      0.64      0.64       200\nweighted avg       0.67      0.64      0.64       200\n",
    "y_score": [
        [
            0.04636385679408493,
            0.04457674177261706,
            0.015607681137117415,
            0.055409703518153844,
            0.0383626239639755,
            0.19074432144678594,
            0.012629843873005723,
            0.05297048688490927,
            0.42516523415488494,
            0.11816950645446503
        ],
        [
            0.060448903549379956,
            0.07520599673152796,
            0.046414437088806285,
            0.05127132404154601,
            0.16606746015810167,
            0.02290158062638322,
            0.0396467255181386,
            0.008881701660155762,
            0.007625917727011913,
            0.5215359528989488
        ],
        [
            0.06212924243399399,
            0.22420014066491642,
            0.04459734814552342,
            0.025731200582603725,
            0.1321642304037871,
            0.13648514647753718,
            0.015475841904344402,
            0.07318818052532902,
            0.1382540608563247,
            0.14777460800563968
        ],
        [
            0.03576242787565917,
            0.03705289671504761,
            0.030249927661475745,
            0.02144203473383433,
            0.07476869164548514,
            0.4213818279601401,
            0.00944267446555451,
            0.02244182415390059,
            0.3001082906641936,
            0.0473494041247089
        ],
        [
            0.09214026911332956,
            0.19383881603279604,
            0.04598961915858034,
            0.1833663598673722,
            0.03663171018396752,
            0.055660620387825585,
            0.012643885599119413,
            0.05541720320530085,
            0.2839823991587394,
            0.04032911729296921
        ],
        [
            0.010304234529719259,
            0.01825357824413207,
            0.04489635739075188,
            0.06585067034140912,
            0.10852128302532486,
            0.0027803354825913485,
            0.6602894134823382,
            0.018738217560663562,
            0.0030590265584456385,
            0.06730688338462429
        ],
        [
            0.03873498576478898,
            0.061417743958764065,
            0.09885160352877319,
            0.03077695186606985,
            0.15834983829497284,
            0.07408878093921488,
            0.01183325460688131,
            0.11202105748519282,
            0.16515024745319873,
            0.2487755361021432
        ],
        [
            0.0020172419535725386,
            0.015164508087220722,
            0.7137095102358684,
            0.005757503786411083,
            0.1343823582207526,
            0.006669616922230301,
            0.005816683192341601,
            0.10605867240961395,
            0.003368388608385142,
            0.007055516583604352
        ],
        [
            0.0037637998252693984,
            0.013246506325963832,
            0.21389263113903556,
            0.02149880494703421,
            0.6716880843519949,
            0.0028962236820803604,
            0.023558622464757557,
            0.03613680655474173,
            0.0007413738251699343,
            0.012577146883953078
        ],
        [
            0.0859698645892549,
            0.02943654919825414,
            0.0370106786215606,
            0.013773306151453273,
            0.004522353791720553,
            0.7671887636708254,
            0.012336680174074768,
            0.005462100717156273,
            0.015126472108417591,
            0.029173230977282562
        ],
        [
            0.38733621094055104,
            0.06848324306189711,
            0.007004815868556676,
            0.1787728992294863,
            0.029678205713284743,
            0.008530746148833989,
            0.13404833832757035,
            0.0059422630794432755,
            0.006058230064846173,
            0.1741450475655306
        ],
        [
            0.13202550228425838,
            0.3232562335499035,
            0.013878834587581091,
            0.17362230653222557,
            0.1757554166380807,
            0.018247046042050442,
            0.04046209425254443,
            0.013332165578573352,
            0.013572308414846548,
            0.09584809211993574
        ],
        [
            0.12614904830317808,
            0.07562765458115439,
            0.03853726035626966,
            0.13041755852013553,
            0.08574928376882533,
            0.03250035012166917,
            0.014962933526814154,
            0.08362777211927812,
            0.2960646213436941,
            0.1163635173589811
        ],
        [
            0.16147018077271844,
            0.02817226066576448,
            0.0034100482907035694,
            0.07827205069199683,
            0.017126904842219497,
            0.011539903971374976,
            0.005390765684285064,
            0.007036971359887482,
            0.628555497303683,
            0.059025416417366826
        ],
        [
            0.13100806551100683,
            0.3026569884908017,
            0.020511327361452787,
            0.25513068348289203,
            0.024218949385932942,
            0.02970203994967254,
            0.008754171201030525,
            0.023871803851589088,
            0.0034520495209740772,
            0.20069392124464802
        ],
        [
            0.04184410463594287,
            0.06786269047848094,
            0.022686894176630452,
            0.5322838757397176,
            0.03529384779494072,
            0.0037282567235268197,
            0.2405408350971515,
            0.004036924488372955,
            0.007147560298281069,
            0.044575010566955
        ],
        [
            0.12389800433643909,
            0.13096550713308816,
            0.011266772194401413,
            0.0574679689406755,
            0.024061236883175713,
            0.07248824702741712,
            0.008063712750035578,
            0.018839571403832713,
            0.48676583212636876,
            0.06618314720456585
        ],
        [
            0.11477013122439766,
            0.019211272000615308,
            0.058794975571702005,
            0.017739208197980628,
            0.023986680591765668,
            0.6770220884054386,
            0.008106260555745868,
            0.017677384520406406,
            0.017263195765453824,
            0.0454288031664936
        ],
        [
            0.142613572400951,
            0.04193300994604168,
            0.006796103621829683,
            0.08534748249169473,
            0.023720640511786753,
            0.0481155032081239,
            0.007640908550220889,
            0.04587805193944017,
            0.4667578336698294,
            0.1311968936600822
        ],
        [
            0.017129864631467404,
            0.14997244197329404,
            0.15900318534536811,
            0.010816585702853805,
            0.008774369229867596,
            0.004500840209259742,
            0.5201286692934154,
            0.005906779524107821,
            0.003944950464496839,
            0.119822313625869
        ],
        [
            0.007621714407287243,
            0.020375359165828274,
            0.571360390028678,
            0.02058562787888922,
            0.06936677110638197,
            0.028710873117372054,
            0.007570385936075997,
            0.20200628578611232,
            0.028298836649820736,
            0.04410375592355399
        ],
        [
            0.24369965054035234,
            0.12661920442840768,
            0.007402112715653901,
            0.10253155591666212,
            0.05095913153846053,
            0.013368325907421904,
            0.3500660921496011,
            0.011448998753059011,
            0.004318436571166347,
            0.08958649147921521
        ],
        [
            0.11609343966246838,
            0.02905021953005076,
            0.013325500476235442,
            0.803295609703445,
            0.0022984946641959663,
            0.003098291963052555,
            0.004959435416305575,
            0.0035545125347820113,
            0.0026570461593443066,
            0.021667449890119792
        ],
        [
            0.004449491922669955,
            0.10609265741798277,
            0.6709726049818895,
            0.0016215577880441462,
            0.060353606054597206,
            0.005876997751148498,
            0.08039511344872002,
            0.009352143089470981,
            0.0014713836497730047,
            0.05941444389570419
        ],
        [
            0.9384655746393942,
            0.004843285942298575,
            0.0002990465307143469,
            0.035191956710104874,
            0.004358282761530582,
            0.0010812878487228476,
            0.0021590432894498797,
            0.0006016754961067774,
            0.010521327514250505,
            0.002478519267427327
        ],
        [
            0.012689108033955645,
            0.8446781640590098,
            0.02765515463251403,
            0.00885415369188378,
            0.019537865946821147,
            0.0026562304782707714,
            0.03418636183074839,
            0.014534240530224224,
            0.001813356763471399,
            0.033395364033100824
        ],
        [
            0.07278957703549727,
            0.027550863863809647,
            0.08549322241543453,
            0.047779719474850456,
            0.10663148609783782,
            0.06574862878643334,
            0.01273265438508108,
            0.12161099290151194,
            0.42716387841085945,
            0.03249897662868457
        ],
        [
            0.4822359073713892,
            0.03965527444778185,
            0.025727751318143945,
            0.0745777218678492,
            0.011252354050124664,
            0.18055590655304285,
            0.007246354019654141,
            0.01112457757262931,
            0.10750258173750535,
            0.06012157106187969
        ],
        [
            0.06334369552988128,
            0.05475956817100072,
            0.04393405812036215,
            0.07488450205944262,
            0.09110908339989597,
            0.2812158846775038,
            0.019532555154383256,
            0.10106066305738655,
            0.17911529548560937,
            0.09104469434453484
        ],
        [
            0.02456670408806533,
            0.08931661017483182,
            0.03269412008586526,
            0.030020565210897198,
            0.04457537761611096,
            0.6024310033578887,
            0.009386592306289016,
            0.04247558627507077,
            0.06827651492427428,
            0.05625692596070648
        ],
        [
            0.014312991038661379,
            0.05224998341089021,
            0.04450724458972903,
            0.25549388893810576,
            0.05630203083960469,
            0.004105737570759917,
            0.5328243298418114,
            0.006977428805640477,
            0.0038706582345963596,
            0.029355706730201346
        ],
        [
            0.0005719091632590825,
            0.01509303906058483,
            0.886809494736675,
            0.0011624566925662026,
            0.013976601449491588,
            0.0007269810473220453,
            0.07107631572413896,
            0.0049098194830557015,
            0.00020997339036945542,
            0.00546340925253725
        ],
        [
            0.011791250736812737,
            0.04228993832678587,
            0.1367470984037169,
            0.029326315163005705,
            0.10745487852050772,
            0.3632593203517201,
            0.016162190040603066,
            0.11906200651742266,
            0.01938779141259156,
            0.15451921052683418
        ],
        [
            0.6078167694008956,
            0.028940912077593587,
            0.024805609607313695,
            0.1337304763964866,
            0.13991315118648612,
            0.007738290394726813,
            0.018880485026288352,
            0.01071706597645461,
            0.007196529124298664,
            0.020260710809455733
        ],
        [
            0.0027081673218349953,
            0.965833384987555,
            0.0008250557059787349,
            0.00010204549636072402,
            0.005927900917966908,
            0.0072618113928221316,
            0.003012932721718928,
            0.0007137070037723759,
            0.0014023084685976586,
            0.012212685983392495
        ],
        [
            0.018722736704654526,
            0.09821305829733538,
            0.011156251809009803,
            0.14216171412323308,
            0.16677042229138786,
            0.005560171486525654,
            0.44025512777217524,
            0.009772861985002974,
            0.0045236553320541694,
            0.1028640001986208
        ],
        [
            0.003405157560838038,
            0.03474144543802425,
            0.01892013830993265,
            0.0054389187186108644,
            0.06607611563480618,
            0.0021753954947186975,
            0.13878307679112648,
            0.005473739801289137,
            0.0016746466804267324,
            0.7233113655702273
        ],
        [
            0.01446250181455416,
            0.020807207401265057,
            0.25436392043368,
            0.01101083088305907,
            0.1771141925766137,
            0.009535491300854612,
            0.005872349903792937,
            0.48396439449262935,
            0.012187412186561516,
            0.010681699006989795
        ],
        [
            0.0028393355477039843,
            0.15218150171434006,
            0.47071121399640814,
            0.0023937510202347513,
            0.024183888360920953,
            0.00696313957952974,
            0.30389335428994063,
            0.007339400278865807,
            0.0008820768274389318,
            0.028612338384616836
        ],
        [
            0.5381591995953878,
            0.057496456059737994,
            0.0008202043552752065,
            0.2770460060309912,
            0.015340908300315497,
            0.0063602632893636985,
            0.03694540056154465,
            0.0023082935816375496,
            0.03682789762772274,
            0.028695370598023937
        ],
        [
            0.05562113086643095,
            0.06132626698301702,
            0.01856080365233989,
            0.28450334262930677,
            0.07979919697995908,
            0.021786815203110536,
            0.00938282637931365,
            0.05915556793413717,
            0.34583984374435606,
            0.06402420562802903
        ],
        [
            0.1202239850092183,
            0.03158004093729696,
            0.005141758250262245,
            0.10346520907889986,
            0.012072564130836077,
            0.01206109153842945,
            0.012520801325000708,
            0.04692511027664099,
            0.448576020032221,
            0.20743341942119453
        ],
        [
            0.019166307674223903,
            0.01938018646984751,
            0.05143741924553877,
            0.0474352305002937,
            0.20807931009755576,
            0.01155706240266733,
            0.006550985606160799,
            0.5811615883387422,
            0.02196038543853843,
            0.033271524226430926
        ],
        [
            0.7115832826803036,
            0.025642483595858183,
            0.007197412540725461,
            0.05209321885568695,
            0.011010144019177404,
            0.019156508484834293,
            0.0054871871259051675,
            0.015061201222849709,
            0.1266364553444637,
            0.026132106130195547
        ],
        [
            0.07692170903467371,
            0.09927944063212822,
            0.011429484846911761,
            0.11331154999770444,
            0.024940214213174113,
            0.34447033132184046,
            0.010083362109225943,
            0.039146370547397835,
            0.2249735301962391,
            0.05544400710070425
        ],
        [
            0.036122828853908474,
            0.01868292072638788,
            0.015077901242799513,
            0.023451052436319512,
            0.0229005239906987,
            0.6405197484865967,
            0.009275981994329071,
            0.02572682314428539,
            0.18196796653647185,
            0.026274252588202804
        ],
        [
            0.0025765431161964164,
            0.01826312167243211,
            0.013562869433204686,
            0.019229526669460744,
            0.03479460353891076,
            0.002878749794670705,
            0.852300525732134,
            0.003990843519791918,
            0.00136604632729538,
            0.0510371701959033
        ],
        [
            0.010040086328460953,
            0.9342588018261129,
            0.0058283007633012605,
            0.010509780544351439,
            0.009316359375953792,
            0.001416846274197496,
            0.013044349819042057,
            0.004628872825084292,
            0.002049357449280005,
            0.008907244794216023
        ],
        [
            0.004063224836328844,
            0.03950682808391049,
            0.13353583288494292,
            0.010486153544906566,
            0.3153300898538846,
            0.0021454601173884675,
            0.1895551381606809,
            0.03299981174387583,
            0.003523581787845217,
            0.2688538789862361
        ],
        [
            0.002199943310539978,
            0.004399025761715155,
            0.02833630999993351,
            0.005658124867644327,
            0.09270363176756947,
            0.0013966766552346577,
            0.012715998009199704,
            0.8454432894608935,
            0.0005427182549944627,
            0.006604281912275363
        ],
        [
            0.004440901998746341,
            0.015585760531806138,
            0.016374846087378023,
            0.0038383028023475135,
            0.9175474968349995,
            0.002145859045437666,
            0.0062529518122414335,
            0.02160111328979424,
            0.0005921363700361877,
            0.011620631227213284
        ],
        [
            0.028476957290205683,
            0.06288321786101603,
            0.2682776503746839,
            0.038115415235010844,
            0.09552758922007007,
            0.07150447289199333,
            0.02503622185998185,
            0.13336909280247097,
            0.054227833891459486,
            0.22258154857310816
        ],
        [
            0.004141483917959466,
            0.01599421538229313,
            0.1160631617711215,
            0.010082836332542106,
            0.7464826315890136,
            0.002663344221877822,
            0.033623327487065806,
            0.05854103114969334,
            0.0006197281119204181,
            0.011788240036512649
        ],
        [
            0.025533098329129627,
            0.07597324317653592,
            0.028056059568254986,
            0.021917450082885526,
            0.032733480703175624,
            0.538904766173949,
            0.012569490833167376,
            0.0856242369982866,
            0.05460774161277763,
            0.12408043252183758
        ],
        [
            0.11644715926814687,
            0.008281918097973693,
            0.005285113253437709,
            0.11891993040242682,
            0.023009342268375605,
            0.009693386114359267,
            0.00489485668719878,
            0.025129633709844307,
            0.6747017117327601,
            0.013636948465476506
        ],
        [
            0.09825087325764578,
            0.2802107587036022,
            0.016645700183904773,
            0.15145476131961763,
            0.0703617816043213,
            0.013809856875296837,
            0.2979670152098637,
            0.005168938305014173,
            0.0049360823151807605,
            0.061194232225553084
        ],
        [
            0.05424400379143164,
            0.05596267094236758,
            0.027096061300911647,
            0.347754686298815,
            0.025964358954049183,
            0.02716678267206282,
            0.01687100478572626,
            0.02922123641116724,
            0.1820784749434818,
            0.23364071989998692
        ],
        [
            0.034059872692741355,
            0.2828101692011138,
            0.2156267672510309,
            0.03768099464116818,
            0.01352716896544273,
            0.006898734522208816,
            0.3427662579426158,
            0.011801243404910075,
            0.01044388453826123,
            0.04438490684050766
        ],
        [
            0.025099000169917892,
            0.5586289638427224,
            0.00839754781554008,
            0.16430585072326492,
            0.02253385505999056,
            0.004035028953338604,
            0.18552842304823397,
            0.006638567852045815,
            0.004903210700625238,
            0.019929551834320332
        ],
        [
            0.14894967756521543,
            0.06438156613648255,
            0.07835399008026812,
            0.31156164112724694,
            0.022098109122088695,
            0.13379114032874845,
            0.01083240154271805,
            0.013110561810969631,
            0.10965308449173149,
            0.1072678277945309
        ],
        [
            0.11611108343062776,
            0.19002121606232222,
            0.05835565705866124,
            0.08708209824670578,
            0.07368562955421881,
            0.07948450849800603,
            0.016053721037148968,
            0.05465909319254278,
            0.2672032718857899,
            0.05734372103397739
        ],
        [
            0.26576504835171044,
            0.030572928369224067,
            0.009809452481728646,
            0.10861931973613727,
            0.0422392315351021,
            0.03871032415345507,
            0.011767986789415092,
            0.05888099486133146,
            0.3888301215968318,
            0.044804592125063936
        ],
        [
            0.20354933255485144,
            0.05033735421777724,
            0.06363171614239947,
            0.04841760455939665,
            0.01572496069776174,
            0.4513751025662694,
            0.010774017706827899,
            0.006672048248773946,
            0.1293255244787268,
            0.020192338827215082
        ],
        [
            0.0579215691910762,
            0.06936959870760498,
            0.05266299369543562,
            0.09633315549455963,
            0.11541759763191703,
            0.06411204970636424,
            0.014506651102624068,
            0.22641952534566562,
            0.14915503033784225,
            0.1541018287869098
        ],
        [
            0.07610743994986303,
            0.0577884095812339,
            0.04993093027966152,
            0.09574014070905139,
            0.09971932039732527,
            0.030652959153667496,
            0.0119443333775725,
            0.12324694906707327,
            0.271447337696806,
            0.18342217978774575
        ],
        [
            0.012051297145983894,
            0.11139162724340101,
            0.0045186816651994356,
            0.0014830715759832317,
            0.7698964671275872,
            0.006040517728183282,
            0.004488449858678285,
            0.007304257781124566,
            0.0015089242258113675,
            0.08131670564804824
        ],
        [
            0.017654095440857703,
            0.05662748630207179,
            0.09571618531408843,
            0.026552221888526704,
            0.08164993468300269,
            0.03574315170152478,
            0.012730726067324772,
            0.17018736382976954,
            0.05417840591441976,
            0.44896042885841403
        ],
        [
            0.11827469417141283,
            0.05128541695053254,
            0.03261290323729433,
            0.0710993525926224,
            0.09621737756270868,
            0.1457164197836428,
            0.010703623125022864,
            0.08622268187143849,
            0.35775538126313283,
            0.030112149442192305
        ],
        [
            0.03891609520121863,
            0.13070316134318122,
            0.02663104773728979,
            0.07749957676315784,
            0.1248776815708762,
            0.03939843855859651,
            0.018109494697292085,
            0.1442374859336072,
            0.08394245971240731,
            0.3156845584823736
        ],
        [
            0.0021189782236208927,
            0.005328558886585922,
            0.23381184949981593,
            0.002943151897936783,
            0.27682229550893034,
            0.0036683261242272088,
            0.004845675688446269,
            0.46260281143521953,
            0.003061617568078317,
            0.004796735167138586
        ],
        [
            0.022344796267224954,
            0.2010617478607248,
            0.009235592477039001,
            0.0443920345472464,
            0.11737802665689717,
            0.011324608303904396,
            0.5187152111577557,
            0.006537767811723245,
            0.002204419345714812,
            0.06680579557176919
        ],
        [
            0.13064539466504377,
            0.02372611063214586,
            0.00980535556891256,
            0.056649380080748046,
            0.04232575283693313,
            0.0333923084417016,
            0.015028896826847849,
            0.04500985862726368,
            0.6002569696979402,
            0.04315997262246311
        ],
        [
            0.008776695169001507,
            0.8357777271449718,
            0.016447893312112105,
            0.016356816649310955,
            0.01804251310722732,
            0.0029702880797333906,
            0.0623132276378048,
            0.00923052201890358,
            0.0015373444712468598,
            0.028546972409687277
        ],
        [
            0.00414861472081021,
            0.010960940622689121,
            0.004417146176482459,
            0.006129589099457302,
            0.09222173332341477,
            0.0005370460700688066,
            0.009100977068935095,
            0.8698414765749551,
            0.0009931231935567046,
            0.001649353149630506
        ],
        [
            0.04096406389195113,
            0.02919397604339029,
            0.10848240741492045,
            0.06653727468361247,
            0.07853800661638534,
            0.03860999557206398,
            0.012186614346947762,
            0.048854532591924786,
            0.24206800486537894,
            0.3345651239734247
        ],
        [
            0.076772071025059,
            0.04372235823509403,
            0.04333645699595205,
            0.014675347116079148,
            0.33149173299168067,
            0.02304366035106277,
            0.012184601661108244,
            0.34901413477731086,
            0.07309762681227608,
            0.03266201003437726
        ],
        [
            0.4022701149710686,
            0.11959119202673753,
            0.0027278219669065445,
            0.3129643031391765,
            0.03875879951283791,
            0.012991347603325005,
            0.06918161636899459,
            0.006825806217882794,
            0.016697488068975433,
            0.0179915101240946
        ],
        [
            0.013973616271930502,
            0.02592921840300577,
            0.13307281727077447,
            0.02069798758080793,
            0.18005132173675473,
            0.03833473510899398,
            0.013124400656504177,
            0.5189803703607297,
            0.025599817445670484,
            0.030235715164827877
        ],
        [
            0.061644158210443396,
            0.16585148891445245,
            0.025852248922877588,
            0.02961980833163839,
            0.19284505404470192,
            0.06346569567511291,
            0.008035310754174962,
            0.06976851386274398,
            0.19966676519736462,
            0.1832509560864901
        ],
        [
            0.02268681241727863,
            0.043135730181079565,
            0.19935609382060906,
            0.0918601081155121,
            0.07824675121782614,
            0.028425582686504722,
            0.011772401701653848,
            0.4540009414456702,
            0.034858885912891845,
            0.035656692500973954
        ],
        [
            0.010992814348265172,
            0.004582378518543321,
            0.022460165489374264,
            0.8875804599059606,
            0.005848614667420931,
            0.0019941920046826823,
            0.05780572158017955,
            0.0027042372450409623,
            0.0014924822646835065,
            0.004538933975848723
        ],
        [
            0.020164857758259908,
            0.017282646745527215,
            0.013018152069336668,
            0.012192706700198052,
            0.09047488966625648,
            0.001338574441926033,
            0.010937935372714444,
            0.8173506684473658,
            0.0014280315635714403,
            0.015811537234843926
        ],
        [
            0.11491771699769318,
            0.07153049542637299,
            0.021172994990520826,
            0.12947122160389657,
            0.043435579476120464,
            0.05327317840093628,
            0.010884648748977557,
            0.07613854592182105,
            0.450726119524954,
            0.0284494989087069
        ],
        [
            0.008792742318699033,
            0.00904850136682635,
            0.14293661653746353,
            0.012032099875681662,
            0.7224156166374627,
            0.001607505521923331,
            0.018497559008914515,
            0.06430458843809102,
            0.001095729537759799,
            0.019269040757178654
        ],
        [
            0.045762966336212824,
            0.07218673259992002,
            0.009711093083004548,
            0.04521820898459663,
            0.019828210446357037,
            0.6062608816810116,
            0.013952503782565318,
            0.029744783222716883,
            0.11172596914399144,
            0.04560865071962371
        ],
        [
            0.004817880464751354,
            0.03259113301987532,
            0.08919077881878561,
            0.014672734233194578,
            0.1364776690314614,
            0.0056821245506682985,
            0.319290569515609,
            0.01675461109904582,
            0.004971739400309669,
            0.3755507598662989
        ],
        [
            0.0896496874550986,
            0.13138792789813059,
            0.017023045924206053,
            0.179141726296606,
            0.05679690405912135,
            0.04700446270225239,
            0.014903071755123358,
            0.07610092397667194,
            0.24567027230573313,
            0.14232197762705698
        ],
        [
            0.015653240357058323,
            0.04164025761526107,
            0.1373663062793477,
            0.022218942156730134,
            0.6700791120441033,
            0.002297794101215608,
            0.01987362589363387,
            0.07510887749733113,
            0.001871017555023905,
            0.013890826500295215
        ],
        [
            0.04333862365785224,
            0.2726241782782252,
            0.06538315546942201,
            0.018688274177427258,
            0.05623346124570325,
            0.06608430057162598,
            0.017545029695110466,
            0.11767808431867822,
            0.10378497214417572,
            0.23863992044177995
        ],
        [
            0.06560110847795683,
            0.08526498877383365,
            0.013253605734406971,
            0.013952828045878284,
            0.03782527714543332,
            0.252655955921401,
            0.008151897674111388,
            0.016641247796782405,
            0.46780755458499884,
            0.03884553584519759
        ],
        [
            0.010603752137680276,
            0.08242304877718656,
            0.018997593036675458,
            0.055990716521666435,
            0.03312502533149778,
            0.004478320431244357,
            0.5997411439853096,
            0.005754151123406914,
            0.0059783158119216286,
            0.18290793284341103
        ],
        [
            0.09282136259513452,
            0.14053154207333857,
            0.028852654515835432,
            0.13417742409440056,
            0.02783733339553687,
            0.04739675704451244,
            0.039931821451638656,
            0.03823019377277432,
            0.3822499737529397,
            0.06797093730388933
        ],
        [
            0.00655125780865491,
            0.01457562799275751,
            0.016138581409133206,
            0.05776195537694058,
            0.020979266389489652,
            0.0056549232430359725,
            0.8448623687847922,
            0.004057687767216483,
            0.001955075438976415,
            0.027463255789003525
        ],
        [
            0.289849962510338,
            0.03195900102394115,
            0.0031027731629636106,
            0.6377743803021094,
            0.0013803774048003852,
            0.002083512907199452,
            0.0030433916221347854,
            0.0031540756971096717,
            0.005809751175457353,
            0.021842774193946264
        ],
        [
            0.0058535347069325555,
            0.01394346221382197,
            0.08004352845324278,
            0.022576082726002804,
            0.7173193158547858,
            0.0012021784796734923,
            0.07742687370605289,
            0.03162730329508521,
            0.005319743832114418,
            0.0446879767322882
        ],
        [
            0.01154573832076783,
            0.06504712852720973,
            0.020399210803732585,
            0.002860918586381182,
            0.031054908025120422,
            0.7690359811357113,
            0.007526487080597923,
            0.011220048378664577,
            0.05173711920906894,
            0.029572459932745702
        ],
        [
            0.03707120604697116,
            0.09294277376248006,
            0.028306383003757395,
            0.10710183386399279,
            0.023337067872473694,
            0.48721825226068305,
            0.013116251286380777,
            0.05718744764427157,
            0.08686905892525723,
            0.0668497253337314
        ],
        [
            0.005458123153335574,
            0.013537670968055249,
            0.5861933448279291,
            0.002472450788613615,
            0.15948097691914775,
            0.04334632910550298,
            0.002923939083218504,
            0.15750070065884944,
            0.01181697743892945,
            0.017269487056418117
        ],
        [
            0.06879476312807137,
            0.08631907683168538,
            0.05276973313298143,
            0.020301450742770975,
            0.0588765486157174,
            0.15594889971398973,
            0.00964864298805065,
            0.02336596161940379,
            0.48448245282766905,
            0.03949247039966016
        ],
        [
            0.0773380266446357,
            0.13803151945033665,
            0.022224585062465517,
            0.10018758033458536,
            0.1589648864225786,
            0.040577230105459966,
            0.010166719583642039,
            0.07931436886292227,
            0.2536061446327863,
            0.11958893890058776
        ],
        [
            0.0015561023657034007,
            0.09403003696692444,
            0.03173521230073095,
            0.001139632726955931,
            0.10428099567144793,
            0.004263785481741456,
            0.150021859275176,
            0.004439203694542861,
            0.0018917719739574177,
            0.6066413995428195
        ],
        [
            0.3988390296984928,
            0.1579178126856335,
            0.03208080351919625,
            0.004595638256491111,
            0.130114580241255,
            0.06131451566410727,
            0.02041495196242992,
            0.011590885859422214,
            0.011517755239187247,
            0.17161402687378505
        ],
        [
            0.051676759166587205,
            0.030637497201654738,
            0.21519178203826583,
            0.07234806120893726,
            0.09974257852386166,
            0.06481002032645236,
            0.014923750274445926,
            0.1540483152122006,
            0.23173371640025642,
            0.06488751964733797
        ],
        [
            0.008381455743199515,
            0.023011157022602303,
            0.01077853450360943,
            0.008930270774160916,
            0.09789873552624109,
            0.0015402468208411926,
            0.010984057184349196,
            0.829838908433132,
            0.0007224961090911231,
            0.007914137882773233
        ],
        [
            0.009560677810035174,
            0.23894601638273802,
            0.02810249551471999,
            0.0042101562173633015,
            0.09658676649732843,
            0.005744139915420941,
            0.13739488560219978,
            0.005053761629986459,
            0.00865341281298501,
            0.4657476876172232
        ],
        [
            0.040048267420877345,
            0.03588150631802985,
            0.007864684435400338,
            0.20329402226560186,
            0.07433136713015974,
            0.010127238863357185,
            0.49503004082702917,
            0.007613326464571646,
            0.00956215063188063,
            0.11624739564309233
        ],
        [
            0.30985404649378095,
            0.021363619177940003,
            0.0008075176306676058,
            0.6051132143163919,
            0.0015230476848360065,
            0.0018531930746321275,
            0.00243275120323383,
            0.001983121119002815,
            0.011413422776440765,
            0.043656066523074216
        ],
        [
            0.3469080369389249,
            0.11883786485167275,
            0.0051869863088115946,
            0.1942902015254539,
            0.062250747337292404,
            0.015792581075001953,
            0.19437952410324436,
            0.008194016274276121,
            0.0076586047745629375,
            0.04650143681075878
        ],
        [
            0.005951499477429,
            0.10929542613286622,
            0.018288699964936043,
            0.03766926593322379,
            0.015645472319883783,
            0.0039406772884164115,
            0.7264994818086782,
            0.008007097086988728,
            0.004697143870454939,
            0.07000523611712249
        ],
        [
            0.04504445332385802,
            0.04549368748727814,
            0.04489978058874129,
            0.5890423857266964,
            0.010678573109485999,
            0.024754001427934814,
            0.012841457690426319,
            0.0135291970281049,
            0.18422421280500606,
            0.029492250812468798
        ],
        [
            0.11255595343063446,
            0.042819864530999584,
            0.00449132967788075,
            0.3730603280932129,
            0.008342667802531617,
            0.02386459999280013,
            0.0065494079579940185,
