{
    "accuracy": 0.5,
    "classification_report": "              precision    recall  f1-score   support\n\n           0       0.69      0.45      0.55        20\n           1       0.58      0.35      0.44        20\n           2       0.76      0.65      0.70        20\n           3       0.32      0.30      0.31        20\n           4       0.50      0.20      0.29        20\n           5       0.65      0.65      0.65        20\n           6       0.46      0.60      0.52        20\n           7       0.41      0.70      0.52        20\n           8       0.38      0.75      0.51        20\n           9       0.58      0.35      0.44        20\n\n    accuracy                           0.50       200\n   macro avg       0.53      0.50      0.49       200\nweighted avg       0.53      0.50      0.49       200\n",
    "y_score": [
        [
            0.09552939463695095,
            0.0878773910878831,
            0.08307133009727696,
            0.10635285792701345,
            0.08140392883770822,
            0.14174829876665454,
            0.09382464535965078,
            0.077289178696264,
            0.12771083701454328,
            0.10519213757605467
        ],
        [
            0.13066794236562201,
            0.1143771871575844,
            0.08701866120260254,
            0.10381196825889966,
            0.08428534814642451,
            0.12896654705448707,
            0.08706330482600831,
            0.08377710670784409,
            0.08603813180375998,
            0.09399380247676747
        ],
        [
            0.06788345651542488,
            0.09622474177918541,
            0.12142236340592827,
            0.06966578738406973,
            0.13735887566434893,
            0.10390987803310309,
            0.09920396660596013,
            0.12922945484560733,
            0.0817676734126514,
            0.09333380235372073
        ],
        [
            0.10230772196589875,
            0.08665687163914772,
            0.08413632629127038,
            0.12059788473261066,
            0.08102121934743738,
            0.13147492503810748,
            0.07664976630466785,
            0.07424642748474568,
            0.13558256355890896,
            0.10732629363720513
        ],
        [
            0.11827369937284031,
            0.11015592778750462,
            0.09909804754234923,
            0.12610437747680003,
            0.0830474754079554,
            0.10265215265076985,
            0.0820295653674396,
            0.08316132489880541,
            0.10950173887204395,
            0.08597569062349163
        ],
        [
            0.09178146711730763,
            0.10087548211737282,
            0.0980915398790652,
            0.08791072105221875,
            0.10278433989129149,
            0.07676414286705556,
            0.12719692012117217,
            0.1295214907352727,
            0.08873576313974521,
            0.09633813307949847
        ],
        [
            0.09070216650880314,
            0.10641232821953031,
            0.10274394917559931,
            0.08772391379465688,
            0.08935948191806295,
            0.11082936358387224,
            0.09987962989617669,
            0.0857730466248225,
            0.10639525220144268,
            0.1201808680770332
        ],
        [
            0.07677305260694571,
            0.0927724197521899,
            0.13232153062660904,
            0.08341147513697125,
            0.10878568668089052,
            0.10174364376004107,
            0.08965507526782471,
            0.12549145044310162,
            0.09103957388192102,
            0.09800609184350517
        ],
        [
            0.06384070220940713,
            0.07342423220357223,
            0.10358093479615292,
            0.06475379218951428,
            0.15384049384844942,
            0.0944135320116879,
            0.08225197116918617,
            0.22103115287889094,
            0.061409411241408716,
            0.08145377745173026
        ],
        [
            0.08469439778601721,
            0.11043692741500839,
            0.10376310440761104,
            0.08701511846637054,
            0.10402304399197126,
            0.11579516964735358,
            0.12455357555975582,
            0.09374290030991272,
            0.07769164494079903,
            0.09828411747520029
        ],
        [
            0.13837895036644474,
            0.09917142703541337,
            0.08020952183440856,
            0.12952977899511026,
            0.07531342841889543,
            0.07810311526396066,
            0.0965666391421422,
            0.07527246434581808,
            0.12939261252085937,
            0.09806206207694725
        ],
        [
            0.10881074017402453,
            0.12144845375782871,
            0.09222081910086395,
            0.11802100501263896,
            0.08002241912422609,
            0.10735592271746175,
            0.09490416131513756,
            0.07206096197997784,
            0.11040169016561681,
            0.0947538266522238
        ],
        [
            0.11009784395696462,
            0.09603960313318957,
            0.0836170938628615,
            0.11980998259766187,
            0.08413145115949985,
            0.09504836468213868,
            0.09029913739328294,
            0.08615055345886366,
            0.13311278764807935,
            0.1016931821074579
        ],
        [
            0.10380981104585965,
            0.09731307624921262,
            0.09606434073335292,
            0.10678641377898902,
            0.09088078968260131,
            0.0971656716490935,
            0.08966758928159965,
            0.07725370057797407,
            0.12530217301254257,
            0.11575643398877461
        ],
        [
            0.09256112689850965,
            0.09044192305396026,
            0.1065292245665667,
            0.1181202520270233,
            0.10796631152463197,
            0.10650117378586588,
            0.09478990780747339,
            0.09610076065679381,
            0.08740865623779563,
            0.09958066344137936
        ],
        [
            0.11135780550561707,
            0.1006686880255166,
            0.08702779942192429,
            0.12183606338490038,
            0.08217827079143028,
            0.08304803747220976,
            0.1273412807052441,
            0.07413067416565627,
            0.1091663361517548,
            0.10324504437574643
        ],
        [
            0.1050120658127253,
            0.10383327296945977,
            0.08359858209096759,
            0.11693234347307384,
            0.07970159790535401,
            0.10948554782396537,
            0.09021701093564566,
            0.06970457468982937,
            0.1368136538242211,
            0.10470135047475786
        ],
        [
            0.09702852652502285,
            0.09853270646114341,
            0.08861860033224239,
            0.09975085110351622,
            0.08987488928859025,
            0.11745541344906346,
            0.110842609998636,
            0.09478818343138705,
            0.10024529320662627,
            0.10286292620377208
        ],
        [
            0.14058348657131456,
            0.09271602209273018,
            0.07787012911474295,
            0.140056689064921,
            0.06347253154119152,
            0.09321171738223877,
            0.07821158885539095,
            0.06762564986570789,
            0.15841836567601997,
            0.08783381983574223
        ],
        [
            0.09752684635433764,
            0.10675818252736549,
            0.11014093076224453,
            0.09646523477843762,
            0.08339520110116135,
            0.08647721884162332,
            0.14310089234371948,
            0.07444287266870987,
            0.09383714108153192,
            0.10785547954086873
        ],
        [
            0.09230031048731836,
            0.09606701813687532,
            0.1256286960160511,
            0.09135326285235211,
            0.08956458521231997,
            0.09860542041119315,
            0.09381656159323945,
            0.08253365209115211,
            0.11592549883280989,
            0.11420499436668845
        ],
        [
            0.11449632524385216,
            0.10184469635684673,
            0.09575054838714418,
            0.10184031087355062,
            0.09181225589146048,
            0.09096864662964486,
            0.10717452162940838,
            0.0832891150086716,
            0.10171017104715549,
            0.1111134089322654
        ],
        [
            0.12665171295331437,
            0.10787860691216247,
            0.08443547156245039,
            0.15637959856811234,
            0.0725514222809618,
            0.07756126374110575,
            0.08661397895345088,
            0.06994770953052887,
            0.12114243552050837,
            0.09683779997740469
        ],
        [
            0.07394640861631405,
            0.09253003149880329,
            0.15133215140044778,
            0.07400402551905425,
            0.12181566739371037,
            0.09594052642467514,
            0.10189550516594541,
            0.11742089594997905,
            0.0723685675119439,
            0.09874622051912678
        ],
        [
            0.24675759949795623,
            0.09878138629653771,
            0.0653238790412553,
            0.12297412242696291,
            0.06085953416193803,
            0.0694452836810406,
            0.09055920464487191,
            0.05249002482449311,
            0.11807980213727952,
            0.07472916328766462
        ],
        [
            0.0884916474153213,
            0.2498978498227113,
            0.07733905777282976,
            0.08934866218889762,
            0.07471295353742136,
            0.07626239534275149,
            0.0896095792281716,
            0.07260459230267205,
            0.08694942534858542,
            0.09478383704063827
        ],
        [
            0.11187198795681896,
            0.0929445715409234,
            0.08229525718797047,
            0.12837320540745614,
            0.07323057575629838,
            0.11480676506394426,
            0.07903030574117514,
            0.09121893109275904,
            0.13658311738738002,
            0.08964528286527415
        ],
        [
            0.11464213357696657,
            0.11476953621183496,
            0.09802691117237729,
            0.12057079392467211,
            0.07597861054740339,
            0.09128656387192363,
            0.10382155345939552,
            0.07545709186730867,
            0.10966358885404569,
            0.09578321651407222
        ],
        [
            0.09303799845274462,
            0.09444180720040021,
            0.10549805422639565,
            0.09552465519260699,
            0.10053506973981309,
            0.11106289560592764,
            0.08901012406910291,
            0.1000133146616683,
            0.10746853239438706,
            0.10340754845695344
        ],
        [
            0.0726540471572501,
            0.09400080928776818,
            0.09425127285608775,
            0.08450204787543181,
            0.10993551845589003,
            0.17348769690988544,
            0.07805868000949284,
            0.10674853166019328,
            0.09231255804329384,
            0.09404883774470672
        ],
        [
            0.13084414989641188,
            0.10413147827239165,
            0.08409165865505029,
            0.124286267496342,
            0.07377412042606077,
            0.08992794784191306,
            0.11591971800845993,
            0.06871403532518137,
            0.11831057908675714,
            0.09000004499143191
        ],
        [
            0.07396090446499139,
            0.09436066181278259,
            0.14102279213255392,
            0.07481034905800685,
            0.1221740970712245,
            0.10926143602781913,
            0.10233190044524408,
            0.11665965614190857,
            0.0703962450772081,
            0.0950219577682608
        ],
        [
            0.09677279825669327,
            0.08790081110035905,
            0.10657465093793533,
            0.09244589103043807,
            0.10654085133449526,
            0.12427514777691259,
            0.09036105330996395,
            0.1013055771042216,
            0.10305993467555663,
            0.09076328447342426
        ],
        [
            0.18746285230780846,
            0.07331046436096357,
            0.0883563027351786,
            0.0886923137829411,
            0.12168846932431424,
            0.08011234092772872,
            0.07221603362985811,
            0.12675138002578154,
            0.08052897744928847,
            0.08088086545613712
        ],
        [
            0.08882186403916242,
            0.2066835875220005,
            0.07761507368463239,
            0.09221490488208862,
            0.07842391036752615,
            0.09329538119363709,
            0.10335838600203708,
            0.06767420681420969,
            0.09639524141168067,
            0.0955174440830255
        ],
        [
            0.09767233487772194,
            0.09872389129146839,
            0.0907180018989059,
            0.09908955675020098,
            0.11742933786522924,
            0.08580144575200739,
            0.12569132705535593,
            0.08434508448993779,
            0.09462644966978197,
            0.10590257034939039
        ],
        [
            0.09284663098484464,
            0.10539527579731917,
            0.09667452758791226,
            0.09350466131707894,
            0.09353962207434625,
            0.09192261286420622,
            0.11674932009774358,
            0.07899724028016726,
            0.09487762448095576,
            0.13549248451542592
        ],
        [
            0.06522606358318767,
            0.07142698001637156,
            0.11048510938313312,
            0.0806164838211661,
            0.1665477176262838,
            0.08309922988997695,
            0.06595685915815916,
            0.2098110203581005,
            0.07428548074867677,
            0.07254505541494448
        ],
        [
            0.077858747392841,
            0.09585748886767438,
            0.16568762085635033,
            0.07753004604002925,
            0.11408354435771165,
            0.0904682980589898,
            0.1176621506934118,
            0.09369342102121901,
            0.0723145693833454,
            0.09484411332842743
        ],
        [
            0.13397986032131942,
            0.08747050446333877,
            0.07658961455571095,
            0.11657705148659567,
            0.0850196073368457,
            0.08152728213534223,
            0.0929501161573102,
            0.08951274491943673,
            0.1378678160240646,
            0.09850540260003565
        ],
        [
            0.12215239483036576,
            0.099898211392349,
            0.08273958574858278,
            0.1291985727764111,
            0.070348516347688,
            0.09968372395614758,
            0.08419115484273008,
            0.07057384295226637,
            0.14743527562790992,
            0.09377872152554932
        ],
        [
            0.11215007595120767,
            0.09284439413090699,
            0.08646764258995082,
            0.10738099299636594,
            0.08032590309756327,
            0.09528107667858716,
            0.08675168734153375,
            0.0902551541199385,
            0.13566904573310581,
            0.11287402736083994
        ],
        [
            0.06846869672937618,
            0.07310337989821337,
            0.09704639996107658,
            0.08586002888906409,
            0.12972972943495706,
            0.08424650375245989,
            0.06483296654483756,
            0.22263436277895196,
            0.09049395317587909,
            0.08358397883518436
        ],
        [
            0.11608239932143852,
            0.0943050685649169,
            0.0875851564744122,
            0.10668741240308009,
            0.0798786118136276,
            0.1079411557396906,
            0.08901607253220119,
            0.07948930587716015,
            0.1377172978671527,
            0.10129751940632001
        ],
        [
            0.10113912475936872,
            0.09916351074814783,
            0.09295255458474719,
            0.1053847687916483,
            0.08165992949061424,
            0.12000888485891913,
            0.09341182777030141,
            0.07700345450290055,
            0.1250158437317467,
            0.1042601007616058
        ],
        [
            0.09840528683824788,
            0.09143122852439106,
            0.08318154685888456,
            0.10979082338791533,
            0.0809688350016437,
            0.1523956711712947,
            0.08280304683649041,
            0.07627640811051072,
            0.12752827002933131,
            0.09721888324129027
        ],
        [
            0.08959192948550367,
            0.10188586767492587,
            0.09979892123381548,
            0.09281736488866431,
            0.09972794961581412,
            0.0979775798022551,
            0.13557605018885455,
            0.0842964297411189,
            0.08669607207751355,
            0.1116318352915345
        ],
        [
            0.09616986009547154,
            0.17596789167846263,
            0.07569376812370622,
            0.0982174953356877,
            0.10079670468452473,
            0.08644376487149721,
            0.09888225292640611,
            0.08764882606480867,
            0.0933595362462677,
            0.08681989997316748
        ],
        [
            0.07734090820753246,
            0.09089482054890642,
            0.11677140746604739,
            0.0791721604101485,
            0.12444909150712709,
            0.07764165520097906,
            0.11358653550791248,
            0.13172535827997484,
            0.07423841953825523,
            0.1141796433331164
        ],
        [
            0.0764449719228342,
            0.08111972837366034,
            0.10055450491511798,
            0.0902657515018146,
            0.12644612656749588,
            0.08129370626072326,
            0.08330440438649686,
            0.19269363889209953,
            0.07561680066342043,
            0.09226036651633691
        ],
        [
            0.06595749671901378,
            0.0850400751002465,
            0.10379025136232949,
            0.07110908559361696,
            0.15621314147246265,
            0.094583606532522,
            0.0883688610501362,
            0.1746857703281757,
            0.06925046601441431,
            0.09100124582708244
        ],
        [
            0.10116234918654586,
            0.09262698225285043,
            0.099953249434974,
            0.09002911992775178,
            0.09011222940845891,
            0.1083530267742435,
            0.11359186020825977,
            0.08145171713906267,
            0.10808080132690465,
            0.1146386643409484
        ],
        [
            0.07532906517100496,
            0.0910169621829953,
            0.1033592213955542,
            0.08375221894230403,
            0.14198083167981945,
            0.09057992512967139,
            0.08902621057830999,
            0.15620973611620648,
            0.07508830537314969,
            0.09365752343098446
        ],
        [
            0.08630829545904913,
            0.0987805656518748,
            0.08649758365881388,
            0.09046013868409793,
            0.08211177899657306,
            0.17117247336891175,
            0.09172405391921055,
            0.08018918556621724,
            0.10652414396483598,
            0.10623178073041555
        ],
        [
            0.10468574292553284,
            0.08035908190512542,
            0.0791605968930675,
            0.1283314906438134,
            0.09050212358339764,
            0.09576297502704807,
            0.07248356347153316,
            0.1119932612329417,
            0.15339492848870193,
            0.08332623582883823
        ],
        [
            0.1276954050396622,
            0.11136691548772097,
            0.08642596880631827,
            0.1152899824758869,
            0.07469321213257997,
            0.10061313926453773,
            0.10260666585367537,
            0.06257131894773695,
            0.12348432109639401,
            0.09525307089548761
        ],
        [
            0.09917621109739364,
            0.11717306196321722,
            0.08523031905564629,
            0.11694287856215534,
            0.07784595274270811,
            0.11946019267821667,
            0.09177331653320557,
            0.07287272770196519,
            0.11805089758305322,
            0.10147444208243868
        ],
        [
            0.10650220256733191,
            0.10408021017701172,
            0.11274108092674696,
            0.11032766318673777,
            0.078891875924288,
            0.09858529592516793,
            0.12245662529937132,
            0.07175770432829859,
            0.10039655208197164,
            0.09426078958307428
        ],
        [
            0.10948743838351817,
            0.10115261210705792,
            0.08941297668624414,
            0.12551923711587934,
            0.09259773361924037,
            0.08483049467737944,
            0.12214919649956071,
            0.08628300155280595,
            0.10112546291697608,
            0.08744184644133784
        ],
        [
            0.11477566408515161,
            0.11530406929800951,
            0.08526788894577032,
            0.10278253814436679,
            0.08534569455673086,
            0.09366497980146817,
            0.11218255737124996,
            0.07037542884005307,
            0.10687988607101545,
            0.11342129288618424
        ],
        [
            0.09738615264014022,
            0.10302035026881401,
            0.10929771947854988,
            0.09515614823389437,
            0.09040536131344051,
            0.10821234802045814,
            0.09618402411851795,
            0.08648462661658401,
            0.10915129568476525,
            0.10470197362483563
        ],
        [
            0.11824851248450555,
            0.09381432136612718,
            0.08203426699111444,
            0.11600108713356962,
            0.0782500814836651,
            0.10401367375065985,
            0.08597784207788099,
            0.08126977494246822,
            0.14222970065037518,
            0.0981607391196339
        ],
        [
            0.10660365986646195,
            0.09833562424937294,
            0.09061093236463127,
            0.11193915222029666,
            0.08222688798608317,
            0.12217051974064136,
            0.10097941788102723,
            0.07192875559023448,
            0.10151570375528596,
            0.11368934634596496
        ],
        [
            0.08692917564574586,
            0.08712752049057809,
            0.10813853428042158,
            0.09847572165745458,
            0.12309199960967941,
            0.09982593760325752,
            0.079459780784072,
            0.12090379198628956,
            0.10321142603640789,
            0.09283611190609353
        ],
        [
            0.10824236474015551,
            0.09777390284563352,
            0.09000290542258364,
            0.11968853415368148,
            0.08522404673913768,
            0.09177181317052939,
            0.10201004136392505,
            0.0822216976294777,
            0.12124439425221607,
            0.10182029968266004
        ],
        [
            0.06504356732472177,
            0.10447748121844186,
            0.11293812486392361,
            0.07009202806776964,
            0.15777099358622615,
            0.0792545824834086,
            0.07077430843606765,
            0.17944715839307823,
            0.06404772413992667,
            0.0961540314864358
        ],
        [
            0.08443871529837316,
            0.09665612051348825,
            0.09943777883525227,
            0.09396359171027155,
            0.09019979854817921,
            0.10104583058330624,
            0.09958992064787746,
            0.10198058389922263,
            0.10765909935612658,
            0.12502856060790257
        ],
        [
            0.10716364247840586,
            0.08868440991035415,
            0.09608077487598748,
            0.11255541564934396,
            0.10154872583769146,
            0.10580279302496648,
            0.07742079835645806,
            0.1164684086327958,
            0.1179582309907442,
            0.07631680024325256
        ],
        [
            0.08532881324129823,
            0.09439780084672318,
            0.10368510744958565,
            0.09108930573100946,
            0.12387719361487226,
            0.08866047627877613,
            0.06890132549795665,
            0.15005640421825886,
            0.10146368549896677,
            0.09253988762255286
        ],
        [
            0.051379323475592535,
            0.06647032629112931,
            0.16015977114389265,
            0.052824960812421586,
            0.17264498618197255,
            0.08254458806579532,
            0.07390568530924063,
            0.21664341402857548,
            0.057473961483296546,
            0.06595298320808338
        ],
        [
            0.09969216504139133,
            0.11872857991697904,
            0.09438077796282025,
            0.08963194185832947,
            0.097677793319176,
            0.0882393100233844,
            0.12378353619043829,
            0.0977816715407425,
            0.08431123832959014,
            0.10577298581714853
        ],
        [
            0.10019278903807956,
            0.09569901989658916,
            0.0836733370004115,
            0.10670524216574853,
            0.07904565323642351,
            0.09698089701963152,
            0.11930862223613874,
            0.08600677082637276,
            0.13457022880450834,
            0.09781743977609629
        ],
        [
            0.07613327078594519,
            0.2583027273700823,
            0.07207473636118711,
            0.090826715130278,
            0.0673990681540584,
            0.07647781850108608,
            0.13957288328477857,
            0.06516043211655713,
            0.07014032155860876,
            0.08391202673741845
        ],
        [
            0.06535882973130815,
            0.0771503955493144,
            0.10280641802761274,
            0.075923497395445,
            0.13705256488534556,
            0.06658851065496836,
            0.06952049922885373,
            0.2707587581921965,
            0.06885908269374638,
            0.06598144364120918
        ],
        [
            0.09654514583921257,
            0.09493595830030382,
            0.09101706832519105,
            0.11368366110430474,
            0.07867462690169916,
            0.10914489855502366,
            0.09223056560186509,
            0.0742835291190875,
            0.14124902343599197,
            0.10823552281732035
        ],
        [
            0.0789632287652068,
            0.08475972352119401,
            0.12203698643957368,
            0.07932519498361701,
            0.11846645154783192,
            0.09405451420720488,
            0.08202916288876427,
            0.14802852828827995,
            0.09596443061826919,
            0.09637177874005821
        ],
        [
            0.11113421923139889,
            0.10351354630252774,
            0.08043419797899552,
            0.11544303585165645,
            0.08476515827720733,
            0.09585312748493476,
            0.10437432116783302,
            0.0892580715311436,
            0.12549250217051677,
            0.08973182000378589
        ],
        [
            0.06621966550140815,
            0.08262395220228497,
            0.11496337179510424,
            0.06882198759455853,
            0.15503699812839045,
            0.08928347273467835,
            0.08814389446182319,
            0.17343297305118557,
            0.07886679883535637,
            0.08260688569521016
        ],
        [
            0.08865219377816143,
            0.09778242157599702,
            0.11055730583588076,
            0.09168873141391744,
            0.09653933670607051,
            0.11243542100788721,
            0.09438325895620797,
            0.08926376146553298,
            0.10676959467847047,
            0.1119279745818741
        ],
        [
            0.08961747186739298,
            0.0889021495933705,
            0.10509815148777722,
            0.1056780578770227,
            0.10620895087258617,
            0.09165180343468916,
            0.09183600594920398,
            0.13438481521889306,
            0.1014057239244935,
            0.08521686977457069
        ],
        [
            0.0957057943933987,
            0.09649321820135932,
            0.11766223581546471,
            0.10697889969414937,
            0.10741234793745813,
            0.085106639374517,
            0.12597717604919328,
            0.09164429584608703,
            0.08096057607299985,
            0.09205881661537273
        ],
        [
            0.08441632633621157,
            0.08428177315548956,
            0.09582492988304135,
            0.08523233685579858,
            0.11655356606220856,
            0.07828816423473299,
            0.08377518943181883,
            0.20403566212815216,
            0.07958695228877369,
            0.08800509962377269
        ],
        [
            0.11339833145221732,
            0.10043778466807052,
            0.07835288503767905,
            0.1460381761511798,
            0.07483382316518115,
            0.0910297267675809,
            0.08412113228967076,
            0.07924096529574039,
            0.14160498163440635,
            0.09094219353827367
        ],
        [
            0.07722685954768518,
            0.08149994593487349,
            0.11570007608387936,
            0.07566533270926087,
            0.1262936497109589,
            0.0947851482100147,
            0.08435581397488504,
            0.1729064750306363,
            0.07623279597578708,
            0.09533390282201903
        ],
        [
            0.10094677484667025,
            0.09116728431671266,
            0.09207946261402529,
            0.1033284952225318,
            0.08639431734620624,
            0.14087708416116398,
            0.08721240548189828,
            0.08343244533022265,
            0.11880353171717782,
            0.09575819896339094
        ],
        [
            0.08853621408102301,
            0.10111323440609038,
            0.10109447608695288,
            0.08894222182873676,
            0.09344545342979652,
            0.10179161580825652,
            0.12280694046160166,
            0.07812385828581794,
            0.08242276653723507,
            0.1417232190744893
        ],
        [
            0.09672349401756115,
            0.10663487822680046,
            0.09546790093514951,
            0.10075276610564324,
            0.0879701225747772,
            0.09968027079265043,
            0.09681444336412805,
            0.0834126287151517,
            0.11871596388072123,
            0.11382753138741694
        ],
        [
            0.089573482457876,
            0.10332348833142273,
            0.10484356187006791,
            0.08822513277084598,
            0.11037116378045612,
            0.0802517910655258,
            0.09294491468306276,
            0.14851981646125598,
            0.0855267919444985,
            0.09641985663498825
        ],
        [
            0.10406249760762924,
            0.0983367107872141,
            0.09290234526156892,
            0.10078563024143948,
            0.08652057723103013,
            0.10030985637402536,
            0.10963206782625541,
            0.08024938225003021,
            0.11494647078608798,
            0.11225446163471911
        ],
        [
            0.0931393481605948,
            0.09929065515677409,
            0.10475111379343659,
            0.0942564509527914,
            0.09730826393780641,
            0.11597183642316311,
            0.09201227145747728,
            0.08759945325296808,
            0.11799585947130924,
            0.09767474739367894
        ],
        [
            0.11033112912200937,
            0.10153786591422674,
            0.0945398843973461,
            0.10347129304490243,
            0.07943728748919666,
            0.08825724489407447,
            0.12055982706536111,
            0.06870659035619218,
            0.11228972386874757,
            0.12086915384794328
        ],
        [
            0.09579244027357779,
            0.12011803917029865,
            0.08808931805046549,
            0.10806308650203392,
            0.08244114127187949,
            0.0989120731000289,
            0.1106454075483661,
            0.07436531166745004,
            0.12289944453312368,
            0.09867373788277593
        ],
        [
            0.10899614964610821,
            0.10029081456713981,
            0.08570913718160991,
            0.11344443997543627,
            0.08274693737515726,
            0.09605798450727412,
            0.12409671251407156,
            0.07360683315645451,
            0.11590801034840041,
            0.09914298072834789
        ],
        [
            0.14334315804238523,
            0.1041002581083645,
            0.07206527522490663,
            0.14656532727990415,
            0.06455195287898112,
            0.08897785816845757,
            0.09620230063532544,
            0.06371981564478393,
            0.12594676264206087,
            0.0945272913748304
        ],
        [
            0.06916143187123941,
            0.0804877250824725,
            0.11628150273852494,
            0.08946470156389819,
            0.1496022718020883,
            0.09121632826186676,
            0.0929331987833451,
            0.14179571100697025,
            0.08379697694898304,
            0.08526015194061153
        ],
        [
            0.080546821974043,
            0.08772661667173105,
            0.11150989550736645,
            0.09103920622562711,
            0.11923303084167074,
            0.11220788458595195,
            0.07861631598458993,
            0.11666062242640457,
            0.10177557980172056,
            0.1006840259808946
        ],
        [
            0.08014307171702502,
            0.09562346589500065,
            0.09649201942451664,
            0.09131828659816606,
            0.10692231897608542,
            0.1633357593886099,
            0.07914609735902309,
            0.09958323516449871,
            0.0975715696225165,
            0.08986417585455793
        ],
        [
            0.06957686462594091,
            0.07967048689355799,
            0.15709783621841397,
            0.07071809100535016,
            0.1350415825098705,
            0.10581028913246633,
            0.07302737664949757,
            0.1340660528173846,
            0.08329297431709866,
            0.09169844583041925
        ],
        [
            0.10636009188074212,
            0.10527206481322782,
            0.0835584179328785,
            0.1212636826160813,
            0.06444008990358442,
            0.1147531287122101,
            0.0830989014479763,
            0.05884597894079779,
            0.15902045560304973,
            0.10338718814945178
        ],
        [
            0.09380531484081195,
            0.11446133950388321,
            0.09626252663308486,
            0.09711477457579643,
            0.10209124669253235,
            0.09521728733456039,
            0.09109705182682934,
            0.08926061749608341,
            0.11059247310504207,
            0.11009736799137591
        ],
        [
            0.08396095554079999,
            0.11247484336498764,
            0.10873712481781295,
            0.07904708599693265,
            0.09642510052493895,
            0.09655044282059279,
            0.12590272547081177,
            0.08629042376903931,
            0.0768333757009585,
            0.13377792199312538
        ],
        [
            0.20891822436522525,
            0.1081629325389738,
            0.076618447109249,
            0.10140322987602225,
            0.07666578865647994,
            0.09145297417571198,
            0.09662654086046729,
            0.06072641397549978,
            0.09186337560936553,
            0.08756207283300523
        ],
        [
            0.10964525057275808,
            0.09392443588877333,
            0.08984809478089051,
            0.11280209961957814,
            0.07463160566101738,
            0.09976661189673425,
            0.0889512444324548,
            0.07965920873528419,
            0.15434266678274772,
            0.0964287816297615
        ],
        [
            0.07400888460353072,
            0.07917749590930238,
            0.0954853118462249,
            0.0791195723317313,
            0.13057566033137352,
            0.08640592546655126,
            0.08202569575599304,
            0.2219573993609284,
            0.06831558333474051,
            0.08292847105962413
        ],
        [
            0.07786818035470151,
            0.10746354778666055,
            0.10487047682940231,
            0.07542089123248161,
            0.09650086583457901,
            0.09517369577611615,
            0.1542656112973265,
            0.09210622539758222,
            0.0775751487804176,
            0.11875535671073244
        ],
        [
            0.101485796173387,
            0.09448802185103493,
            0.08505099764165318,
            0.10440511517497762,
            0.1046963297118105,
            0.07664150475520998,
            0.12841767817711103,
            0.09227086952688036,
            0.10983522804457012,
            0.10270845894336521
        ],
        [
            0.12655834958385592,
            0.09934914853043807,
            0.07423964115420575,
            0.14433400402945692,
            0.07693695758539791,
            0.08197178215159352,
            0.08828764373592747,
            0.08143124708348554,
            0.12511265110059214,
            0.10177857504504675
        ],
        [
            0.11744841749124373,
            0.10398736258470437,
            0.08361334160150906,
            0.12222191286270656,
            0.08538955128984657,
            0.08433760761718266,
            0.10533904508149534,
            0.08268159364281161,
            0.11066079944531701,
            0.10432036838318304
        ],
        [
            0.08893656776181671,
            0.11314050453919744,
            0.08687139373261958,
            0.09015800629963103,
            0.08113648879445362,
            0.1197235283989074,
            0.1401673958969375,
            0.06874072065371017,
            0.09103211564605061,
            0.1200932782766759
        ],
        [
            0.11247252592448952,
            0.0991531434324717,
            0.08646543724724584,
            0.16761881877314835,
            0.06983530767489081,
            0.08950889212913904,
            0.07250113497217062,
            0.0668859424454894,
            0.12799692641333021,
            0.10756187098762453
        ],
        [
            0.12360513549199198,
            0.09833234319057466,
            0.08256156541222832,
            0.1422072084176943,
            0.07626655636853215,
            0.09812482667701015,
            0.07636790965198448,
            0.09498562760745809,
            0.13150599339099783,
            0.07604283379152796
        ],
        [
            0.20846552070807525,
            0.10058824777564569,
            0.0985531844311364,
            0.07422922025289394,
            0.07760125192451227,
            0.10357101945955431,
            0.08789390483804255,
            0.07243089390010557,
            0.07067201517943113,
            0.10599474153060286
        ],
        [
            0.10556782279860498,
            0.11153065938565172,
            0.09508178051809207,
            0.108903156381933,
