{
    "accuracy": 0.505,
    "classification_report": "              precision    recall  f1-score   support\n\n           0       0.57      0.60      0.59        20\n           1       0.54      0.35      0.42        20\n           2       0.85      0.55      0.67        20\n           3       0.50      0.50      0.50        20\n           4       0.50      0.30      0.37        20\n           5       0.69      0.45      0.55        20\n           6       0.41      0.55      0.47        20\n           7       0.42      0.70      0.53        20\n           8       0.47      0.70      0.56        20\n           9       0.39      0.35      0.37        20\n\n    accuracy                           0.51       200\n   macro avg       0.53      0.51      0.50       200\nweighted avg       0.53      0.51      0.50       200\n",
    "y_score": [
        [
            0.09666811303730466,
            0.09344551372272035,
            0.0899061765458849,
            0.10707304458297211,
            0.0874632097452695,
            0.12523702424264857,
            0.0920091351576982,
            0.07655570419591147,
            0.11430816734471325,
            0.1173339114248769
        ],
        [
            0.12360853546602694,
            0.10424146904750949,
            0.09770480304203738,
            0.11478782667808676,
            0.07748768057184291,
            0.11127735639310422,
            0.0929548419224956,
            0.0756625201314995,
            0.1035519336506971,
            0.09872303309670002
        ],
        [
            0.07081036781772682,
            0.08937134076312017,
            0.11079947762754372,
            0.06859578355526447,
            0.15199737202692493,
            0.10254388808446131,
            0.07906202018290905,
            0.159507040009276,
            0.07743360608680326,
            0.08987910384597007
        ],
        [
            0.10005690736108498,
            0.0856911661577546,
            0.09105032014232646,
            0.12063151005712731,
            0.0792543198995191,
            0.13426722035907715,
            0.08136444684477433,
            0.08334480728326493,
            0.1259781268724028,
            0.09836117502266827
        ],
        [
            0.11206395006682886,
            0.12082505994839797,
            0.09393284338429783,
            0.12293292947367072,
            0.07539818471890113,
            0.11369532258518218,
            0.08050260949969598,
            0.07597199020842056,
            0.11131750370606319,
            0.0933596064085415
        ],
        [
            0.08372869408514877,
            0.08495453737434384,
            0.10737853195707249,
            0.08412403433088764,
            0.11426434594039525,
            0.07468376588807468,
            0.14825570886595357,
            0.13499922875747253,
            0.07551892824585928,
            0.09209222455479188
        ],
        [
            0.09120793051930537,
            0.1120096310911388,
            0.10160221339105784,
            0.08837917637854564,
            0.10095464752879618,
            0.09966460654028722,
            0.10567045711527424,
            0.08691235185850658,
            0.1061299902748019,
            0.10746899530228621
        ],
        [
            0.09428198873146634,
            0.09890747023237809,
            0.12818899063804876,
            0.0828423017712137,
            0.11216987394412102,
            0.0996033121058255,
            0.08907220933346077,
            0.10256288536309004,
            0.08898982728137757,
            0.10338114059901812
        ],
        [
            0.0648696124776155,
            0.07079209853074453,
            0.12716019104915233,
            0.06439857881404575,
            0.15792054209613268,
            0.08670890183648082,
            0.07253426798629603,
            0.21677481403658447,
            0.06258354573124153,
            0.07625744744170636
        ],
        [
            0.09229546032009903,
            0.09863376012255101,
            0.08244689077054793,
            0.08791707835209622,
            0.09188494569333842,
            0.17490335220287206,
            0.10133605763528919,
            0.08888749047744657,
            0.08807899843134676,
            0.09361596599441277
        ],
        [
            0.1287025637031307,
            0.10062075766553669,
            0.08409419500776842,
            0.11406389347907733,
            0.08265527855585578,
            0.08261533061782365,
            0.09849302811502644,
            0.07736450670786293,
            0.1211429545726955,
            0.11024749157522257
        ],
        [
            0.12563452228020888,
            0.10161548748078579,
            0.09589782320441786,
            0.11843888288890676,
            0.08070948143198828,
            0.10022655216216321,
            0.09113768965897746,
            0.07587250230109341,
            0.11027273494825313,
            0.1001943236432051
        ],
        [
            0.10646321260105608,
            0.10095461399400352,
            0.09472219879091742,
            0.10396655886401435,
            0.08990039456425325,
            0.09406278260905797,
            0.09411046460501264,
            0.08811209438199073,
            0.11832274638416473,
            0.1093849332055293
        ],
        [
            0.1180868638664536,
            0.10064633157597337,
            0.09686527623743618,
            0.11670882034284641,
            0.07549546774685446,
            0.0916787910192994,
            0.08904044708510864,
            0.07521179496932262,
            0.13420486080507993,
            0.10206134635162536
        ],
        [
            0.09612571436372395,
            0.09404388626669993,
            0.0988489314164403,
            0.13424728022362167,
            0.10034500330032953,
            0.10146567820146206,
            0.08020101978494243,
            0.10299220957937937,
            0.08286552463261271,
            0.108864752230788
        ],
        [
            0.11880227077249544,
            0.1003567125811303,
            0.08461012605470428,
            0.13556901721118972,
            0.07658053324623945,
            0.07536398732520587,
            0.13812485609890005,
            0.06647358580282661,
            0.11016232284135306,
            0.09395658806595522
        ],
        [
            0.12323303177436601,
            0.09938523458834458,
            0.07851831926260254,
            0.12165985546484798,
            0.06790709487175682,
            0.11380473510568404,
            0.08910599917288237,
            0.06598540517664041,
            0.13904050612143387,
            0.1013598184614414
        ],
        [
            0.09440014004657646,
            0.08868925821227963,
            0.10498975774846013,
            0.09286500661107944,
            0.10380083713492497,
            0.10056358413154479,
            0.11442080287330125,
            0.1127881833839143,
            0.08389229371824157,
            0.10359013613967737
        ],
        [
            0.14182337721035795,
            0.0921087512630547,
            0.08256897813294213,
            0.12296943195405462,
            0.06857565809640058,
            0.09090786269494266,
            0.0775080821552489,
            0.07432377045269654,
            0.14440063328119002,
            0.10481345475911195
        ],
        [
            0.10138426599418594,
            0.10946879169091256,
            0.10602893067416076,
            0.09499599108009624,
            0.08925653943652341,
            0.10214496528674628,
            0.12462139183904483,
            0.07826816482242323,
            0.09332312975005058,
            0.10050782942585611
        ],
        [
            0.09895980902433867,
            0.102337224570589,
            0.10143833611152996,
            0.09686231374770055,
            0.09278442703912254,
            0.09754636469019172,
            0.09689226252057447,
            0.08876147302476937,
            0.11224963808456083,
            0.11216815118662288
        ],
        [
            0.10495803237997364,
            0.10723421905260981,
            0.09937412133194748,
            0.1004581419363663,
            0.09634246741764944,
            0.0946017305137227,
            0.10322294877195697,
            0.08737298730882953,
            0.09496241312924417,
            0.1114729381577
        ],
        [
            0.12344552198597603,
            0.11382630386598773,
            0.09279845401576983,
            0.16248648668919535,
            0.0732287400417586,
            0.07919076043050745,
            0.08345714652540885,
            0.06944027395754232,
            0.10621700675682674,
            0.09590930573102709
        ],
        [
            0.08245190476081668,
            0.08714013165002975,
            0.1336495393695924,
            0.07735985076956244,
            0.12748644916600863,
            0.09830548082553121,
            0.09129516349700598,
            0.11981792872832576,
            0.07913704534259125,
            0.10335650589053577
        ],
        [
            0.18916606752776643,
            0.09509519935460581,
            0.07184294393564108,
            0.1269001690967362,
            0.06519880148352813,
            0.09520177082655311,
            0.09685782468632295,
            0.05678986801093686,
            0.11144401468626955,
            0.09150334039163972
        ],
        [
            0.097233854689897,
            0.17484414235633683,
            0.08708941564173538,
            0.09121227985863317,
            0.0874387135232361,
            0.08565529170220172,
            0.096338050476034,
            0.08126869814926797,
            0.08710506549809181,
            0.11181448810456592
        ],
        [
            0.11379431010260238,
            0.08749250206995626,
            0.09621984889482263,
            0.11497491053827133,
            0.098360490030253,
            0.10388793640093659,
            0.08443938841870914,
            0.08667964765274325,
            0.12310776282356961,
            0.09104320306813574
        ],
        [
            0.12929068818070186,
            0.10301053657965502,
            0.08948232802050825,
            0.11992688630300576,
            0.07768146869092796,
            0.10290372947427309,
            0.09385650349151194,
            0.07204468110357137,
            0.10967641163636532,
            0.10212676651947927
        ],
        [
            0.09057344402008292,
            0.09203556250146767,
            0.1150279017287807,
            0.08963992021715456,
            0.10354016751485862,
            0.10667092266686425,
            0.08954940791591891,
            0.10177451169841385,
            0.10047636922787015,
            0.11071179250858824
        ],
        [
            0.076768951007725,
            0.1049654783544743,
            0.0955843140798619,
            0.07034219688818573,
            0.1130504632006419,
            0.1716371971026341,
            0.07901553996528579,
            0.13111556649765696,
            0.07648371706729892,
            0.08103657583623529
        ],
        [
            0.11415060518495126,
            0.09588926701394014,
            0.08422416645435796,
            0.11851707322751256,
            0.08460277654233449,
            0.09534219497153201,
            0.13711505939551016,
            0.07558367039286515,
            0.09949144060066446,
            0.09508374621633191
        ],
        [
            0.07412040238300904,
            0.08912193044437476,
            0.13360850749893094,
            0.07207315058680522,
            0.12110978321783553,
            0.09454848345354722,
            0.09456619343517225,
            0.15310491096723644,
            0.07376018592203983,
            0.09398645209104867
        ],
        [
            0.08549283458580147,
            0.08694918294246612,
            0.1100308672850942,
            0.08739834755425506,
            0.11227646552700475,
            0.1338117852608681,
            0.07835878779891826,
            0.11861475233845686,
            0.09521089063566418,
            0.09185608607147096
        ],
        [
            0.1589247487320367,
            0.086857106970355,
            0.0963998719113629,
            0.07854493623892958,
            0.11782537149182666,
            0.08668744450066608,
            0.07890696193074095,
            0.13374954241631,
            0.07380999600108544,
            0.08829401980668657
        ],
        [
            0.08578665854270912,
            0.16769547353878328,
            0.09015021547666371,
            0.09657382005536942,
            0.08333593680060902,
            0.09602590110835807,
            0.11959037571726794,
            0.07446381357017315,
            0.09162747697019773,
            0.09475032821986862
        ],
        [
            0.09216382146213208,
            0.09025888473192341,
            0.09023950275088499,
            0.09678566095678243,
            0.12836966233842628,
            0.08386886208729687,
            0.14260858289128625,
            0.08739762282552509,
            0.08384734050243434,
            0.10446005945330826
        ],
        [
            0.09287203905680799,
            0.11199597867905332,
            0.09219234938171837,
            0.10405338969473124,
            0.09165666192331734,
            0.09682475590346888,
            0.10072844911219032,
            0.08259806081778981,
            0.09198813314148582,
            0.13509018228943692
        ],
        [
            0.07023460824375076,
            0.06796482547616291,
            0.13962026774236555,
            0.07943601718978982,
            0.15305770213857162,
            0.08397443516899211,
            0.06939168681462202,
            0.1875328132321303,
            0.07230746650408096,
            0.07648017748953377
        ],
        [
            0.0914090903479714,
            0.09998639720582973,
            0.11724820010556453,
            0.08618201066792333,
            0.12215715978552985,
            0.09111527217858935,
            0.11130021029188455,
            0.09482135210670979,
            0.08302484396562733,
            0.10275546334437013
        ],
        [
            0.12482481337782525,
            0.08858296200975214,
            0.09529573545797992,
            0.12071156960724688,
            0.08729984865096194,
            0.07050365460146037,
            0.08368440173382288,
            0.0929701890907011,
            0.14198105382274404,
            0.09414577164750543
        ],
        [
            0.11638785003603722,
            0.09437838723334888,
            0.07905171244767514,
            0.12956283813829647,
            0.08680846912661899,
            0.09546542454788547,
            0.08817788131642007,
            0.07754777954155043,
            0.13105667729194054,
            0.10156298032022677
        ],
        [
            0.10516357776563089,
            0.10159819559505269,
            0.09015642389062949,
            0.09748933079186926,
            0.09232467195872224,
            0.0991849982472813,
            0.09264435754161053,
            0.09356239297794536,
            0.10880838442224809,
            0.11906766680901017
        ],
        [
            0.07068365037044416,
            0.08458452662947413,
            0.1196670572365722,
            0.07315361524788985,
            0.14114218358459643,
            0.09557290666960251,
            0.0719717198567471,
            0.1747589387443624,
            0.08234797814931914,
            0.08611742351099191
        ],
        [
            0.11386930342486852,
            0.09542231544320905,
            0.09076525967535755,
            0.1136621844342822,
            0.08480451974466068,
            0.10666500558917885,
            0.0888628447714279,
            0.08437606937758581,
            0.11766709049698088,
            0.10390540704244859
        ],
        [
            0.11541540199215636,
            0.10022805265163275,
            0.08572579345256948,
            0.11721532882567134,
            0.0747666702777559,
            0.10748302447557417,
            0.09040278189172309,
            0.07098458357134076,
            0.13378758106148858,
            0.10399078180008754
        ],
        [
            0.10473795029633123,
            0.09355369371096124,
            0.07892911128882739,
            0.09914609942311225,
            0.07732056841633289,
            0.18114958607638618,
            0.08580205712375902,
            0.07416372032837056,
            0.10690822213521052,
            0.09828899120070872
        ],
        [
            0.08811497334966546,
            0.09946373740145735,
            0.0949984729659937,
            0.08930582424813181,
            0.09996145333766554,
            0.09005295454840795,
            0.1647257152957589,
            0.0841056028385673,
            0.08027774608010621,
            0.10899351993424578
        ],
        [
            0.09818278121764551,
            0.1484519191852636,
            0.0818934614212121,
            0.10221524457881767,
            0.09440004163190087,
            0.09040879003910357,
            0.10340764699659549,
            0.08500235002397862,
            0.09682991879818575,
            0.09920784610729681
        ],
        [
            0.08458313129370681,
            0.09298022743470252,
            0.1024788714542676,
            0.07979503633750695,
            0.12351399658659795,
            0.10008076013728369,
            0.08813353132484648,
            0.11886168300753225,
            0.08335445434127654,
            0.12621830808227902
        ],
        [
            0.06821178067740667,
            0.06355342224388513,
            0.1062104737629771,
            0.07380419853618082,
            0.1358996458996028,
            0.07185128831121927,
            0.07375858558387678,
            0.26295574750960654,
            0.06371414123835108,
            0.08004071623689364
        ],
        [
            0.06655081646090365,
            0.08061607615006955,
            0.11032329053945336,
            0.06533840828668032,
            0.16751376084941724,
            0.07940780517778465,
            0.07883775381444233,
            0.20670317826313966,
            0.06344331871579373,
            0.08126559174231553
        ],
        [
            0.10044941357331774,
            0.09651361351173636,
            0.09921565526850319,
            0.09262448945499971,
            0.09520029454694366,
            0.1103943628261974,
            0.10519542669542842,
            0.08734840960491116,
            0.10254752019726238,
            0.11051081432069991
        ],
        [
            0.07865035296688191,
            0.08702537660438668,
            0.11178036514185027,
            0.07706560779477332,
            0.13364997630043315,
            0.08806652409887983,
            0.09562299650803904,
            0.16162221701215074,
            0.0732076446021686,
            0.09330893897043634
        ],
        [
            0.08341505368532173,
            0.09672543665648789,
            0.09570836199471872,
            0.08133553013166914,
            0.08432169965586482,
            0.1865075640954633,
            0.08918280082720192,
            0.08108694149391066,
            0.09652994997710579,
            0.10518666148225592
        ],
        [
            0.11560509474362783,
            0.07726216613345534,
            0.09673713490388802,
            0.11828009012807658,
            0.10578610382901658,
            0.08649685735305361,
            0.07620641785693424,
            0.09795380358377492,
            0.14396447122976264,
            0.08170786023841015
        ],
        [
            0.13221017424796075,
            0.1012318704567126,
            0.08479809341429138,
            0.11880228038729407,
            0.07846244558807369,
            0.09401222037817389,
            0.10954995636673365,
            0.07498191712392399,
            0.11057000272609381,
            0.09538103931074221
        ],
        [
            0.099259179916751,
            0.12020914446544684,
            0.07916401977610897,
            0.12204830927903934,
            0.0790477456994474,
            0.1037388330284694,
            0.09884276429830548,
            0.07421274536904578,
            0.12140161883235125,
            0.10207563933503458
        ],
        [
            0.11876774966758781,
            0.10516479753495526,
            0.09750383314676027,
            0.11384975012779634,
            0.07791496909382631,
            0.09368648642637967,
            0.1217702339474386,
            0.06797311468167283,
            0.11228643162241815,
            0.09108263375116465
        ],
        [
            0.12147220182247734,
            0.12309736362705957,
            0.07857738375393805,
            0.12416071920118524,
            0.07858700983613791,
            0.08415086099234592,
            0.12394610083895242,
            0.07304031250239044,
            0.10596010732509231,
            0.08700794010042073
        ],
        [
            0.10669145415432822,
            0.12573436038692812,
            0.09706924460141252,
            0.10655276757718454,
            0.08419592971449312,
            0.09802584040064921,
            0.10700891709981711,
            0.07552439526364775,
            0.09790928454008949,
            0.10128780626144991
        ],
        [
            0.09575950870643914,
            0.1146499230594008,
            0.10110644554426347,
            0.09001325805352392,
            0.09505783558658668,
            0.10311783614318694,
            0.10263043407966296,
            0.08662820166990123,
            0.10437912993107826,
            0.10665742722595653
        ],
        [
            0.1153443024666851,
            0.09437445964888665,
            0.08478607044338107,
            0.11395989768672682,
            0.08444845965646584,
            0.10566192299334773,
            0.08685144199225753,
            0.08335622549346397,
            0.128305674224051,
            0.10291154539473438
        ],
        [
            0.1138922079318648,
            0.10386044825290687,
            0.10084432494578169,
            0.11077977842365354,
            0.07823356346375354,
            0.10662211446119435,
            0.09339363165017649,
            0.07142694522868691,
            0.10625681758537034,
            0.11469016805661143
        ],
        [
            0.07508969709272142,
            0.07991636127434515,
            0.10992113299504153,
            0.0773199627379014,
            0.11956166600691934,
            0.10973879574197559,
            0.07848039279043961,
            0.12794831446543709,
            0.0860742574918735,
            0.1359494194033452
        ],
        [
            0.11893380056489215,
            0.0976594586151579,
            0.09607708080016533,
            0.1108779672338262,
            0.08461570001045107,
            0.09171244996063399,
            0.09441990608215084,
            0.08566707277585359,
            0.11036336025379813,
            0.10967320370307078
        ],
        [
            0.07199758463259796,
            0.0819284006817243,
            0.1107503964970528,
            0.09156361368464877,
            0.14821826751665332,
            0.07899173371587337,
            0.06544987314445269,
            0.18160328806522158,
            0.06280281990339144,
            0.10669402215838372
        ],
        [
            0.08589779466242715,
            0.10385205646446417,
            0.10114447433935175,
            0.08789840956441458,
            0.09431793142451049,
            0.0994996664621773,
            0.10807094123770417,
            0.08906982818631379,
            0.09584922810916632,
            0.1343996695494703
        ],
        [
            0.10885360373793285,
            0.07097855628110522,
            0.09872593695530654,
            0.10081983490078898,
            0.1290272157165763,
            0.1050481041211567,
            0.08808599200490017,
            0.11604699970957537,
            0.11093194718806848,
            0.07148180938458927
        ],
        [
            0.0740415396113245,
            0.08558224779124886,
            0.10464443000965674,
            0.07263601335370795,
            0.13827753829808825,
            0.08950538343455029,
            0.07373656206314778,
            0.1739930831434141,
            0.08363381251320608,
            0.10394938978165523
        ],
        [
            0.058695329381987904,
            0.08645573734150241,
            0.13366529743874034,
            0.05767652072375871,
            0.1728863810375075,
            0.07631439871713856,
            0.0761340310997268,
            0.20001589246922627,
            0.06358316842892799,
            0.07457324336148347
        ],
        [
            0.09412273982291523,
            0.1056164118729005,
            0.09836147927547582,
            0.09315171678788137,
            0.11527625095115054,
            0.09334866170380204,
            0.11426775496975021,
            0.09742881121411687,
            0.08539900708627121,
            0.10302716631573615
        ],
        [
            0.11317631436981872,
            0.08774736975466593,
            0.09842498976387892,
            0.10344149161445754,
            0.0906733861566909,
            0.09481009886093025,
            0.09642937856560768,
            0.09345319614880226,
            0.12919849106434705,
            0.09264528370080072
        ],
        [
            0.08559635402389645,
            0.17100236718368833,
            0.07821174822283966,
            0.09019602835187873,
            0.07822152888781835,
            0.07979173238460796,
            0.16959315069341924,
            0.07198682388394605,
            0.07717504456973176,
            0.09822522179817332
        ],
        [
            0.059081671416788294,
            0.0664470067817421,
            0.0926020496437078,
            0.05868104986180157,
            0.17895317292674293,
            0.06161004793326247,
            0.06689498459446618,
            0.2989698387310836,
            0.05422830194671212,
            0.06253187616369273
        ],
        [
            0.1026962039912073,
            0.09661198705303205,
            0.09608969569055624,
            0.10751541124952255,
            0.0786895805353304,
            0.10428792528124417,
            0.09673683158456153,
            0.07319576295630625,
            0.12014407184885499,
            0.12403252980938455
        ],
        [
            0.07621662995812756,
            0.08375427189639616,
            0.13534823990203648,
            0.07756230649725512,
            0.1448934275306484,
            0.08984481531013365,
            0.07897305928752613,
            0.13499134510796926,
            0.08672261683430639,
            0.09169328767560074
        ],
        [
            0.1158755060281219,
            0.09258506361123034,
            0.09090812914981501,
            0.1082944649879934,
            0.08975839806954364,
            0.09505649495729024,
            0.1118894786446539,
            0.08085776975587775,
            0.12436881532818526,
            0.09040587946728867
        ],
        [
            0.06739988381929429,
            0.08975345161821963,
            0.11934137569157416,
            0.0653206799106466,
            0.14850980207578002,
            0.08812883533896214,
            0.09801398626451414,
            0.1651162732237051,
            0.0757909029513253,
            0.08262480910597853
        ],
        [
            0.09492572473945177,
            0.10040883704857942,
            0.09946404845176014,
            0.09807944777196154,
            0.09723560239670803,
            0.10807244696877817,
            0.09314042914473485,
            0.09150414959926464,
            0.10589206798030867,
            0.11127724589845273
        ],
        [
            0.0939283979602404,
            0.0803204746898205,
            0.12114321843686678,
            0.09579584647620204,
            0.11241629933242418,
            0.09106219226629668,
            0.08254930902721817,
            0.12589773282270653,
            0.10337842540599564,
            0.09350810358222894
        ],
        [
            0.10523443670273439,
            0.09160632359401505,
            0.09372711896190981,
            0.10618376718220926,
            0.09708047991992139,
            0.08825354917693945,
            0.1573321013661243,
            0.08392854005695596,
            0.08015240976232266,
            0.09650127327686761
        ],
        [
            0.07643917673414521,
            0.07188192004674435,
            0.11234756746284144,
            0.07544162340299229,
            0.1261461020530279,
            0.07355899357803393,
            0.07479412994739051,
            0.2425005651675031,
            0.06612259474332159,
            0.08076732686399966
        ],
        [
            0.13182687794949635,
            0.1061992314672209,
            0.0862257353424533,
            0.14592672118156746,
            0.07042856854611715,
            0.0796198360777579,
            0.08634059851214397,
            0.07106135371299525,
            0.12701448798568982,
            0.09535658922455789
        ],
        [
            0.07756418278024942,
            0.07757288622314645,
            0.1224746342366903,
            0.0712496172664648,
            0.13133790545811938,
            0.08682495025116102,
            0.07966484423003609,
            0.17426964548896165,
            0.07357317633237892,
            0.10546815773279182
        ],
        [
            0.10721700176109715,
            0.09302514410335613,
            0.09082500195205005,
            0.10456483235869685,
            0.09017747518119922,
            0.1138354718302461,
            0.09949630690955649,
            0.08552009782237238,
            0.11501598080002408,
            0.10032268728140156
        ],
        [
            0.08917541969609469,
            0.10362352803648062,
            0.09422765698799031,
            0.08718286444930579,
            0.09121468034736646,
            0.10653893791205381,
            0.12083250255446615,
            0.07746925542158818,
            0.08876618990011961,
            0.14096896469453443
        ],
        [
            0.11906343492911507,
            0.1029015946793712,
            0.09461290476828119,
            0.09609995507997832,
            0.08832183610634456,
            0.09371697488494281,
            0.0946571416699641,
            0.0863596699755741,
            0.1152479511034929,
            0.10901853680293572
        ],
        [
            0.08680600933649732,
            0.13103281236672862,
            0.0943651006916283,
            0.09549622348869061,
            0.10961791101112334,
            0.08983849556103309,
            0.08140237433077704,
            0.142381134771854,
            0.07484726181940413,
            0.09421267662226347
        ],
        [
            0.10575956829702404,
            0.11813464335365836,
            0.09653194090410927,
            0.09916161807820735,
            0.08594660290640645,
            0.09510895628638098,
            0.09604221197777452,
            0.08488531903950948,
            0.10970539626553644,
            0.10872374289139307
        ],
        [
            0.10742548749398813,
            0.10196254344103356,
            0.09995502208179681,
            0.10394101445453846,
            0.08590407341041023,
            0.10706955088402269,
            0.09575844804038011,
            0.07965133131723594,
            0.12242905498300502,
            0.09590347389358898
        ],
        [
            0.11522923128952796,
            0.10708293894819358,
            0.08874752775752417,
            0.11362542936074373,
            0.07760363203929153,
            0.08463878355608259,
            0.12089978759577771,
            0.06918104725965311,
            0.11591575892566425,
            0.10707586326754129
        ],
        [
            0.10710758445258643,
            0.10991186675089742,
            0.09161601668879032,
            0.10432535858331582,
            0.08377525394072237,
            0.09232504615478263,
            0.11592569798556099,
            0.07872085526696586,
            0.1194262874248701,
            0.09686603275150805
        ],
        [
            0.1063147226866397,
            0.09450765751357672,
            0.07743542519147169,
            0.1148210570140165,
            0.08138464671230024,
            0.0856233559378963,
            0.16984318421198266,
            0.07242095372188925,
            0.10680863002037451,
            0.09084036698985253
        ],
        [
            0.13761207047679203,
            0.11261602523438688,
            0.07240185034636402,
            0.15280077245930127,
            0.06512598474747118,
            0.08531219224809418,
            0.09284886627800462,
            0.06175168918146131,
            0.11120957375645336,
            0.10832097527167112
        ],
        [
            0.07419489664210124,
            0.0725148806575195,
            0.10752333394577661,
            0.07468555890997294,
            0.18678574136966294,
            0.0843495271451721,
            0.08074582194994699,
            0.17349210869226184,
            0.06852231485374592,
            0.07718581583383989
        ],
        [
            0.07551514729250614,
            0.08584059582280514,
            0.11625650216445607,
            0.07690044989884459,
            0.12809428305774287,
            0.11126850651925536,
            0.07997126449727497,
            0.1327784091640011,
            0.09519636743768194,
            0.09817847414543168
        ],
        [
            0.0822276358663617,
            0.10502930044723308,
            0.09767940191247675,
            0.10099160047700774,
            0.10836197385993364,
            0.13723936996942324,
            0.07044807538850613,
            0.11463278902286347,
            0.09350386517923016,
            0.08988598787696395
        ],
        [
            0.07379608510648081,
            0.07513499767349198,
            0.1498669767279857,
            0.07081547953920735,
            0.1336204982191329,
            0.10541773597332856,
            0.07089125464441269,
            0.1469695432875908,
            0.08495368539733011,
            0.08853374343103904
        ],
        [
            0.12018357643214418,
            0.1088366336039409,
            0.09010752470617048,
            0.11884607786891904,
            0.06744582252699186,
            0.10418294316653012,
            0.08635960358568433,
            0.06804555613036964,
            0.13186813512504067,
            0.10412412685420883
        ],
        [
            0.10814962739081115,
            0.10567258890010227,
            0.09226547970263768,
            0.09351072239121973,
            0.0995360796832387,
            0.09175836911459281,
            0.08530737661451694,
            0.10803210435276027,
            0.1129254072559907,
            0.10284224459412959
        ],
        [
            0.08914652741539048,
            0.11530759809627077,
            0.10803715800175065,
            0.08071315149689523,
            0.09652085156249081,
            0.10823910753544494,
            0.11975692449935103,
            0.07925417219460323,
            0.0842346339815936,
            0.11878987521620918
        ],
        [
            0.17805189559528897,
            0.10403651002448155,
            0.0763918962178391,
            0.12280952167274982,
            0.07083133919783531,
            0.0994962867977574,
            0.100343917204824,
            0.061375240683953995,
            0.09314217121963393,
            0.09352122138563584
        ],
        [
            0.11599856866892859,
            0.09956885272043829,
            0.08419935754496245,
            0.12399646727189136,
            0.07041242494357734,
            0.0996387273143495,
            0.10626820283853283,
            0.0688793386272505,
            0.1390793687884837,
            0.0919586912815854
        ],
        [
            0.07290697439554923,
            0.07210382654285527,
            0.0894505822681724,
            0.07500110833788233,
            0.12927012855338968,
            0.0761648215998939,
            0.07302486531845856,
            0.271180732762285,
            0.06312334973918869,
            0.07777361048232471
        ],
        [
            0.08161970498635968,
            0.11881732072159654,
            0.10427125956786171,
            0.0742598144685833,
            0.09844265272376566,
            0.11673938727961254,
            0.12494067475139184,
            0.0948710692024243,
            0.08082954493157186,
            0.10520857136683254
        ],
        [
            0.09421429736832643,
            0.08888138873257576,
            0.09631500319520196,
            0.09443997904169303,
            0.1253005535203921,
            0.07325553656690902,
            0.15453592821082912,
            0.09691713951678331,
            0.0835339798141238,
            0.0926061940331653
        ],
        [
            0.13653495696784723,
            0.09819755197542246,
            0.07539874692844115,
            0.1552314758159801,
            0.07183112168124088,
            0.07912625513535596,
            0.08656110140987164,
            0.07080263270785932,
            0.12417847288925983,
            0.10213768448872132
        ],
        [
            0.11324990196201509,
            0.10644024261356191,
            0.0860132274120002,
            0.1018932829816351,
            0.09008298601787174,
            0.09689677143273721,
            0.09708039082051018,
            0.1013043179149408,
            0.10296027267387559,
            0.10407860617085218
        ],
        [
            0.09724185739531911,
            0.12306479985642821,
            0.08743332473636388,
            0.08304015955558679,
            0.09254126564768952,
            0.1405591947668202,
            0.1267410550297539,
            0.0708513753896983,
            0.08159047347420124,
            0.09693649414813883
        ],
        [
            0.10373517387114825,
            0.10230014652079665,
            0.10981720147719633,
            0.15029363994438927,
            0.07728901839398389,
            0.08709752388945924,
            0.08382076981326969,
            0.08145178883255973,
            0.10568036189801487,
            0.0985143753591821
        ],
        [
            0.12410740255849653,
            0.0892326324636543,
            0.07387166583176678,
            0.13747502939957726,
            0.0801086098747564,
            0.09577023947528529,
            0.07739001521292538,
            0.10293322205693949,
            0.1298246478211723,
            0.08928653530542635
        ],
        [
            0.18898710185968517,
            0.09631652298698751,
            0.09299675578025798,
            0.07807819071172141,
            0.08595884981681465,
            0.09827863138092985,
            0.09268985104118092,
            0.07541450017449428,
            0.08012973171933646,
            0.11114986452859167
        ],
        [
            0.11665854314663404,
            0.1061967656924111,
            0.08842883188814803,
