{
    "accuracy": 0.64,
    "classification_report": "              precision    recall  f1-score   support\n\n           0       0.64      0.45      0.53        20\n           1       0.82      0.45      0.58        20\n           2       0.76      0.65      0.70        20\n           3       0.57      0.60      0.59        20\n           4       0.65      0.55      0.59        20\n           5       0.90      0.90      0.90        20\n           6       0.62      0.75      0.68        20\n           7       0.67      0.70      0.68        20\n           8       0.42      0.85      0.57        20\n           9       0.67      0.50      0.57        20\n\n    accuracy                           0.64       200\n   macro avg       0.67      0.64      0.64       200\nweighted avg       0.67      0.64      0.64       200\n",
    "y_score": [
        [
            0.04498919835498961,
            0.04108689364888794,
            0.015569326656276047,
            0.05347467799098459,
            0.03877389040975089,
            0.18287076825395618,
            0.012754471584380351,
            0.0559654576926651,
            0.4399823085379281,
            0.11453300687018086
        ],
        [
            0.055498889791474264,
            0.059317011679602134,
            0.04309881202638467,
            0.04685500666355411,
            0.18980284067667305,
            0.019260326587773092,
            0.03789870789348621,
            0.008317022189637684,
            0.006007951644583185,
            0.5339434308468312
        ],
        [
            0.06250984021839752,
            0.2211663673972182,
            0.04589420022472173,
            0.02676976528702275,
            0.1426153416671844,
            0.12840637104492722,
            0.01627791543393545,
            0.07484214799960079,
            0.12592017330111002,
            0.1555978774258822
        ],
        [
            0.03297817828504896,
            0.03278434162649705,
            0.031420798437402774,
            0.02041089929264165,
            0.07685113663708541,
            0.42853973877097096,
            0.009514141850790097,
            0.022803931763549435,
            0.29808643813918234,
            0.046610395196831154
        ],
        [
            0.09821353900659198,
            0.1972433716939778,
            0.04564285976596835,
            0.1891936831707031,
            0.03780932572210685,
            0.04822869805220395,
            0.012738442999999326,
            0.058215032882257496,
            0.2744685144100262,
            0.038246532296165696
        ],
        [
            0.008950551275221198,
            0.01607115968125025,
            0.04269646740250668,
            0.05585526409246192,
            0.12307210839944376,
            0.002405054541772284,
            0.6646011407899177,
            0.01868872560518523,
            0.002554660469214747,
            0.06510486774302589
        ],
        [
            0.03781593831398174,
            0.05620160726798971,
            0.10073466868264684,
            0.03089968301505554,
            0.1689916744706666,
            0.0698370378401303,
            0.011886567967943278,
            0.11512391105918209,
            0.15351038269573064,
            0.25499852868667355
        ],
        [
            0.0018839862626243934,
            0.015043261717065366,
            0.6940249906669618,
            0.006305768508269269,
            0.14020858261042365,
            0.00599716841503118,
            0.00588996777717222,
            0.12071890705987084,
            0.0027866662088786185,
            0.00714070077370248
        ],
        [
            0.003839796158826901,
            0.01302572415451506,
            0.21000622356874132,
            0.023198837445824596,
            0.6685025456078545,
            0.002622281702194844,
            0.026341743182654333,
            0.03874466594220336,
            0.0006247784653668706,
            0.013093403771817896
        ],
        [
            0.07156976746732528,
            0.023969545154652706,
            0.03283968061880108,
            0.011829982647043843,
            0.003955935555090489,
            0.802496905220328,
            0.01185753174078104,
            0.004603048841399373,
            0.011384986398362678,
            0.025492616356215147
        ],
        [
            0.3913413613554078,
            0.06710246825489262,
            0.0075841496156332094,
            0.16843256958348046,
            0.03301297686664144,
            0.007734698342225955,
            0.13691261787297243,
            0.006764146585436145,
            0.0065329317545542494,
            0.17458207976875587
        ],
        [
            0.13893973989115233,
            0.29708181034317194,
            0.01389955451288327,
            0.18132729472115586,
            0.18873547994767548,
            0.01623891580782059,
            0.04245746465144951,
            0.013758328681690567,
            0.01243484661081167,
            0.09512656483218858
        ],
        [
            0.13035936825272898,
            0.07329631393423783,
            0.03839988942155218,
            0.12853878295588042,
            0.0877687001626113,
            0.028496297093841227,
            0.015436564567522388,
            0.08768198727928249,
            0.28946534626779197,
            0.1205567500645511
        ],
        [
            0.16647999875287747,
            0.027030283260146854,
            0.003172729879370378,
            0.0714645550437978,
            0.016203824966590553,
            0.008509959441706912,
            0.0054420964112341765,
            0.007019453773053551,
            0.6390797667238192,
            0.05559733174740336
        ],
        [
            0.1362571713018954,
            0.28191759438808134,
            0.01987740332939616,
            0.2625399508678921,
            0.026886413814758144,
            0.02561263599035843,
            0.0084175592179871,
            0.024087093871888027,
            0.003226480449508582,
            0.21117769676823478
        ],
        [
            0.043559679973255744,
            0.06898017246602414,
            0.02282142469795132,
            0.5467922584992163,
            0.03720351750632492,
            0.003339421215715777,
            0.2211138545224945,
            0.0041715986184118,
            0.006789321365665106,
            0.045228751134940376
        ],
        [
            0.12826602056159875,
            0.13319860085880184,
            0.01096684516947692,
            0.057599333057968466,
            0.024678419666933318,
            0.06266112687711013,
            0.00822476443435189,
            0.01940444493485018,
            0.4932649520391515,
            0.06173549239975727
        ],
        [
            0.09815191972619368,
            0.01762764494972849,
            0.060730383220175516,
            0.016660462464761334,
            0.024864896764180997,
            0.6967181791789695,
            0.008228484012601355,
            0.017338528499222156,
            0.014768241077025488,
            0.04491126010714138
        ],
        [
            0.1460652279544352,
            0.04025458335792454,
            0.006557554820250248,
            0.07997146570422897,
            0.02405974646437665,
            0.04071603108984942,
            0.007781276140136666,
            0.04866568444605227,
            0.47441796752643833,
            0.1315104624963074
        ],
        [
            0.017148633812827076,
            0.1405636688849038,
            0.15853269021190042,
            0.010648118055331125,
            0.011245023280413729,
            0.0042323332579916875,
            0.5329709458352888,
            0.006458702680898034,
            0.003708131144948575,
            0.1144917528354972
        ],
        [
            0.0075914515048756,
            0.019582496973142013,
            0.5472914303563364,
            0.022017568222456343,
            0.07446661736759583,
            0.028491439143624526,
            0.00787266735220423,
            0.21772684514415624,
            0.030041716577269787,
            0.04491776735833863
        ],
        [
            0.23691612541361737,
            0.12272776006526445,
            0.006524054640916139,
            0.10028875283829769,
            0.05551201725390416,
            0.010236201558682635,
            0.3668409462605431,
            0.010970976124952559,
            0.00380758458185497,
            0.08617558126196735
        ],
        [
            0.11571556843203493,
            0.03202307074248093,
            0.01265839431581263,
            0.8041203705202548,
            0.0021712465838109062,
            0.0020728749301770844,
            0.00445698770810944,
            0.0033245387788499747,
            0.0023918140256104893,
            0.021065133962859205
        ],
        [
            0.00455090467096401,
            0.09925761249244396,
            0.683589500786934,
            0.0018053856059277095,
            0.0641103217307507,
            0.005397552451864371,
            0.07683737310055187,
            0.010723545984454649,
            0.0014269320059498442,
            0.05230087117015892
        ],
        [
            0.9486643725247117,
            0.0053251900320426095,
            0.00030795546771896566,
            0.02614261794492778,
            0.003789114203144563,
            0.0007380083763249157,
            0.002136055740285018,
            0.0006247813758656302,
            0.010342587224935881,
            0.0019293171100430752
        ],
        [
            0.014903593097343668,
            0.8404102168516979,
            0.02678978982285568,
            0.010042737079321027,
            0.02452918251349167,
            0.0025164615483915793,
            0.037042975385313155,
            0.014996723968509111,
            0.001738292412767156,
            0.027030027320309163
        ],
        [
            0.07561217178353083,
            0.026636915840122555,
            0.0880552735859282,
            0.047676352401821095,
            0.11034193887317292,
            0.06028722014354676,
            0.01335790762111217,
            0.13073967923680216,
            0.41388280926288795,
            0.033409731251075776
        ],
        [
            0.5269555551237913,
            0.03970992962833558,
            0.024514954138321443,
            0.07089841800351686,
            0.011017505421147872,
            0.1501794161793508,
            0.0068360688529205405,
            0.010926581391557524,
            0.10421631377765547,
            0.05474525748340202
        ],
        [
            0.06164626956648171,
            0.05189272822007105,
            0.04491452988981129,
            0.07378342091521893,
            0.09386365387145171,
            0.28404043533853773,
            0.019921944861980196,
            0.10211777759090751,
            0.17200047884545566,
            0.09581876090008437
        ],
        [
            0.021235102640948997,
            0.08511956935887033,
            0.033116082460842015,
            0.029506245363341798,
            0.04471765836302057,
            0.6196056302149118,
            0.009272773217939895,
            0.04131125152514317,
            0.058837421380701936,
            0.057278265474280145
        ],
        [
            0.01379024372197506,
            0.050950124700042655,
            0.0428579995297825,
            0.2412885226991556,
            0.059554231949843474,
            0.003744844158692496,
            0.5488789082017751,
            0.007040492951522972,
            0.0034900266648924556,
            0.02840460542231795
        ],
        [
            0.0005341264409954359,
            0.013380525548734147,
            0.8933727638700579,
            0.001282390056677815,
            0.015200766954737025,
            0.0006593343448757364,
            0.06498135081453077,
            0.005547048014926845,
            0.00018027696267163627,
            0.004861416991792101
        ],
        [
            0.009957747273084693,
            0.03806110073040578,
            0.14262215620209648,
            0.029625545081361226,
            0.11391062308553351,
            0.3561714614587732,
            0.016147724408608257,
            0.12086496174851398,
            0.01719268077094039,
            0.15544599924068223
        ],
        [
            0.6299566940271946,
            0.032309548240720125,
            0.022130272291363426,
            0.12125467582484784,
            0.13574843112552895,
            0.0055877164205037555,
            0.0175595778109763,
            0.009954373259996901,
            0.006690812767294452,
            0.018807898231573715
        ],
        [
            0.004326595431219071,
            0.9715467828861638,
            0.0008257820558082619,
            0.00010783945700128262,
            0.007622369052332302,
            0.004538220581107096,
            0.003158561084510789,
            0.0007702203671336735,
            0.0008012746767035139,
            0.006302354408020486
        ],
        [
            0.017811767913417653,
            0.0890208076803516,
            0.010560038532994363,
            0.13318605417120347,
            0.17464351403498932,
            0.005123591941471453,
            0.4511724799104889,
            0.009966056089146582,
            0.004141664331062195,
            0.10437402539487495
        ],
        [
            0.002486593228733113,
            0.02821140092751867,
            0.018147473934039607,
            0.004949267799068984,
            0.08377644844790517,
            0.001953867640427924,
            0.13746648053752777,
            0.0057431786766342615,
            0.0014276101216640406,
            0.7158376786864803
        ],
        [
            0.014745037699459385,
            0.020189626361574342,
            0.24850624387630957,
            0.010952461102678016,
            0.1812251771809821,
            0.008490833081504801,
            0.005847736801143777,
            0.48757967522926804,
            0.01164216503687179,
            0.010821043630208044
        ],
        [
            0.002815435028761864,
            0.14370680946051828,
            0.48254186731034865,
            0.00247017939036069,
            0.027769332977181805,
            0.006201989031254963,
            0.3008544367502055,
            0.007994199722728227,
            0.0007942550538151851,
            0.024851495274824758
        ],
        [
            0.5618379048784329,
            0.063305579629255,
            0.0008445891739737914,
            0.2521837640274309,
            0.01613671768046562,
            0.004248164569125649,
            0.03843752967413488,
            0.0023638468515266927,
            0.03495113103984204,
            0.025690772475812446
        ],
        [
            0.05672599814334392,
            0.06106485078299939,
            0.018524280850271378,
            0.2826537119669523,
            0.08054225299672096,
            0.01884067717569449,
            0.009214557841645734,
            0.06209495265234991,
            0.3448635305414792,
            0.06547518704854252
        ],
        [
            0.11775594044550491,
            0.02863191727966748,
            0.005139103372151224,
            0.09807021678149627,
            0.01205083394397753,
            0.00944659892248948,
            0.012817536126369225,
            0.050721960281999726,
            0.44634922835375557,
            0.21901666449258833
        ],
        [
            0.019252718063681968,
            0.01818876370971849,
            0.05223022802944213,
            0.04447898219719078,
            0.2134336605911074,
            0.010459716801984474,
            0.006668405227571017,
            0.5782221413990986,
            0.021553093437558766,
            0.035512290542647096
        ],
        [
            0.7257776435549671,
            0.027931985031382126,
            0.006217932653613624,
            0.043740383963474815,
            0.010324801211046506,
            0.012876309360381725,
            0.005704912687914417,
            0.014427027979782662,
            0.13171426177627765,
            0.02128474178115921
        ],
        [
            0.07515607618751433,
            0.09932501614394322,
            0.011693319833478516,
            0.11147695986022171,
            0.025313356881000657,
            0.3521967741462376,
            0.010109005360536235,
            0.040100665165792464,
            0.21858687150798795,
            0.05604195491328737
        ],
        [
            0.029891760112967174,
            0.015237088384861354,
            0.014453511701346152,
            0.020723279929456717,
            0.020618487895365675,
            0.6736064201325196,
            0.008939355150308612,
            0.024600141441674245,
            0.16758013320439147,
            0.024349822047108925
        ],
        [
            0.0022664959395088252,
            0.01601890127597346,
            0.012645573189101473,
            0.01623954611600632,
            0.041653710836717026,
            0.0027665311124840824,
            0.8551581441486071,
            0.004204828536080475,
            0.0012391405427251334,
            0.047807128302795994
        ],
        [
            0.014920635842601225,
            0.9154396077078684,
            0.006078179775212107,
            0.01671189533186485,
            0.013454124786298642,
            0.0013797728565975444,
            0.014850486095455234,
            0.0049937290344695745,
            0.001837257424633802,
            0.010334311144998214
        ],
        [
            0.0034506260020170376,
            0.035267430630810885,
            0.13571737431274275,
            0.010231956344078159,
            0.3147209309736787,
            0.002067890228113527,
            0.19265569468493726,
            0.03465788965611368,
            0.0029764638272194994,
            0.26825374334028884
        ],
        [
            0.002345778988212748,
            0.004231604569486228,
            0.03102291404411918,
            0.006022088476889413,
            0.09663955462292062,
            0.001345972767592248,
            0.013537726301359604,
            0.8367835694237179,
            0.0005757631281324292,
            0.007495027677569864
        ],
        [
            0.004878164037769676,
            0.017709343843265904,
            0.016861851881261675,
            0.004234939860435858,
            0.9076265025682322,
            0.00202472222385212,
            0.007824956008572127,
            0.022874538250392224,
            0.000531582856003708,
            0.015433398470215009
        ],
        [
            0.02729845987490971,
            0.056499313302491486,
            0.2695488421554053,
            0.03835435381671884,
            0.10391923384214409,
            0.06875612935495874,
            0.0245289578238526,
            0.1377738691733145,
            0.05111927477971852,
            0.22220156587648637
        ],
        [
            0.004330641414663784,
            0.01602559180544212,
            0.11486721769243727,
            0.010888859194495807,
            0.7378344912496048,
            0.0026694249946832825,
            0.03896123330660528,
            0.06108416137191076,
            0.0006112732811339873,
            0.012727105689023232
        ],
        [
            0.02204218607313076,
            0.07066962566109368,
            0.027681610088692826,
            0.0213129524438676,
            0.03376232838193218,
            0.5524941319538805,
            0.012468885792486447,
            0.08283777034883082,
            0.04706700457173581,
            0.12966350468434895
        ],
        [
            0.1214197488810051,
            0.007963110075232878,
            0.005071293402506793,
            0.1137158903399304,
            0.02121780577233765,
            0.0073981855208531695,
            0.005029286392805046,
            0.027779824656188206,
            0.6778589562935675,
            0.012545898665573457
        ],
        [
            0.10272027216002337,
            0.25819712262335026,
            0.015864981287224304,
            0.16050582953615244,
            0.07691826577352448,
            0.011702054746632676,
            0.30712993677272826,
            0.005168280421250099,
            0.004408004839611223,
            0.05738525183950289
        ],
        [
            0.0523406113416697,
            0.05135042905282823,
            0.02593582249850171,
            0.3448804937515651,
            0.02662258355931448,
            0.023213796286955017,
            0.015603665596692998,
            0.02964669734708695,
            0.17618371613879172,
            0.25422218442659417
        ],
        [
            0.03769903698165136,
            0.27443353031885276,
            0.21284610896719883,
            0.04037902936945816,
            0.016115770302187322,
            0.006699891395742648,
            0.3465379837966167,
            0.013142011468699153,
            0.010292588297382985,
            0.04185404910220912
        ],
        [
            0.028102472428814137,
            0.5179130161593442,
            0.007978727506190641,
            0.20082931928042438,
            0.02593361707295116,
            0.0033518122997472114,
            0.18557077998449348,
            0.006516753878405039,
            0.0043764102062179705,
            0.019427091183412057
        ],
        [
            0.1543203069052602,
            0.06257185710656335,
            0.07787651601588774,
            0.3192417423559364,
            0.022762134959784436,
            0.12733750039584235,
            0.010254140080735812,
            0.013487662814412745,
            0.104623956497367,
            0.10752418286821017
        ],
        [
            0.12198553423032588,
            0.19556573908868205,
            0.05858783402199665,
            0.08998667829803601,
            0.07793230662947107,
            0.07026324868063301,
            0.01673058134078244,
            0.057377549097622715,
            0.25612897903961984,
            0.05544154957283084
        ],
        [
            0.2770747503928997,
            0.03047894743250428,
            0.009436714437330754,
            0.10217573108087427,
            0.04149400472727142,
            0.030553490504677223,
            0.012017999893081294,
            0.06156445640747668,
            0.3935242656831175,
            0.0416796394407669
        ],
        [
            0.2053662995230907,
            0.05045704950080728,
            0.0629336369980386,
            0.04661165623716879,
            0.01544389333231155,
            0.4615082372691152,
            0.010742751075655825,
            0.006658443298632696,
            0.1224299177390888,
            0.01784811502609039
        ],
        [
            0.058616847718756394,
            0.06524106637264233,
            0.053699614761508474,
            0.09548779799884315,
            0.12091396667483599,
            0.059893988089887884,
            0.015139376192615342,
            0.22620816146016892,
            0.14561771604254586,
            0.15918146468819602
        ],
        [
            0.07585019557120912,
            0.0536616339512625,
            0.050687098777635116,
            0.09461743018529516,
            0.1059125707940756,
            0.027529303140301966,
            0.012344669696154623,
            0.1296005542450692,
            0.2621905279138662,
            0.1876060157251303
        ],
        [
            0.01238834971521834,
            0.10558846310463493,
            0.004510766323114375,
            0.0016250596540572856,
            0.7548204352820397,
            0.005243906569095349,
            0.004950989781718458,
            0.007630581913637929,
            0.0012012652818436714,
            0.10204018237463953
        ],
        [
            0.017002661742962194,
            0.05066177466515907,
            0.09796393395595339,
            0.02727364859749013,
            0.09430496544128454,
            0.033900057074354416,
            0.012785044133474307,
            0.1723751978732646,
            0.05239322501838216,
            0.44133949149767565
        ],
        [
            0.12266978071413463,
            0.05091514748618515,
            0.03314800082942188,
            0.06862085752969883,
            0.09884222134002599,
            0.13516431658355152,
            0.011107012005445525,
            0.09058937316330415,
            0.35835510637142126,
            0.03058818397681063
        ],
        [
            0.03754983341555462,
            0.11765804479267117,
            0.02693025299772149,
            0.0777745505135801,
            0.137171234396358,
            0.03576230998564392,
            0.018676083480401093,
            0.14562248354092283,
            0.07510974928139136,
            0.3277454575957561
        ],
        [
            0.0019572482991770794,
            0.0048110507361815245,
            0.22811679307285246,
            0.0027270716597747767,
            0.28144207581212394,
            0.0032722146924315135,
            0.0047745454137133325,
            0.46566327085390197,
            0.002707823993749335,
            0.004527905466094073
        ],
        [
            0.022079942864522854,
            0.1900786241002011,
            0.008568234702445696,
            0.041347455176136985,
            0.12818826008960532,
            0.010061931772441713,
            0.5297689872373068,
            0.006500242590645286,
            0.0019526714478442467,
            0.06145365001884902
        ],
        [
            0.13636315120483486,
            0.022152679120563085,
            0.009344458369020443,
            0.05213449335935416,
            0.04086052640505191,
            0.027345243853508772,
            0.01542263098277966,
            0.04831849720317688,
            0.6079544581950002,
            0.040103861306710155
        ],
        [
            0.01039297964435976,
            0.8207677688035562,
            0.016567303708986816,
            0.020253286738050595,
            0.021966184100613774,
            0.002969531765649314,
            0.06777453525162502,
            0.00975102679061398,
            0.0015758396409023601,
            0.027981543555642377
        ],
        [
            0.0044050855819357864,
            0.01059607352308748,
            0.004848746311725465,
            0.005417847962372933,
            0.0961287697044382,
            0.0005020544918887467,
            0.009809705437321447,
            0.8655657045719779,
            0.0010283634794161015,
            0.0016976489358355839
        ],
        [
            0.03939975403942371,
            0.026319865907670995,
            0.10890515115136064,
            0.06520066282851841,
            0.08650765342519033,
            0.03542425781607754,
            0.012084748592227539,
            0.05251360207436438,
            0.2268864470516531,
            0.34675785711351376
        ],
        [
            0.07875692414338291,
            0.0434164075357784,
            0.04436455052933191,
            0.014458767469105424,
            0.33564564004724334,
            0.020918457448002824,
            0.013156175239154225,
            0.34259411154639846,
            0.07124600091911336,
            0.03544296512248918
        ],
        [
            0.41661190240859985,
            0.12103602832653423,
            0.00224886403784998,
            0.30949083092976903,
            0.03797176745863031,
            0.00897753172675695,
            0.06783578621933714,
            0.006096888313382519,
            0.014879826032333381,
            0.014850574546806656
        ],
        [
            0.013796998512554217,
            0.02459985459016376,
            0.1345603716345611,
            0.02022830687564931,
            0.18746384206392597,
            0.0351451220785743,
            0.0133775926217512,
            0.5150991615408906,
            0.024127420815884534,
            0.03160132926604492
        ],
        [
            0.061376044027191004,
            0.16313306393667337,
            0.02624625184984313,
            0.029958142994007942,
            0.2054888290370862,
            0.057048867561479234,
            0.008184836964183638,
            0.07196394557950644,
            0.1829668209908347,
            0.19363319705919446
        ],
        [
            0.02311713727815317,
            0.04152183362600693,
            0.1937501385848979,
            0.09343973263902317,
            0.07992605485997802,
            0.026051115061693587,
            0.011772393175895594,
            0.4595393739659305,
            0.03412821992795806,
            0.03675400088046309
        ],
        [
            0.010245311205984488,
            0.005355695201720428,
            0.019905843986486066,
            0.9088097725120066,
            0.0054772835548678464,
            0.001498649980001674,
            0.041083542505483094,
            0.002358086838507915,
            0.0012957071015165175,
            0.003970107113425513
        ],
        [
            0.02054768502206674,
            0.01622193492272283,
            0.014006899201733347,
            0.011489678480819228,
            0.09457545912389437,
            0.0011535269241261946,
            0.011630845806583695,
            0.8109810739265884,
            0.0014898187736998494,
            0.017903077817765678
        ],
        [
            0.11962590682739405,
            0.07024727821330091,
            0.02075610510887145,
            0.12625055821286496,
            0.042991322800602916,
            0.04711708951991193,
            0.011325062782014377,
            0.08107778583125623,
            0.453664664705259,
            0.026944225998524668
        ],
        [
            0.009086623141429672,
            0.008898177760403369,
            0.14085534213813705,
            0.012849465638872093,
            0.7150556169311756,
            0.001492972044243098,
            0.02107920914410522,
            0.06732036074000929,
            0.0010316064172635289,
            0.02233062604436126
        ],
        [
            0.03964355974328518,
            0.06689784638100642,
            0.008853966155331166,
            0.04222147397727573,
            0.018952746382670332,
            0.6387268091020781,
            0.013773808146456502,
            0.028380654812814737,
            0.09746064349988885,
            0.04508849179919319
        ],
        [
            0.0038351219427488854,
            0.0276447070359789,
            0.08982779266107566,
            0.014302117082191174,
            0.15160777543145706,
            0.005420940742132985,
            0.32047258275311286,
            0.017490915740252005,
            0.00427199030543709,
            0.3651260563056133
        ],
        [
            0.09192585529655689,
            0.1312565392846923,
            0.017172823177357868,
            0.17591644202364903,
            0.06024915833899713,
            0.041591513178373826,
            0.015177994436485381,
            0.07876658683618869,
            0.2395342747024207,
            0.1484088127252784
        ],
        [
            0.01633822269294483,
            0.04176281648574253,
            0.13472605076610902,
            0.023479339700185807,
            0.6669538136673241,
            0.0019558452014520476,
            0.021493872995317836,
            0.07749012154745216,
            0.0015363318489851631,
            0.014263585094486643
        ],
        [
            0.04443844349368146,
            0.2701857104056359,
            0.06625168220367277,
            0.019827113229130937,
            0.06282781931803871,
            0.06000095931047681,
            0.018075652152164355,
            0.1182662633393171,
            0.09179759461517903,
            0.24832876193270317
        ],
        [
            0.0637087557429389,
            0.08315415893576843,
            0.013412787853023684,
            0.013924695495107817,
            0.03783671783651365,
            0.241185668803225,
            0.008398833783767008,
            0.017088733673886077,
            0.4839219541063148,
            0.03736769376945503
        ],
        [
            0.009577786279298041,
            0.06997831874478329,
            0.017626008464154113,
            0.05109764020741701,
            0.039456616017139366,
            0.004099160949775247,
            0.618056316574905,
            0.005972945935484469,
            0.005203569009218946,
            0.17893163781782426
        ],
        [
            0.09656233825615028,
            0.14174191666686226,
            0.02894902414923806,
            0.13319690443478677,
            0.028282319508129317,
            0.04201221306358934,
            0.04097714205622793,
            0.04025909698009842,
            0.3828223848937625,
            0.06519665999115486
        ],
        [
            0.005903460030788175,
            0.013055842239882102,
            0.014896715032745316,
            0.04421990373880827,
            0.023118206754787513,
            0.005067950277757343,
            0.8625978951906688,
            0.004156392680779919,
            0.0017368138722578426,
            0.025246820181525305
        ],
        [
            0.29878696232365876,
            0.03978841068995692,
            0.0028385359526219367,
            0.6238368830247193,
            0.0013344282844973976,
            0.0012278880465198612,
            0.003059832486296461,
            0.0030105832603565864,
            0.0055071996670544646,
            0.020609276264318084
        ],
        [
            0.006258498358277822,
            0.014245418368451104,
            0.0836622964315209,
            0.02467552524192789,
            0.6881106817187885,
            0.0013114455303566191,
            0.08786242405681584,
            0.03462425922875251,
            0.005372771068555657,
            0.053876679996553135
        ],
        [
            0.008522150735211212,
            0.0579952899106793,
            0.01956994630509327,
            0.0025321249589943646,
            0.02946767653604543,
            0.7959493306929044,
            0.0072856028559108955,
            0.010200546111883537,
            0.04083908437174045,
            0.027638247521537557
        ],
        [
            0.03412612147718219,
            0.08969859190961799,
            0.027984883829970494,
            0.10866854997954453,
            0.023708371357651782,
            0.5025787816486919,
            0.012758888337798924,
            0.05574979017184001,
            0.07686059449873113,
            0.06786542678897116
        ],
        [
            0.00525158206924082,
            0.012990380412867387,
            0.56662297520463,
            0.0026505917699368264,
            0.16723784465760916,
            0.04148389787986441,
            0.0031336538988384066,
            0.17101779686463628,
            0.011238148718668722,
            0.018373128523708215
        ],
        [
            0.0706763612450663,
            0.08428560010310017,
            0.054715443659293594,
            0.020595205058703082,
            0.0593550033211249,
            0.1410548526297877,
            0.010055724271576824,
            0.025024309810753518,
            0.4953840228512115,
            0.03885347704938186
        ],
        [
            0.07845649957455333,
            0.13842581164534393,
            0.022738096505815257,
            0.0988614224817135,
            0.16657730894835374,
            0.03588049253212403,
            0.01056884487143968,
            0.08289739967216118,
            0.239386280806773,
            0.1262078429617225
        ],
        [
            0.0010637399751247912,
            0.07202333304256199,
            0.02975837967693706,
            0.0009169728390340592,
            0.1223560883892937,
            0.0036781641644726875,
            0.14850938428448457,
            0.004385210102896624,
            0.00143492125473823,
            0.6158738062704565
        ],
        [
            0.4084043524520793,
            0.16336205075573948,
            0.030340591358321418,
            0.004266684508576727,
            0.1302759889945884,
            0.04904997661851738,
            0.02103332248478414,
            0.011436559735348522,
            0.01078501445654062,
            0.17104545863550402
        ],
        [
            0.05239054619641492,
            0.028660813990929245,
            0.21485599365987512,
            0.07312540142026673,
            0.1035890429407059,
            0.06016559141848295,
            0.015196326735290441,
            0.16010283524158214,
            0.22773542451237402,
            0.06417802388407873
        ],
        [
            0.008869714014360337,
            0.02227515643039393,
            0.011707371970880485,
            0.008588146184917255,
            0.10181202264147896,
            0.0013281651823962278,
            0.01159835570039139,
            0.8244162461185935,
            0.0007234788957420677,
            0.008681342860845674
        ],
        [
            0.007768448500825601,
            0.20737241091482173,
            0.025569115651502883,
            0.003456897925888396,
            0.10931271477011281,
            0.004215599351653635,
            0.13504504633810044,
            0.004426181949395671,
            0.0060952578566909315,
            0.49673832674100715
        ],
        [
            0.036967832274525075,
            0.03405306590538411,
            0.0073858985806613065,
            0.19237450346611973,
            0.08097205661425198,
            0.00938713504790807,
            0.511872268172275,
            0.0077756396639974395,
            0.00882210108882324,
            0.11038949918605422
        ],
        [
            0.32297637003632906,
            0.026434254789607686,
            0.000697916230406177,
            0.5899015265472688,
            0.0013878742883322462,
            0.0010417595957158854,
            0.0023333910722648887,
            0.0018267471031191615,
            0.01073303302512182,
            0.04266712731183464
        ],
        [
            0.34647498699297546,
            0.12037916168622298,
            0.005060533394558955,
            0.19655169997440772,
            0.06438520702272175,
            0.012157296214497368,
            0.19546381515290565,
            0.008189365622774829,
            0.007291374278344848,
            0.04404655966059063
        ],
        [
            0.0052630435868302105,
            0.10280175732067207,
            0.016565585773881474,
            0.03292771059134402,
            0.017975952211354694,
            0.00356330488877233,
            0.7440122409752806,
            0.007965376969886914,
            0.003998518432610656,
            0.06492650924936669
        ],
        [
            0.044244950917521564,
            0.047941947469789005,
            0.0429323329711682,
            0.6015109176201161,
            0.010230257511565448,
            0.02098410503435902,
            0.01112738392205327,
            0.013151229817126592,
            0.1797053141159288,
            0.028171560620372165
        ],
        [
            0.11697065406067532,
            0.044476753518289475,
            0.004422912478643646,
            0.36921330802474417,
            0.008392193956090957,
            0.020709697929876363,
            0.0063601455867483316,
